
Vowel_Layer size 128_64_32_16_7:
0.8515625,0.9620833333333333,0.9610416666666668,0.9679166666666665,0.87875,0.9705208333333334,0.8746875

Word_Layer size 128_64_32_16_7:
0.7416666666666667,0.9166666666666667,0.98125,0.8308333333333333,0.9692708333333333,0.9262499999999999,0.9438541666666667

Vowel_Layer size 64_32_16_7:
0.7420833333333333,0.8788020833333333,0.7988541666666666,0.7646354166666667,0.7196354166666665,0.6159895833333333,0.7074999999999999

Word_Layer size 64_32_16_7:
0.5867708333333332,0.70109375,0.9254166666666667,0.7364062499999999,0.9940625,0.6401041666666665,0.8358854166666666

Vowel_Layer size 32_16_7:
0.8592187499999999,0.8503125,0.5629166666666666,0.7140104166666666,0.8328125,0.893125,0.5569270833333332

Word_Layer size 32_16_7:
0.5975520833333333,0.8315104166666667,0.8964062500000001,0.5564583333333333,0.8613541666666666,0.5649479166666667,0.7683854166666667

Vowel_Layer size 16_7:
0.4802083333333334,0.47885416666666675,0.47958333333333336,0.4955208333333333,0.50625,0.48750000000000004,0.5286458333333333

Word_Layer size 16_7:
0.5,0.5,0.5,0.5,0.5,0.5,0.5
