0.025       305.21          626.20        2497.44         3443.09         4404.11  
    0.031       319.72          619.45        2498.16         3429.81         4375.43  
    0.038       320.86          629.28        2505.15         3406.49         4343.30  
    0.044       323.22          640.91        2531.42         3490.09         3890.72  
    0.050       321.20          640.59        2547.40         3019.92         3597.13  
    0.056       321.35          634.70        2541.92         2871.03         3565.23  
    0.062       322.62          626.14        2525.36         2891.41         3577.13  
    0.069       323.42          627.35        2527.27         2746.98         3582.40  
    0.075       320.05          626.35        2544.50         2814.03         3620.81  
    0.081       314.45          624.95        2578.04         2772.17         3621.94  
    0.088       309.46          627.55        2440.96         2622.20         3609.44  
    0.094       306.35          634.40        2159.02         2577.20         3607.55  
    0.100       300.75          631.50        2110.20         2567.80         3598.70  
    0.106       296.54          628.64        2213.96         2575.20         3523.16  
    0.113       298.02          646.10        2321.81         2587.19         3506.92  
    0.119       296.20          657.95        2516.80         2600.00         3754.85  
    0.125       293.71          655.33        2573.27         2773.02         3809.21  
    0.131       293.19          645.75        2568.55         2971.78         3744.70  
    0.138       293.23          643.05        2567.43         3019.33         3745.26  
    0.144       293.77          649.49        2574.95         2903.82         3769.74  
    0.150       294.26          655.90        2570.70         2998.26         3900.83  
    0.156       291.29          646.40        2568.17         3220.50         3881.62  
    0.163       287.82          637.85        2555.00         3111.57         3779.86  
    0.169       287.66          637.81        2568.32         2943.85         3759.15  
    0.175       289.17          644.95        2558.54         2680.64         3618.86  
    0.181       289.74          641.99        2575.17         2741.81         3572.36  
    0.188       290.17          639.40        2576.90         2916.72         3624.53  
    0.194       289.88          640.86        2573.97         3070.78         3801.16  
    0.200       290.02          643.76        2572.27         3212.52         3851.07  
    0.206       292.08          649.66        2568.17         3535.64         4256.60  
    0.213       294.21          655.25        2559.48         3592.17         4308.17  
    0.219       294.90          657.57        2561.38         3570.28         4235.91  
    0.225       294.97          658.07        2565.69         3660.75         4088.08  
    0.231       294.23          662.56        2566.84         3352.54         3947.79  
    0.238       295.71          670.78        2564.87         2994.52         3777.57  
    0.244       294.72          671.42        2561.16         2945.22         3784.11  
    0.250       293.71          663.29        2545.88         3127.41         3748.11  
    0.256       294.80          653.22        2569.22         3267.85         3507.77  
    0.263       297.40          646.76        2597.01         3204.82         3468.83  
    0.269       299.81          638.82        2622.89         3205.73         3482.84  
    0.275       300.69          626.57        2606.20         3325.94         4264.95  
    0.281       300.42          611.45        2599.80         3346.15         3923.22  
    0.288       301.55          609.59        2587.86         3246.03         3806.74  
    0.294       87.47          399.42        1185.51         2751.39         3355.11  
    0.300       0          326.45        635.26         2543.31         3123.44  
    0.306       0          345.60        671.82         2548.80         3078.07  
    0.312       0          352.69        682.17         2561.17         3091.99  
    0.319       0          357.36        714.41         2571.25         3100.28  
    0.325       0          348.25        700.19         2550.31         3076.83  
    0.331       0          335.95        690.36         2521.40         3094.77  
    0.338       216.17          548.00        2003.46         3011.17         4806.70  
    0.344       303.56          643.37        2529.80         3215.82         4919.24  
    