0.025       349.33          638.57        2775.28         3097.06         5276.54  
    0.031       365.88          693.03        2773.59         3203.12         5289.80  
    0.038       393.53          757.47        2822.29         3303.75         5301.55  
    0.044       409.63          800.38        2841.17         3344.81         5291.04  
    0.050       414.04          817.91        2918.98         3379.15         5234.74  
    0.056       412.54          810.18        2952.17         3353.62         5207.79  
    0.062       409.69          799.68        2954.42         3315.02         5218.72  
    0.069       407.54          799.05        2850.34         3302.52         5211.69  
    0.075       407.06          809.43        2755.89         3293.91         5174.28  
    0.081       411.38          823.23        2755.49         3294.80         5177.37  
    0.088       415.98          829.05        2738.48         3307.97         5181.08  
    0.094       417.61          829.94        2738.81         3281.08         5158.47  
    0.100       416.78          823.94        2817.08         3273.64         5136.81  
    0.106       415.25          817.38        2802.90         3286.96         5118.77  
    0.113       413.42          808.10        2761.07         3285.90         5120.24  
    0.119       411.48          807.27        2717.22         3285.63         5174.70  
    0.125       410.22          817.15        2688.46         3269.32         5203.04  
    0.131       410.73          828.24        2690.53         3238.90         5199.89  
    0.138       412.54          834.20        2688.69         3250.51         5233.88  
    0.144       411.99          837.32        2652.47         3278.01         5227.79  
    0.150       410.63          841.44        2649.82         3284.47         5206.47  
    0.156       409.94          848.02        2675.45         3273.85         5225.69  
    0.163       409.55          854.15        2678.79         3281.80         5221.01  
    0.169       409.86          855.50        2666.80         3299.69         5193.29  
    0.175       411.06          850.46        2651.58         3276.58         5143.87  
    0.181       412.71          842.25        2647.06         3220.57         5105.18  
    0.188       413.72          834.16        2653.96         3187.13         5096.58  
    0.194       413.35          830.01        2637.58         3223.16         5111.61  
    0.200       412.43          825.30        2638.38         3255.58         5130.66  
    0.206       412.09          820.74        2654.55         3249.66         5127.33  
    0.213       412.71          817.12        2662.10         3243.89         5164.89  
    0.219       413.55          813.79        2659.27         3223.85         5156.80  
    0.225       412.99          809.08        2681.03         3178.92         5143.27  
    0.231       411.94          797.17        2711.95         3152.08         5168.13  
    0.238       411.24          785.78        2734.42         3150.63         5202.82  
    0.244       411.57          773.26        2673.66         3206.51         5203.90  
    0.250       412.88          754.28        2683.95         3244.01         5366.07  
    0.256       413.73          728.54        2725.73         3259.51         5357.77  
    0.263       414.65          708.81        2741.02         3289.26         5450.50  
    0.269       415.02          683.20        2758.84         3288.93         5500.00  
    0.275       412.60          644.02        2738.75         3277.89         5500.00  
    0.281       407.91          606.83        2711.20         3243.12         5500.00  
    0.288       401.31          570.51        2708.00         3171.40         5313.96  
    0.294       392.85          557.61        2724.98         3110.85         5235.03  
    0.300       389.19          564.00        2750.36         3131.95         5260.70  
    0.306       390.77          554.11        2761.70         3165.05         5434.46  
    0.312       388.80          579.35        2724.21         3185.31         5500.00  
    0.319       381.05          654.88        2684.20         3179.01         5500.00  
    0.325       378.29          705.02        2634.50         3177.02         5350.68  
    0.331       376.73          748.45        2555.34         3187.53         5279.79  
    0.338       367.58          796.43        2539.36         3185.29         5343.69  
    