0.025       383.70          1530.18        3026.90         3429.94         4809.36  
    0.031       175.41          913.46        2256.88         3350.57         4304.02  
    0.038       0          394.90        1592.25         3287.44         3889.83  
    0.044       215.44          1021.84        2535.08         3381.50         4252.29  
    0.050       402.89          1505.52        3065.47         3414.77         4567.51  
    0.056       404.65          1489.60        2730.19         3394.48         4597.02  
    0.062       403.07          1524.09        2910.18         3377.48         4515.21  
    0.069       400.66          1538.73        3038.80         3364.13         4382.12  
    0.075       399.57          1552.90        2894.10         3433.25         4280.02  
    0.081       406.31          1561.86        3149.13         3544.16         4128.17  
    0.088       187.75          936.92        2426.90         3397.66         4067.35  
    0.094       224.96          1070.83        2249.35         3285.29         4227.03  
    0.100       417.01          1662.65        2293.24         3372.98         4386.07  
    0.106       406.61          1587.38        2141.16         3417.40         4468.70  
    0.113       399.49          1474.64        2326.58         3421.51         4487.38  
    0.119       402.85          1555.10        2123.90         3417.89         4497.12  
    0.125       394.67          1574.44        2178.50         3431.92         4602.22  
    0.131       389.17          1470.70        2452.05         3440.02         4685.16  
    0.138       405.75          1393.91        2332.61         3417.04         4587.78  
    0.144       436.83          1242.51        2008.20         3385.20         4495.58  
    0.150       206.75          767.56        1831.31         3376.17         4073.59  
    0.156       217.75          988.45        2124.33         3391.17         4308.97  
    0.163       411.83          1597.20        2087.55         3393.58         4765.43  
    0.169       192.39          1021.97        1781.01         3366.95         4422.97  
    0.175       227.15          986.33        1999.68         3371.02         4396.14  
    0.181       191.28          666.95        1265.72         2599.05         3948.61  
    0.188       0          245.09        1252.57         2737.68         3979.35  
    0.194       0          449.50        1866.65         3401.20         4494.17  
    0.200       233.28          769.56        2066.68         3393.26         4478.71  
    0.206       428.09          1029.37        2278.06         3403.14         4473.63  
    0.213       433.45          1154.43        2109.39         3398.91         4529.97  
    0.219       200.74          796.98        1767.77         3385.41         4428.99  
    0.225       212.04          958.31        2064.95         3398.44         4570.55  
    0.231       410.71          1304.70        2426.99         3419.35         4684.92  
    0.238       439.38          1174.74        2317.04         3409.79         4503.49  
    0.244       446.21          1411.97        1959.17         3395.88         4467.56  
    0.250       450.88          1414.15        1977.71         3409.75         4548.83  
    0.256       469.56          1147.88        2215.25         3432.94         4608.54  
    0.263       505.34          951.09        2224.44         3452.26         4611.21  
    0.269       528.57          681.34        2167.21         3460.90         4509.66  
    0.275       512.26          840.72        2250.98         3448.79         4478.39  
    0.281       502.13          1037.87        2335.65         3441.47         4495.07  
    0.288       231.48          453.97        1368.32         2670.36         3895.76  
    0.294       278.71          583.25        1461.18         2767.26         4028.96  
    0.300       502.67          1127.65        2278.96         3406.52         4560.41  
    0.306       486.29          1153.54        2335.03         3410.78         4518.72  
    0.312       487.01          1092.85        2297.85         3414.90         4618.23  
    0.319       481.41          1025.79        2302.91         3416.55         4694.61  
    0.325       457.61          968.34        2361.97         3417.64         4538.82  
    0.331       432.36          944.91        2376.12         3429.78         4437.28  
    0.338       418.93          950.52        2402.79         3442.46         4493.67  
    0.344       433.31          948.99        2436.43         3433.39         4676.69  
    0.350       204.34          683.32        1672.57         3388.41         4263.06  
    