0.025       319.42          754.54        2575.44         3282.66         3574.67  
    0.031       318.54          763.39        2597.71         3270.91         3587.30  
    0.038       320.72          778.68        2623.78         3332.45         3640.12  
    0.044       323.04          794.53        2663.11         3425.55         3707.14  
    0.050       322.71          800.08        2690.12         3494.00         3802.96  
    0.056       324.33          793.24        2690.38         3484.70         3828.01  
    0.062       330.30          779.92        2693.45         3462.86         3889.28  
    0.069       326.83          792.34        2749.28         3463.99         4075.22  
    0.075       325.84          798.88        2737.08         3461.97         4096.02  
    0.081       325.25          792.61        2697.30         3426.27         4042.79  
    0.088       323.23          788.67        2671.17         3417.55         3920.04  
    0.094       323.07          790.22        2661.01         3458.05         3995.60  
    0.100       325.23          783.79        2663.56         3479.25         4083.57  
    0.106       325.13          779.45        2651.39         3472.67         4095.21  
    0.113       322.71          785.24        2648.29         3446.08         4065.21  
    0.119       322.43          782.44        2700.13         3443.08         4024.91  
    0.125       323.17          775.99        2745.88         3473.56         4119.06  
    0.131       319.95          771.02        2727.28         3485.26         4136.31  
    0.138       314.66          765.60        2685.20         3502.35         3934.94  
    0.144       312.66          764.39        2654.96         3479.99         3915.08  
    0.150       312.14          761.53        2649.43         3482.17         4101.96  
    0.156       312.15          747.65        2661.83         3506.65         4131.02  
    0.163       307.09          744.51        2702.66         3513.38         3993.56  
    0.169       302.74          735.33        2725.24         3500.60         3959.18  
    0.175       298.96          726.26        2672.96         3507.00         4032.06  
    0.181       294.80          711.80        2624.48         3530.00         4077.37  
    