0.025       357.76          485.11        2707.14         3723.14         5000.13  
    0.031       359.26          471.26        2729.89         3753.92         5018.46  
    0.038       358.78          455.99        2759.07         3725.40         5045.76  
    0.044       366.61          423.68        2766.89         3747.82         5060.32  
    0.050       358.49          378.64        2765.26         3967.86         5068.21  
    0.056       358.93          432.77        2772.96         3975.31         5034.28  
    0.062       349.30          497.44        2773.11         3860.84         5048.70  
    0.069       349.88          501.57        2767.93         3771.06         5064.43  
    0.075       363.02          452.76        2787.75         3724.48         5060.28  
    0.081       362.98          464.54        2787.25         3728.17         5055.71  
    0.088       365.03          478.59        2798.09         3792.88         5060.19  
    0.094       364.20          465.02        2790.71         3719.78         5111.24  
    0.100       362.35          460.40        2772.53         3635.48         5126.89  
    0.106       366.28          462.17        2784.60         3729.24         5117.94  
    0.113       373.41          453.71        2807.73         3789.67         5126.98  
    0.119       366.51          484.38        2805.45         3853.02         5174.04  
    0.125       375.25          477.64        2817.74         3789.08         5133.57  
    0.131       377.26          474.08        2848.04         3749.14         5099.88  
    0.138       383.21          480.70        2880.38         3885.14         5102.89  
    0.144       383.81          490.00        2906.09         4014.03         5089.04  
    0.150       374.07          516.46        2934.10         3902.69         5146.06  
    0.156       369.87          514.38        2976.63         3723.70         5167.23  
    0.163       372.43          505.19        2946.63         3502.93         5168.47  
    0.169       375.78          482.15        2861.73         3516.25         5181.40  
    0.175       386.95          437.56        2829.04         3640.04         5169.45  
    0.181       380.57          446.05        2806.92         3646.84         5090.48  
    0.188       360.66          453.90        2706.16         3474.60         5214.89  
    0.194       327.78          474.10        2642.67         3413.89         5310.79  
    0.200       302.24          518.98        2639.62         3383.09         5229.33  
    0.206       291.87          556.08        2662.13         3409.58         5252.79  
    0.213       297.26          574.01        2681.82         3348.74         5359.57  
    0.219       320.56          581.79        2659.39         3348.58         5371.20  
    0.225       333.60          586.85        2590.94         3365.55         5338.22  
    0.231       313.37          599.52        2555.56         3420.38         5302.95  
    0.238       292.91          602.48        2546.53         3402.69         5300.61  
    0.244       297.75          591.93        2514.59         3340.54         5287.42  
    0.250       304.76          615.82        2493.07         3444.35         5280.13  
    0.256       305.09          647.07        2505.35         3544.18         5278.74  
    0.263       285.91          671.88        2526.25         3546.39         5260.84  
    0.269       257.13          686.56        2499.47         3560.36         5239.25  
    0.275       239.05          696.67        2475.51         3516.14         5259.02  
    