0.025       344.74          724.22        2688.98         3733.06         4262.91  
    0.031       350.58          727.03        2738.86         3770.67         4281.11  
    0.038       357.44          737.14        2729.25         3726.36         4253.59  
    0.044       363.41          744.99        2671.14         3690.42         4266.53  
    0.050       366.02          747.73        2675.06         3652.72         4294.26  
    0.056       366.15          749.52        2698.32         3638.41         4297.60  
    0.062       364.87          751.14        2676.66         3637.63         4302.38  
    0.069       364.55          752.10        2667.09         3634.76         4292.54  
    0.075       364.73          751.09        2666.05         3688.25         4327.92  
    0.081       363.65          744.52        2732.56         3724.67         4462.94  
    0.088       361.67          741.68        2735.34         3775.40         4533.82  
    0.094       362.38          734.03        2626.89         3694.18         4372.10  
    0.100       364.02          711.27        2577.15         3671.91         4275.03  
    0.106       362.83          706.23        2667.59         3666.74         4280.93  
    0.113       360.64          720.43        2655.63         3655.72         4255.94  
    0.119       359.12          719.73        2624.11         3697.23         4225.85  
    0.125       356.62          719.22        2713.38         3716.06         4316.62  
    0.131       354.59          715.06        2729.58         3686.98         4444.68  
    0.138       352.06          715.82        2683.87         3685.84         4401.24  
    0.144       349.27          717.80        2650.58         3667.52         4284.39  
    0.150       347.11          716.23        2612.41         3622.47         4179.04  
    0.156       347.16          714.48        2579.73         3654.10         4203.18  
    0.163       348.09          712.05        2542.36         3658.50         4199.46  
    0.169       347.64          703.80        2586.37         3630.41         4216.57  
    0.175       346.56          696.54        2638.43         3608.95         4202.60  
    0.181       343.56          693.50        2632.41         3627.65         4251.87  
    0.188       337.97          682.45        2620.24         3687.70         4308.38  
    0.194       330.96          671.09        2634.73         3721.89         4292.34  
    0.200       326.18          665.07        2655.06         3730.53         4380.22  
    0.206       325.73          660.59        2658.66         3686.37         4478.89  
    0.213       328.65          670.29        2719.02         3705.22         4418.45  
    0.219       329.57          671.82        2554.93         3710.68         4247.01  
    0.225       326.62          658.12        2496.91         3690.92         4055.04  
    0.231       336.43          630.83        2535.08         3723.76         4095.56  
    0.238       344.85          626.68        2555.75         3784.51         4126.57  
    