0.025       349.71          645.65        2483.84         4360.31         4525.45  
    0.031       341.26          664.97        2470.00         4383.42         4521.87  
    0.038       340.43          710.46        2479.00         4218.87         4519.20  
    0.044       343.02          717.17        2568.26         4155.28         4509.12  
    0.050       344.44          705.70        2519.14         3910.28         4544.75  
    0.056       346.32          705.88        2453.31         3704.22         4538.74  
    0.062       350.44          724.04        2437.91         3661.90         4538.95  
    0.069       352.54          741.58        2445.12         3675.43         4550.30  
    0.075       351.46          749.46        2441.60         3688.57         4538.69  
    0.081       348.75          753.73        2444.55         3677.74         4570.72  
    0.088       347.21          756.87        2453.81         3674.11         4613.05  
    0.094       346.31          760.90        2459.99         3667.13         4654.67  
    0.100       341.38          767.18        2457.51         3647.13         4617.11  
    0.106       336.09          771.29        2459.62         3642.26         4560.37  
    0.113       333.09          773.43        2466.56         3647.16         4560.39  
    0.119       332.21          774.67        2470.47         3649.59         4609.35  
    0.125       332.74          776.43        2472.63         3653.38         4626.24  
    0.131       334.66          778.90        2472.74         3658.10         4613.12  
    0.138       339.17          772.38        2477.04         3667.17         4624.61  
    0.144       341.11          779.71        2476.03         3641.87         4619.49  
    0.150       342.50          788.87        2469.06         3623.29         4620.40  
    0.156       345.46          789.90        2456.32         3614.53         4610.13  
    0.163       347.14          783.77        2444.59         3616.81         4627.22  
    0.169       341.15          774.96        2442.45         3622.23         4716.15  
    0.175       337.31          780.20        2448.55         3631.26         4809.90  
    0.181       340.00          786.94        2447.64         3644.28         4813.01  
    0.188       346.92          794.38        2443.07         3646.39         4837.22  
    0.194       348.30          791.95        2452.23         3649.09         4824.75  
    0.200       348.32          789.79        2455.56         3647.41         4794.34  
    0.206       353.89          798.03        2445.10         3642.46         4739.69  
    0.213       357.10          802.39        2449.01         3629.23         4640.91  
    0.219       359.19          802.88        2451.55         3632.43         4620.24  
    0.225       361.91          802.68        2458.84         3650.21         4738.50  
    0.231       363.90          803.08        2456.05         3643.26         4722.79  
    0.238       364.71          803.11        2443.31         3635.82         4619.94  
    0.244       366.36          803.61        2443.42         3647.35         4638.49  
    0.250       367.32          805.54        2442.25         3656.32         4671.34  
    0.256       367.99          806.02        2439.03         3674.28         4705.02  
    0.263       367.78          806.79        2441.78         3742.91         4740.39  
    0.269       368.40          809.40        2452.04         3804.18         4607.96  
    0.275       368.90          810.29        2457.50         3692.32         4525.70  
    0.281       369.56          810.74        2459.04         3649.23         4527.38  
    0.288       370.11          808.88        2466.18         3663.73         4548.01  
    