0.025       314.41          792.46        2680.86         4206.92         5500.00  
    0.031       312.52          773.48        2680.44         4285.29         5500.00  
    0.038       312.07          765.69        2636.24         4219.15         5075.29  
    0.044       312.48          759.17        2568.86         3911.09         4840.54  
    0.050       311.80          759.69        2513.19         3701.01         4738.60  
    0.056       310.11          758.49        2517.33         3548.87         4784.31  
    0.062       308.12          757.01        2500.46         3457.70         4835.81  
    0.069       307.85          752.99        2530.38         3696.86         4789.89  
    0.075       309.56          749.28        2569.24         4325.39         4716.68  
    0.081       311.48          753.59        2679.83         4439.50         4642.39  
    0.088       312.14          750.08        2741.57         4308.25         4877.28  
    0.094       312.56          750.37        2761.82         4359.85         5430.91  
    0.100       313.64          754.81        2747.11         4384.86         5500.00  
    0.106       36.71          367.40        989.27         3081.79         4449.86  
    0.113       280.01          700.91        2711.51         4107.02         5360.84  
    0.119       318.92          752.04        2883.36         4124.31         4482.08  
    0.125       319.96          745.15        2754.33         4304.91         4827.89  
    0.131       317.92          742.79        2707.33         4264.44         5428.81  
    0.138       37.17          369.72        972.24         2852.48         4391.96  
    0.144       0          321.05        735.88         2669.90         4259.96  
    0.150       283.19          686.34        2475.44         3749.75         4393.96  
    0.156       321.53          739.64        2702.57         4233.90         4697.13  
    0.163       321.94          743.55        2728.66         4225.98         4941.39  
    0.169       322.59          746.16        2647.12         4184.51         5437.84  
    0.175       321.32          740.55        2677.23         4143.82         5500.00  
    0.181       319.02          724.41        2702.18         4148.45         5500.00  
    0.188       319.50          732.88        2636.95         4185.09         5500.00  
    0.194       324.01          739.55        2610.77         4188.53         5500.00  
    0.200       325.70          728.69        2475.24         4169.39         5311.27  
    0.206       38.13          375.00        943.11         3148.49         4354.12  
    0.213       0          327.04        733.30         2986.98         4316.69  
    0.219       283.05          671.81        2346.69         4067.75         4666.42  
    0.225       320.05          717.35        2474.15         4148.59         4821.17  
    0.231       321.51          716.99        2492.18         4117.94         4857.89  
    0.238       323.06          726.62        2426.11         4112.82         4762.07  
    0.244       320.34          725.24        2380.05         4105.47         4631.34  
    0.250       317.01          720.41        2507.81         4085.93         4620.19  
    0.256       316.56          729.72        2560.63         4100.51         4857.27  
    0.263       316.04          732.29        2525.19         4142.51         4749.74  
    0.269       315.57          736.91        2473.00         4091.16         4792.94  
    0.275       316.99          747.12        2436.66         4108.58         5418.22  
    0.281       318.64          755.37        2223.42         4078.82         4808.58  
    0.288       322.80          764.55        2167.41         4026.70         4748.61  
    0.294       328.60          765.79        2309.73         4061.82         4689.85  
    0.300       331.10          754.60        2326.04         4110.76         4678.34  
    0.306       332.14          733.69        2279.74         4074.18         4793.34  
    0.312       327.95          711.37        2453.74         4001.69         5419.11  
    0.319       322.23          705.18        2404.42         3818.94         5027.07  
    0.325       307.24          686.59        2621.23         4061.39         5314.29  
    