0.025       340.03          754.55        2756.80         3782.63         4381.60  
    0.031       343.81          745.07        2726.67         3790.50         4378.94  
    0.038       348.21          746.55        2693.09         3755.98         4343.94  
    0.044       353.34          752.90        2711.91         3756.35         4315.22  
    0.050       359.32          755.46        2719.70         3751.48         4305.03  
    0.056       362.63          756.65        2678.59         3704.33         4310.64  
    0.062       363.13          753.05        2671.50         3668.50         4323.02  
    0.069       362.33          751.53        2689.63         3652.36         4317.98  
    0.075       360.31          751.33        2680.65         3643.74         4323.30  
    0.081       357.62          749.25        2669.29         3637.60         4319.87  
    0.088       356.66          746.25        2669.80         3676.16         4360.96  
    0.094       356.24          736.95        2717.27         3717.75         4493.27  
    0.100       353.43          731.67        2728.18         3750.07         4551.32  
    0.106       351.56          723.74        2650.10         3710.84         4427.62  
    0.113       353.75          699.36        2610.35         3680.87         4304.28  
    0.119       354.77          692.99        2676.20         3676.48         4292.15  
    0.125       352.03          708.05        2692.75         3661.84         4279.97  
    0.131       347.48          710.50        2665.38         3687.71         4266.31  
    0.138       345.42          708.19        2715.40         3712.29         4352.92  
    0.144       345.96          703.56        2737.44         3695.52         4457.24  
    0.150       345.80          703.47        2700.61         3698.31         4434.74  
    0.156       345.01          707.90        2673.45         3683.16         4315.99  
    0.163       345.27          707.07        2644.94         3647.61         4219.49  
    0.169       346.97          705.56        2609.41         3660.80         4212.33  
    0.175       348.93          705.76        2589.89         3667.84         4221.63  
    0.181       349.10          701.37        2623.28         3644.31         4228.08  
    0.188       348.00          696.56        2659.75         3618.00         4229.18  
    0.194       345.13          693.80        2646.74         3630.98         4266.73  
    0.200       339.72          684.84        2628.40         3675.79         4316.98  
    0.206       333.14          675.82        2638.57         3706.93         4327.81  
    0.213       328.27          670.20        2653.65         3710.28         4398.48  
    0.219       327.82          670.09        2659.51         3680.40         4487.16  
    0.225       330.85          696.46        2679.51         3675.85         4453.37  
    0.231       331.82          711.57        2579.81         3683.60         4296.47  
    0.238       330.42          696.03        2494.78         3670.36         4133.06  
    0.244       336.31          668.68        2522.80         3684.83         4127.69  
    0.250       342.03          669.13        2550.57         3747.05         4169.92  
    0.256       347.64          694.52        2554.26         3800.15         4068.94  
    0.263       352.11          706.68        2554.20         3733.17         4001.76  
    0.269       357.90          679.11        2538.61         3623.13         4048.99  
    