0.025       360.92          416.93        2709.93         3749.37         5013.21  
    0.031       363.23          396.50        2736.85         3742.18         5018.68  
    0.038       359.80          382.20        2759.90         3727.69         5052.67  
    0.044       331.38          378.16        2766.39         3774.87         5063.52  
    0.050       300.29          374.97        2766.07         3954.02         5053.71  
    0.056       327.30          367.26        2771.64         3940.98         5027.16  
    0.062       345.82          411.12        2771.67         3835.99         5052.81  
    0.069       364.53          390.73        2769.62         3762.92         5066.81  
    0.075       351.33          384.80        2786.77         3715.17         5060.35  
    0.081       370.09          380.43        2788.14         3737.40         5051.14  
    0.088       372.26          389.03        2798.20         3782.32         5069.50  
    0.094       373.21          381.57        2786.87         3693.78         5116.39  
    0.100       371.77          381.84        2771.83         3641.11         5126.04  
    0.106       370.95          392.59        2790.85         3744.26         5114.16  
    0.113       373.78          394.97        2806.26         3798.37         5138.95  
    0.119       366.91          422.37        2806.48         3848.46         5172.24  
    0.125       375.63          414.74        2821.91         3767.40         5120.56  
    0.131       377.16          418.75        2854.31         3771.75         5103.85  
    0.138       381.17          429.04        2885.40         3896.98         5098.45  
    0.144       379.50          441.13        2909.07         4022.86         5095.03  
    0.150       371.42          460.98        2946.66         3882.13         5153.19  
    0.156       368.04          461.93        2982.56         3633.95         5166.27  
    0.163       370.35          455.59        2935.87         3485.88         5170.77  
    0.169       372.75          441.25        2852.18         3522.21         5179.13  
    0.175       374.96          433.35        2830.31         3641.81         5163.02  
    0.181       366.70          450.01        2801.54         3601.73         5093.30  
    0.188       351.57          456.81        2693.20         3444.08         5291.81  
    0.194       329.89          471.03        2638.24         3385.89         5336.68  
    0.200       312.68          505.67        2644.35         3359.81         5309.48  
    0.206       305.73          536.56        2664.74         3367.04         5343.61  
    0.213       314.44          548.62        2676.81         3308.68         5472.50  
    0.219       334.20          548.80        2629.98         3321.05         5500.00  
    0.225       338.83          554.97        2558.02         3363.19         5364.02  
    0.231       314.72          567.28        2534.24         3409.81         5310.32  
    0.238       297.23          561.95        2522.81         3375.80         5299.50  
    0.244       300.02          554.59        2494.76         3333.06         5287.77  
    0.250       307.38          584.20        2482.32         3440.38         5282.52  
    