0.025       434.46          767.42        2855.70         3524.22         4636.35  
    0.031       436.75          768.64        2870.42         3521.47         4631.92  
    0.038       445.17          769.33        2888.33         3528.87         4613.79  
    0.044       449.91          764.72        2888.70         3549.04         4601.59  
    0.050       449.44          763.71        2865.88         3564.03         4603.15  
    0.056       445.59          765.06        2848.64         3551.22         4604.33  
    0.062       443.62          763.61        2844.44         3537.20         4615.23  
    0.069       440.05          762.49        2850.72         3535.35         4632.00  
    0.075       438.12          758.96        2851.84         3538.37         4640.21  
    0.081       436.83          756.58        2835.44         3536.77         4634.00  
    0.088       437.00          754.99        2852.32         3533.40         4633.10  
    