0.025       363.38          1551.92        3279.72         3385.98         4824.01  
    0.031       364.67          1588.13        3314.11         3700.92         5249.99  
    0.038       135.15          825.19        2249.82         3523.56         4505.46  
    0.044       229.41          1110.36        2716.17         3487.43         4334.64  
    0.050       367.76          1521.86        3103.31         3456.42         4563.85  
    0.056       364.62          1487.66        2786.22         3391.91         4607.49  
    0.062       364.82          1528.29        2812.18         3391.43         4552.45  
    0.069       366.66          1541.15        2939.93         3382.99         4427.17  
    0.075       364.38          1566.80        2765.75         3417.75         4324.78  
    0.081       367.16          1569.62        2925.83         3435.11         4266.96  
    0.088       371.46          1574.48        3139.46         3389.75         4232.57  
    0.094       369.77          1564.73        2901.34         3365.61         4334.68  
    0.100       370.80          1613.83        2509.10         3395.69         4444.63  
    0.106       367.28          1583.64        2378.67         3420.73         4497.41  
    0.113       366.22          1502.14        2364.19         3422.88         4499.45  
    0.119       364.89          1519.67        2247.24         3419.31         4515.73  
    0.125       357.90          1540.83        2272.96         3429.70         4609.96  
    0.131       355.48          1475.43        2458.99         3440.01         4694.79  
    0.138       360.05          1384.53        2442.16         3430.73         4610.35  
    0.144       368.34          1366.66        2271.20         3409.42         4530.83  
    0.150       379.31          1580.24        2154.92         3413.88         4645.13  
    0.156       372.17          1522.02        2322.08         3425.61         4742.82  
    0.163       362.64          1404.87        2384.01         3415.84         4747.13  
    0.169       133.52          753.22        1943.09         3398.57         4574.43  
    0.175       235.27          1053.73        2065.91         3401.87         4598.04  
    0.181       383.39          1534.58        2061.37         3413.95         4553.41  
    0.188       384.73          1319.08        1898.16         3426.04         4488.25  
    0.194       379.17          1445.27        1824.82         3418.30         4514.75  
    0.200       381.35          1365.73        2035.32         3407.67         4510.42  
    0.206       371.16          1152.73        2296.62         3409.72         4493.94  
    0.213       377.60          1159.04        2254.71         3409.10         4533.82  
    0.219       142.64          676.75        1821.20         3394.75         4552.70  
    0.225       230.58          1093.37        2133.38         3402.79         4711.23  
    0.231       372.43          1327.37        2444.99         3419.65         4728.91  
    0.238       398.46          1142.21        2363.78         3415.66         4526.65  
    0.244       415.22          1252.51        2016.50         3401.74         4470.18  
    0.250       417.83          1258.04        2018.32         3405.12         4543.20  
    0.256       423.39          1143.72        2201.41         3423.18         4601.77  
    0.263       448.94          969.22        2237.43         3440.88         4611.56  
    0.269       489.66          709.40        2186.85         3454.43         4531.26  
    0.275       479.59          845.60        2250.71         3443.65         4498.29  
    0.281       454.41          977.66        2336.78         3436.18         4506.34  
    0.288       165.94          359.47        1197.12         2567.50         3817.62  
    0.294       298.41          586.70        1566.39         2900.53         4095.47  
    0.300       451.52          1043.43        2272.07         3401.09         4563.12  
    0.306       429.53          1112.16        2334.75         3408.13         4525.39  
    0.312       426.80          1074.24        2324.92         3411.58         4598.00  
    0.319       420.89          1032.85        2332.75         3406.54         4710.69  
    0.325       406.90          979.95        2380.96         3406.89         4581.43  
    0.331       391.67          940.25        2379.46         3420.08         4454.82  
    