0.025       321.73          701.27        2420.48         3602.57         4561.50  
    0.031       317.91          690.83        2368.22         3640.82         4564.38  
    0.038       315.85          681.82        2280.11         3655.22         4534.55  
    0.044       317.40          680.55        2334.80         3541.69         4506.19  
    0.050       320.96          689.53        2430.78         3581.13         4487.02  
    0.056       326.47          706.64        2472.79         3625.33         4621.87  
    0.062       328.09          715.50        2498.74         3631.34         4691.09  
    0.069       329.09          717.79        2508.80         3624.88         4619.42  
    0.075       331.14          717.31        2505.36         3605.28         4667.70  
    0.081       335.84          708.95        2499.17         3596.68         4800.07  
    0.088       341.50          694.48        2492.90         3602.73         4861.79  
    0.094       349.26          681.13        2491.95         3594.53         4862.20  
    0.100       362.84          648.23        2488.15         3584.09         4846.17  
    0.106       378.03          592.27        2489.98         3567.80         4834.85  
    0.113       372.21          613.89        2505.29         3575.68         4866.23  
    0.119       356.47          674.92        2518.25         3588.70         4879.12  
    0.125       347.27          708.54        2524.50         3597.59         4847.12  
    0.131       345.86          705.06        2516.28         3592.67         4814.59  
    0.138       349.71          702.01        2506.95         3566.05         4804.94  
    0.144       351.54          706.88        2499.80         3542.35         4789.41  
    0.150       345.62          716.68        2496.08         3532.31         4758.47  
    0.156       342.49          726.32        2496.23         3524.39         4722.83  
    0.163       348.27          715.34        2500.36         3523.01         4716.07  
    0.169       353.19          703.70        2501.60         3528.36         4721.87  
    0.175       349.48          729.02        2504.28         3529.60         4755.07  
    0.181       348.45          738.58        2514.06         3523.01         4798.44  
    0.188       360.49          699.70        2527.08         3523.04         4800.15  
    0.194       358.16          705.06        2526.13         3509.68         4758.39  
    0.200       348.41          737.51        2512.62         3520.18         4689.48  
    0.206       349.36          737.62        2513.45         3536.78         4646.76  
    0.213       360.48          690.33        2529.62         3542.61         4648.69  
    0.219       355.59          714.57        2554.25         3528.03         4682.36  
    0.225       359.08          713.19        2558.41         3521.66         4758.14  
    0.231       352.98          734.96        2526.91         3503.15         4761.97  
    0.238       347.49          753.41        2521.93         3481.50         4708.70  
    0.244       347.22          747.74        2523.33         3470.73         4664.88  
    0.250       347.95          731.67        2515.46         3470.13         4667.73  
    0.256       352.68          694.29        2511.90         3470.07         4697.90  
    0.263       379.96          608.62        2514.15         3490.11         4700.33  
    0.269       390.09          559.98        2513.98         3548.85         4716.35  
    0.275       357.17          603.88        2509.22         3617.89         4640.73  
    0.281       334.98          642.86        2515.78         3610.62         4617.82  
    0.288       329.13          663.81        2517.67         3582.06         4633.55  
    