0.025       301.42          637.04        2499.71         3421.51         4427.44  
    0.031       307.92          631.57        2498.29         3429.14         4387.29  
    0.038       311.40          636.41        2502.18         3416.66         4358.97  
    0.044       312.50          652.63        2521.49         3486.81         4078.39  
    0.050       312.30          656.36        2541.24         3105.84         3684.94  
    0.056       311.55          652.67        2539.21         2837.21         3560.72  
    0.062       312.09          645.12        2524.07         2901.59         3576.24  
    0.069       313.49          643.57        2520.27         2802.72         3580.55  
    0.075       312.57          646.00        2535.94         2792.40         3607.40  
    0.081       308.43          643.73        2563.37         2836.86         3626.29  
    0.088       303.21          645.50        2567.53         2681.43         3613.66  
    0.094       300.42          654.94        2277.36         2576.39         3605.05  
    0.100       297.37          657.43        2156.43         2567.31         3601.79  
    0.106       293.38          652.03        2347.34         2568.13         3549.88  
    0.113       293.30          664.84        2489.14         2580.63         3472.83  
    0.119       291.87          680.53        2559.02         2642.57         3667.03  
    0.125       288.67          677.79        2575.16         2805.34         3827.97  
    0.131       288.29          668.02        2568.80         2999.34         3763.71  
    0.138       288.72          661.70        2567.76         3107.10         3734.22  
    0.144       288.99          665.63        2572.31         3051.31         3751.54  
    0.150       289.51          674.49        2572.15         3018.29         3870.79  
    0.156       288.14          669.52        2568.48         3217.91         3912.01  
    0.163       285.01          657.39        2561.81         3243.24         3806.36  
    0.169       283.97          654.05        2564.32         3094.16         3761.58  
    0.175       285.64          661.40        2579.34         3078.41         3658.13  
    0.181       286.90          663.10        2586.58         3135.76         3564.33  
    0.188       287.19          658.40        2578.07         3157.95         3595.10  
    0.194       286.58          656.78        2574.10         3182.63         3742.04  
    0.200       286.10          659.34        2572.73         3206.00         3859.67  
    0.206       287.17          665.29        2569.65         3461.97         4165.32  
    0.213       289.18          672.60        2561.42         3620.25         4311.19  
    0.219       290.26          676.74        2559.63         3551.31         4268.02  
    0.225       290.58          677.31        2564.32         3635.78         4150.15  
    0.231       290.07          679.41        2566.19         3476.48         4005.05  
    0.238       290.61          686.90        2565.68         3110.70         3829.67  
    0.244       290.54          689.28        2563.26         2922.27         3773.79  
    0.250       289.19          684.00        2545.37         3010.10         3795.11  
    0.256       288.34          674.61        2555.81         3126.95         3590.95  
    0.263       288.72          667.05        2588.01         2984.33         3492.69  
    0.269       289.05          661.93        2617.91         2845.96         3533.99  
    0.275       288.49          652.76        2612.44         2966.25         3483.76  
    0.281       287.80          640.41        2598.02         3077.02         3527.89  
    0.288       287.90          634.72        2578.00         3026.94         3687.29  
    0.294       290.67          636.02        2568.04         3085.52         4620.14  
    0.300       121.69          441.41        1444.95         2793.50         4001.38  
    0.306       0          314.38        669.24         2544.77         3093.34  
    0.312       0          320.21        676.85         2556.88         3084.41  
    0.319       0          324.07        692.31         2572.96         3105.31  
    0.325       0          324.44        699.10         2560.35         3089.42  
    0.331       0          319.41        694.15         2527.41         3076.80  
    0.338       173.11          512.72        1770.93         2927.32         4493.19  
    0.344       295.30          653.10        2531.25         3213.97         5011.19  
    0.350       295.71          651.65        2523.83         3184.34         4684.59  
    0.356       298.76          645.16        2495.53         3154.74         4690.66  
    