0.025       344.16          1125.65        2330.58         3512.81         4655.40  
    0.031       346.10          1139.43        2267.89         3536.84         4678.66  
    0.038       346.88          1156.11        2218.21         3580.17         4692.78  
    0.044       347.54          1173.38        2203.58         3629.85         4698.99  
    0.050       348.37          1165.69        2182.74         3647.23         4722.15  
    0.056       349.56          1168.64        2183.56         3646.94         4733.20  
    0.062       351.52          1222.32        2227.84         3678.23         4705.28  
    0.069       349.97          1215.87        2270.36         3647.94         4630.50  
    0.075       350.27          1205.62        2277.66         3659.11         4723.71  
    0.081       352.37          1243.45        2230.63         3648.78         4955.78  
    0.088       351.24          1335.62        2251.81         3523.11         4800.79  
    0.094       353.19          1463.95        2296.54         3464.37         4550.69  
    0.100       353.72          1511.66        2376.61         3491.89         4402.40  
    0.106       353.96          1422.72        2649.68         3542.67         4403.13  
    0.113       359.31          1400.73        2697.83         3516.16         4512.69  
    0.119       363.40          1466.54        2511.32         3478.33         4683.48  
    0.125       360.93          1378.55        2515.27         3449.88         4690.55  
    0.131       360.15          1267.92        2529.98         3457.67         4745.97  
    0.138       360.20          1199.01        2478.22         3470.06         4756.48  
    0.144       356.39          1197.76        2499.30         3460.96         4641.81  
    0.150       355.72          1180.89        2514.79         3434.40         4616.58  
    0.156       354.75          1175.48        2436.31         3418.65         4649.82  
    0.163       355.05          1248.64        2407.26         3436.28         4610.07  
    0.169       357.65          1289.37        2496.95         3475.25         4677.91  
    0.175       358.42          1260.71        2610.94         3491.19         4687.94  
    0.181       354.88          1181.41        2576.94         3413.39         4667.30  
    0.188       357.26          1160.84        2598.20         3382.95         4720.67  
    0.194       360.21          1152.88        2559.93         3384.81         4731.96  
    0.200       360.02          1194.48        2408.08         3388.02         4627.97  
    0.206       359.65          1242.71        2200.37         3354.36         4546.43  
    0.213       359.63          1226.87        2179.29         3359.03         4531.15  
    0.219       362.55          1217.49        2213.67         3387.92         4521.94  
    0.225       364.56          1207.55        2394.21         3459.19         4522.19  
    0.231       367.38          1139.65        2345.12         3453.50         4552.15  
    0.238       368.56          1105.90        2291.91         3432.41         4544.39  
    0.244       366.70          1119.04        2261.23         3422.46         4426.71  
    0.250       369.59          1133.24        2278.35         3421.54         4346.27  
    0.256       371.88          1114.66        2317.49         3430.39         4382.67  
    