0.025       316.04          765.72        2771.91         3485.43         4640.55  
    0.031       317.76          779.47        3131.72         3981.60         4642.49  
    0.038       20.83          348.01        938.49         3192.30         4667.92  
    0.044       0          315.43        785.13         2929.55         4581.79  
    0.050       295.88          747.20        2680.22         4628.88         5439.42  
    0.056       20.75          344.44        908.45         2881.87         4268.28  
    0.062       0          312.79        773.23         2783.22         4714.29  
    0.069       0          312.07        771.79         2886.91         4646.71  
    0.075       0          314.22        771.99         2802.06         4401.20  
    0.081       0          316.34        768.37         2775.96         4203.58  
    0.088       0          316.28        764.62         2868.10         4171.35  
    0.094       0          315.88        764.04         2982.87         4265.79  
    0.100       0          314.60        761.13         2984.21         4268.35  
    0.106       293.93          730.02        2724.75         4014.79         5419.27  
    0.113       315.28          759.42        2778.82         4286.96         5500.00  
    0.119       313.57          756.63        2725.09         4179.98         5500.00  
    0.125       313.72          754.08        2737.76         3786.45         5500.00  
    0.131       312.88          755.24        2789.12         4119.21         5500.00  
    0.138       312.40          755.56        2694.88         4283.54         5500.00  
    0.144       314.63          754.32        2841.45         4289.89         5500.00  
    0.150       20.63          344.65        892.02         3109.14         4388.79  
    0.156       0          318.36        754.27         3089.07         4331.01  
    0.163       0          315.37        749.21         3084.49         4348.29  
    0.169       0          314.41        748.07         2981.32         4346.51  
    0.175       0          315.25        752.41         2907.12         4317.20  
    0.181       0          319.63        759.72         2828.84         4295.84  
    0.188       0          319.58        755.01         2879.06         4267.21  
    0.194       293.54          724.23        2794.17         4190.68         5419.09  
    0.200       20.59          347.75        896.13         3071.38         4414.87  
    0.206       0          322.09        749.50         2922.67         4333.91  
    0.213       0          324.16        743.06         3000.35         4336.79  
    0.219       297.44          717.22        2863.15         4278.42         5423.79  
    0.225       325.18          745.01        2989.14         4465.61         5500.00  
    0.231       21.34          350.82        894.75         3181.79         4468.63  
    0.238       298.40          713.19        2782.07         4251.06         5427.67  
    0.244       320.23          739.44        2875.40         4339.15         5500.00  
    0.250       20.99          350.99        887.53         3084.97         4434.31  
    0.256       0          322.24        742.28         2936.50         4389.61  
    0.263       301.57          710.07        2569.35         4191.17         5427.37  
    0.269       21.15          350.99        865.85         2888.80         4361.22  
    0.275       0          327.32        745.67         2863.22         4299.07  
    0.281       0          319.29        747.97         2978.97         4350.84  
    0.288       0          321.93        743.69         3007.63         4415.24  
    0.294       0          328.37        746.17         3019.71         4406.46  
    0.300       0          329.29        741.78         2948.47         4399.42  
    0.306       0          325.30        736.24         3082.60         4407.22  
    0.312       0          325.00        738.21         3088.81         4426.12  
    0.319       0          321.79        735.93         2947.11         4412.48  
    0.325       0          321.83        747.11         2911.18         4403.52  
    0.331       0          319.48        747.47         2938.35         4403.46  
    0.338       0          319.06        738.83         2864.79         4405.30  
    0.344       0          319.29        738.55         2946.91         4405.16  
    0.350       296.50          708.21        2797.03         4311.92         5428.25  
    0.356       20.79          341.17        879.41         3023.78         4484.55  
    0.363       0          312.14        738.42         2945.10         4431.51  
    0.369       0          310.67        741.78         3006.91         4423.18  
    0.375       0          312.13        746.07         2999.59         4414.61  
    0.381       0          310.42        744.48         2972.69         4394.24  
    0.388       0          308.60        748.60         2942.18         4335.79  
    0.394       0          303.14        734.19         2951.70         4358.60  
    0.400       0          300.44        731.46         3000.61         4393.71  
    0.406       279.60          682.78        2609.02         4300.76         5427.65  
    0.413       277.36          697.15        2736.81         4333.55         5500.00  
    0.419       277.00          695.11        2774.90         4319.36         5500.00  
    