0.025       354.54          692.82        2407.37         3247.40         3526.38  
    0.031       358.22          715.62        2438.26         3264.91         3551.41  
    0.038       343.20          726.76        2451.42         3231.93         3440.00  
    0.044       345.42          719.24        2455.08         3247.16         3404.73  
    0.050       347.23          698.49        2456.49         3240.43         3492.33  
    0.056       341.63          707.05        2474.67         3253.14         3461.91  
    0.062       341.06          705.79        2492.55         3245.54         3455.63  
    0.069       343.66          702.10        2506.34         3253.51         3459.38  
    0.075       341.44          696.10        2493.32         3248.44         3469.05  
    0.081       340.86          694.04        2481.58         3238.68         3516.75  
    0.088       344.22          680.98        2505.40         3262.75         3650.78  
    0.094       350.23          650.02        2502.00         3271.06         3831.28  
    0.100       348.01          669.34        2486.66         3251.60         3889.48  
    0.106       347.28          687.95        2491.81         3259.52         3877.49  
    0.113       348.77          690.15        2482.26         3277.20         3871.28  
    0.119       343.14          678.70        2474.20         3265.56         3888.98  
    0.125       346.06          675.76        2461.92         3265.61         3798.87  
    0.131       343.26          685.83        2472.93         3260.36         3846.80  
    0.138       353.79          677.48        2462.76         3244.66         3787.21  
    0.144       349.35          674.37        2483.86         3249.28         3775.53  
    0.150       342.99          682.32        2496.51         3254.09         3801.06  
    0.156       342.38          693.16        2490.89         3266.52         3811.18  
    0.163       341.14          688.10        2493.95         3258.36         3852.25  
    0.169       338.67          689.63        2496.85         3277.67         3838.76  
    0.175       339.62          692.36        2494.32         3263.25         3784.01  
    0.181       342.04          688.88        2496.47         3252.78         3789.71  
    0.188       336.80          691.78        2528.04         3256.85         3753.13  
    0.194       337.80          697.04        2523.13         3222.78         3737.50  
    0.200       344.31          702.72        2501.50         3204.67         3738.63  
    0.206       347.97          692.73        2463.51         3206.29         3753.76  
    0.213       349.17          688.42        2452.71         3233.26         3808.81  
    0.219       349.84          690.17        2470.78         3245.14         3813.28  
    0.225       353.45          689.63        2476.19         3246.73         3783.29  
    0.231       361.00          676.95        2474.61         3248.84         3725.19  
    0.238       374.21          639.25        2484.25         3265.16         3777.45  
    0.244       338.64          573.48        2499.28         3305.41         3900.20  
    0.250       297.64          570.62        2485.12         3286.00         3924.34  
    0.256       353.07          582.24        2483.15         3268.68         3858.69  
    0.263       1.44          2.38        560.20         2563.07         3287.60  
    0.269       364.90          577.06        2556.85         3253.45         5047.78  
    0.275       362.80          604.13        2563.42         3254.10         4967.22  
    0.281       347.53          600.45        2600.88         3280.26         4881.84  
    0.288       367.17          622.56        2597.24         3293.13         5129.68  
    0.294       367.86          635.40        2564.46         3278.40         5421.11  
    0.300       365.74          636.80        2558.87         3260.46         5272.70  
    0.306       365.53          641.22        2583.55         3255.97         5087.60  
    0.312       366.40          643.96        2587.75         3254.16         4979.77  
    0.319       377.66          635.61        2588.89         3246.87         5497.87  
    0.325       1.54          376.31        656.24         2557.64         3248.51  
    0.331       365.75          657.34        2545.96         3229.81         5490.77  
    0.338       346.55          665.27        2439.61         3310.91         3474.82  
    0.344       362.36          654.15        2546.77         3380.73         4214.92  
    0.350       1.48          402.44        657.15         2885.69         3364.63  
    0.356       0          406.92        718.17         3173.97         3384.32  
    0.363       352.09          718.67        3138.27         3237.99         3498.05  
    0.369       346.04          725.19        2879.87         3253.80         3707.91  
    0.375       346.48          726.59        2704.43         3237.93         3569.24  
    0.381       345.99          713.20        2652.25         3233.24         3556.11  
    0.388       343.89          695.05        2529.38         3222.38         3511.19  
    