0.025       286.00          860.01        2393.90         3600.34         5500.00  
    0.031       305.23          833.33        2383.63         3564.68         5500.00  
    0.038       323.82          864.30        2417.15         3548.16         5219.82  
    0.044       338.95          891.35        2441.38         3555.48         4982.86  
    0.050       352.94          873.24        2436.51         3535.75         5358.82  
    0.056       354.53          875.75        2466.79         3565.74         5500.00  
    0.062       354.25          891.90        2493.01         3583.97         5500.00  
    0.069       355.33          896.79        2470.93         3596.11         5500.00  
    0.075       358.41          893.34        2440.10         3615.20         5500.00  
    0.081       359.46          882.83        2442.48         3597.02         5500.00  
    0.088       362.53          867.18        2487.52         3561.13         5500.00  
    0.094       366.65          839.89        2505.44         3547.25         5500.00  
    0.100       365.28          841.74        2510.55         3565.54         5500.00  
    0.106       367.01          858.50        2517.56         3530.79         5267.36  
    0.113       370.32          851.16        2499.57         3482.28         5095.24  
    0.119       364.09          832.97        2458.64         3462.08         5105.59  
    0.125       364.46          811.47        2451.43         3486.98         5404.93  
    0.131       362.13          808.29        2455.76         3511.99         5500.00  
    0.138       361.14          792.70        2461.31         3506.14         5500.00  
    0.144       340.58          766.23        2498.36         3490.20         5500.00  
    0.150       319.76          779.72        2552.52         3485.26         5500.00  
    0.156       317.82          791.65        2554.35         3485.85         5500.00  
    0.163       318.40          795.54        2518.38         3536.83         5500.00  
    0.169       307.03          795.18        2498.14         3569.74         5500.00  
    0.175       295.35          796.31        2496.44         3574.93         5500.00  
    0.181       295.25          796.13        2543.66         3564.37         5500.00  
    0.188       300.82          794.98        2570.53         3552.41         5500.00  
    0.194       307.14          791.95        2543.80         3513.03         5500.00  
    0.200       310.66          785.63        2515.67         3485.97         5500.00  
    0.206       310.02          777.97        2509.53         3510.55         5500.00  
    0.213       307.59          772.90        2512.79         3500.60         5500.00  
    0.219       304.54          769.92        2501.65         3474.18         5250.87  
    0.225       301.72          765.02        2482.49         3452.05         5198.83  
    0.231       301.08          759.36        2470.32         3438.16         5427.32  
    0.238       302.15          751.71        2463.12         3434.66         5365.60  
    0.244       305.88          746.40        2454.24         3435.45         5320.81  
    0.250       313.74          742.25        2449.24         3440.54         5210.37  
    0.256       326.76          729.38        2462.89         3441.81         5114.78  
    0.263       348.10          701.20        2530.46         3462.88         5340.33  
    0.269       352.34          717.03        2566.19         3495.58         5339.53  
    0.275       357.94          739.66        2548.62         3494.42         5193.51  
    0.281       364.13          747.91        2526.22         3471.79         5096.30  
    0.288       361.56          751.78        2508.63         3457.20         5044.82  
    0.294       354.29          741.60        2505.03         3477.31         4835.71  
    0.300       354.55          693.25        2536.52         3499.58         4657.04  
    0.306       353.37          655.34        2538.08         3544.60         4568.66  
    0.312       343.19          660.53        2508.82         3580.21         4506.80  
    0.319       335.96          661.48        2486.30         3586.73         4478.85  
    0.325       330.87          659.58        2481.94         3598.03         4346.31  
    0.331       324.50          667.26        2504.54         3610.48         4314.44  
    0.338       315.58          709.29        2540.95         3538.21         4315.32  
    0.344       311.89          739.31        2544.98         3541.49         4405.78  
    0.350       307.19          751.05        2546.60         3530.42         4413.62  
    0.356       300.25          750.27        2549.00         3472.13         4576.14  
    0.363       296.20          748.22        2539.83         3443.32         4463.96  
    