0.025       408.30          757.66        2146.54         2738.59         3839.97  
    0.031       393.29          764.23        2274.06         2989.82         3874.41  
    0.038       398.36          819.29        2405.64         3117.47         3809.13  
    0.044       408.96          832.45        2390.58         3148.43         3738.73  
    0.050       400.86          815.99        2367.37         3172.32         3676.79  
    0.056       404.37          821.51        2390.82         3194.29         3688.12  
    0.062       406.03          819.64        2406.31         3198.30         3738.53  
    0.069       407.28          825.06        2405.24         3201.01         3766.46  
    0.075       407.46          825.59        2405.11         3215.62         3777.82  
    0.081       416.14          810.75        2427.64         3272.08         3877.02  
    0.088       421.56          803.19        2445.56         3312.85         4031.59  
    0.094       427.74          799.72        2493.36         3320.89         4132.02  
    0.100       436.04          783.76        2565.00         3354.18         4566.70  
    0.106       440.75          799.54        2597.10         3354.55         4757.92  
    0.113       463.23          825.53        2560.75         3324.42         4750.71  
    0.119       468.38          863.09        2573.80         3325.64         4782.26  
    0.125       464.13          915.20        2557.16         3268.05         4753.97  
    0.131       462.78          898.31        2531.56         3315.63         4750.55  
    0.138       477.48          850.37        2512.78         3370.36         4725.20  
    0.144       480.78          856.77        2447.15         3365.42         4814.63  
    0.150       461.43          912.57        2395.88         3362.23         4888.54  
    0.156       457.70          934.38        2418.92         3344.43         4929.68  
    0.163       462.82          933.82        2428.70         3330.85         4770.79  
    0.169       490.42          865.01        2409.72         3381.80         4666.85  
    0.175       502.39          807.55        2368.51         3387.75         4626.35  
    0.181       478.11          851.11        2386.85         3342.60         4700.60  
    0.188       461.20          883.55        2443.34         3326.31         4775.23  
    0.194       469.26          866.51        2465.33         3391.01         4703.85  
    0.200       496.41          755.67        2503.14         3436.24         4736.13  
    0.206       511.44          663.75        2521.03         3427.38         4712.02  
    0.213       447.56          754.67        2505.10         3350.64         4665.22  
    0.219       427.84          754.34        2491.99         3314.48         4279.07  
    0.225       389.57          784.53        2451.57         3222.23         3786.97  
    0.231       384.82          775.56        2440.02         3199.91         3686.06  
    0.238       387.57          774.13        2447.42         3213.76         3736.46  
    0.244       392.83          771.27        2453.81         3239.79         3784.93  
    0.250       401.89          751.33        2463.70         3255.94         3859.02  
    0.256       401.12          747.80        2463.06         3255.22         3832.17  
    0.263       387.94          762.12        2440.66         3217.86         3747.37  
    0.269       380.22          763.35        2441.07         3212.75         3733.38  
    0.275       378.94          760.16        2447.77         3219.35         3766.74  
    0.281       380.77          758.02        2433.06         3211.80         3715.22  
    0.288       379.76          753.74        2416.22         3192.12         3674.24  
    0.294       374.37          758.13        2435.84         3190.09         3711.57  
    0.300       375.33          757.17        2425.32         3195.73         3720.47  
    0.306       374.63          757.80        2435.74         3186.04         3698.64  
    0.312       370.29          759.75        2441.14         3183.71         3679.29  
    0.319       368.51          753.57        2445.07         3200.03         3703.04  
    0.325       371.86          741.44        2462.03         3219.26         3743.09  
    0.331       372.36          738.85        2460.20         3180.88         3727.35  
    0.338       365.91          746.64        2453.20         3162.39         3738.08  
    0.344       367.91          748.61        2457.74         3139.85         3731.35  
    0.350       368.07          747.80        2465.08         3075.94         3688.07  
    0.356       365.30          743.61        2470.72         3122.85         3682.61  
    0.363       357.87          741.87        2462.95         3159.18         3699.93  
    0.369       355.35          743.00        2471.60         3154.27         3520.35  
    0.375       354.91          741.44        2407.66         3051.17         3557.89  
    0.381       353.68          737.03        2404.27         3002.55         3559.36  
    0.388       352.57          733.29        2365.77         3078.96         3586.75  
    0.394       354.45          728.18        2357.06         3134.54         3666.82  
    0.400       349.64          719.75        2365.80         3188.38         3863.19  
    0.406       343.40          708.24        2243.44         3321.72         3859.44  
    0.413       344.46          704.86        2210.13         3318.94         3784.90  
    0.419       353.51          718.18        2189.16         3309.06         3751.17  
    0.425       355.15          710.53        2352.03         3318.32         3792.47  
    0.431       356.30          691.84        2423.65         3331.22         3758.62  
    0.438       343.35          659.87        2494.75         3371.09         3727.90  
    0.444       364.11          588.58        2601.34         3557.50         5465.43  
    0.450       309.65          543.53        2590.55         3614.69         5500.00  
    0.456       6.02          226.13        560.69         2657.80         3798.00  
    0.463       0          441.37        509.74         2647.33         3862.14  
    