0.025       0          401.34        1682.85         2833.86         4264.48  
    0.031       0          386.30        1656.31         2776.14         4029.49  
    0.038       0          379.10        1621.72         2909.82         3988.10  
    0.044       0          366.91        1523.42         2955.94         4094.35  
    0.050       0          357.77        1439.14         2909.34         4068.44  
    0.056       0          353.36        1411.64         2950.69         3994.52  
    0.062       0          347.00        1403.62         2929.43         3939.51  
    0.069       0          347.46        1401.57         2915.78         3920.85  
    0.075       0          348.55        1379.42         2911.12         3918.91  
    0.081       0          340.47        1337.00         2788.35         3878.24  
    0.088       0          336.11        1319.57         2750.81         3918.41  
    0.094       0          336.77        1339.22         2769.60         3993.66  
    0.100       0          342.97        1401.41         2821.64         3971.00  
    0.106       0          338.27        1437.82         2821.48         3928.35  
    0.113       0          322.78        1414.27         2646.67         3957.63  
    0.119       0          321.25        1403.73         2550.40         3975.14  
    0.125       0          334.13        1394.27         2545.63         3936.18  
    0.131       218.95          983.40        2102.78         3365.06         4918.95  
    0.138       126.76          718.07        1756.12         3112.60         4435.28  
    0.144       0          353.78        1290.82         2694.61         3857.45  
    0.150       226.38          901.17        2069.61         3472.82         4905.93  
    0.156       360.94          1216.71        2523.53         3934.47         5500.00  
    0.163       133.09          677.02        1708.80         3028.33         4519.29  
    0.169       229.55          900.48        1954.99         3426.85         4932.22  
    0.175       132.90          686.45        1689.03         3030.90         4521.68  
    0.181       0          388.26        1313.19         2462.57         3935.92  
    0.188       0          395.58        1324.08         2557.58         3908.96  
    0.194       0          392.14        1305.35         2531.97         3878.98  
    0.200       231.59          890.97        1906.67         3244.95         4901.19  
    0.206       376.56          1220.02        2316.58         3692.56         5500.00  
    0.213       140.39          723.16        1772.25         3277.72         4454.08  
    0.219       0          406.96        1343.84         2909.81         3835.00  
    0.225       238.60          909.64        2249.25         3396.31         4886.62  
    0.231       376.86          1228.02        2793.38         3777.84         5500.00  
    0.238       138.21          705.34        1882.89         3241.83         4473.36  
    0.244       0          415.44        1411.74         2931.32         3892.34  
    0.250       0          416.02        1444.42         3162.88         4046.64  
    0.256       0          420.41        1469.63         3227.93         4425.26  
    0.263       0          470.01        1550.07         3165.04         4635.47  
    0.269       318.78          1138.79        1754.78         3260.10         4777.59  
    0.275       517.85          1369.00        2121.03         3427.32         4884.28  
    0.281       547.38          1273.92        2374.43         3758.57         5282.27  
    0.288       505.87          1216.98        2454.40         3916.85         5500.00  
    0.294       428.99          1196.20        2502.62         3975.44         5500.00  
    0.300       147.58          696.99        1642.61         3304.75         4611.17  
    0.306       0          406.59        1078.37         2874.61         4015.60  
    0.312       0          368.49        968.61         2810.44         3918.55  
    0.319       198.90          651.01        2016.62         3156.85         4676.66  
    