0.025       306.05          586.15        2817.68         3191.89         5305.02  
    0.031       334.86          665.55        2781.36         3134.20         5291.22  
    0.038       357.37          734.71        2776.16         3246.27         5293.26  
    0.044       390.97          779.18        2843.48         3331.40         5303.61  
    0.050       408.04          809.44        2849.13         3371.03         5293.79  
    0.056       412.45          820.91        2915.74         3445.21         5239.69  
    0.062       409.95          810.93        2931.33         3402.41         5224.83  
    0.069       406.57          802.70        2938.77         3368.52         5237.86  
    0.075       404.26          802.00        2866.42         3327.06         5224.79  
    0.081       404.00          811.67        2800.70         3306.83         5184.01  
    0.088       409.98          825.31        2791.29         3307.90         5197.31  
    0.094       414.55          829.54        2749.76         3324.35         5196.61  
    0.100       415.69          832.04        2771.17         3310.96         5174.98  
    0.106       414.55          827.26        2873.56         3313.32         5150.62  
    0.113       413.10          822.83        2822.20         3320.23         5123.92  
    0.119       411.48          809.40        2792.28         3304.06         5136.72  
    0.125       410.11          805.21        2740.69         3301.95         5204.75  
    0.131       410.07          811.25        2719.10         3295.31         5231.93  
    0.138       411.62          820.61        2737.92         3270.53         5212.29  
    0.144       414.25          824.47        2747.35         3287.38         5244.30  
    0.150       413.25          826.52        2713.59         3304.47         5239.47  
    0.156       412.45          829.27        2709.32         3307.89         5230.91  
    0.163       412.48          835.85        2711.05         3292.57         5254.88  
    0.169       412.29          844.42        2702.20         3304.66         5240.44  
    0.175       412.41          847.01        2686.11         3324.71         5213.34  
    0.181       413.18          841.28        2666.32         3315.57         5147.95  
    0.188       414.17          832.08        2654.31         3304.15         5106.73  
    0.194       414.52          823.01        2672.63         3283.19         5100.67  
    0.200       412.93          820.31        2672.28         3312.89         5120.72  
    0.206       411.31          815.96        2681.76         3325.38         5151.95  
    0.213       410.45          813.28        2713.51         3301.13         5135.73  
    0.219       410.90          812.16        2708.58         3281.38         5159.26  
    0.225       411.89          811.34        2692.39         3264.15         5150.36  
    0.231       411.13          807.98        2706.39         3234.40         5144.21  
    0.238       410.01          796.79        2725.63         3222.68         5172.32  
    0.244       408.99          791.75        2745.85         3240.92         5214.40  
    0.250       408.96          786.65        2709.89         3263.79         5196.90  
    0.256       409.85          777.26        2724.69         3272.69         5236.45  
    0.263       410.05          764.24        2751.94         3282.03         5250.55  
    0.269       410.86          755.33        2752.20         3306.89         5298.86  
    0.275       411.39          746.63        2770.90         3295.61         5476.01  
    0.281       408.14          732.87        2743.06         3283.90         5500.00  
    0.288       402.56          723.82        2712.14         3243.91         5328.42  
    0.294       394.76          697.26        2713.28         3170.43         5237.91  
    0.300       383.88          707.34        2732.53         3122.88         5223.94  
    0.306       380.41          735.59        2758.02         3163.65         5230.48  
    0.312       383.53          733.04        2758.50         3189.50         5466.88  
    0.319       381.46          768.34        2703.85         3205.28         5500.00  
    0.325       374.30          824.50        2678.62         3211.87         5366.27  
    0.331       375.98          857.73        2648.97         3217.57         5249.40  
    0.338       375.57          879.53        2602.01         3235.50         5209.21  
    0.344       363.84          884.23        2611.48         3223.67         5240.25  
    0.350       351.60          837.61        2657.70         3231.77         5162.07  
    