0.025       0          358.49        1621.91         2642.58         4019.78  
    0.031       0          341.47        1742.28         2582.89         3896.76  
    0.038       211.92          863.25        2208.02         3252.32         4958.60  
    0.044       102.33          567.56        1558.54         2724.24         4649.09  
    0.050       199.86          847.12        1887.19         3589.55         5089.14  
    0.056       302.01          1135.08        2240.78         4127.96         5500.00  
    0.062       305.69          1095.64        2226.72         3882.87         5500.00  
    0.069       300.87          1096.27        2277.78         3719.54         5335.36  
    0.075       301.02          1101.00        2313.59         3854.80         5148.45  
    0.081       308.51          1053.31        2286.00         3895.88         4794.30  
    0.088       321.14          1007.28        2299.92         3951.60         5222.68  
    0.094       106.09          568.93        1559.10         3036.79         4513.55  
    0.100       0          449.53        1429.67         2642.72         3961.98  
    0.106       0          521.65        1574.68         2657.26         3914.64  
    0.113       0          533.53        1695.79         2600.64         3919.23  
    0.119       0          549.59        1793.42         2660.45         3942.38  
    0.125       0          575.37        1755.90         2738.91         3956.60  
    0.131       0          599.16        1685.62         2800.70         3927.44  
    0.138       0          606.86        1889.46         2889.95         3826.45  
    0.144       0          586.79        1980.80         2855.63         3815.08  
    0.150       0          566.25        1922.80         2796.91         3858.73  
    0.156       0          576.75        1846.22         2816.38         3884.51  
    0.163       0          595.80        1850.66         2905.42         3903.90  
    0.169       0          600.87        1874.13         3007.53         4135.81  
    0.175       0          601.81        1919.51         3058.33         5091.20  
    0.181       0          196.15        1030.63         2360.91         3918.88  
    0.188       0          0        568.33         2016.39         3251.63  
    0.194       0          363.83        1413.99         2705.62         3539.76  
    0.200       0          547.45        1749.67         2496.44         3662.28  
    0.206       276.74          707.46        2090.94         3186.66         4902.51  
    0.213       391.26          818.44        2221.12         3627.30         5500.00  
    0.219       373.73          839.05        2191.23         3619.24         5169.63  
    0.225       366.96          845.54        2190.22         3664.73         5340.48  
    0.231       348.19          859.89        2154.11         3680.90         5172.61  
    0.238       329.75          882.54        2138.24         3685.33         4916.21  
    0.244       321.60          929.64        2126.81         3695.12         4877.93  
    0.250       315.97          994.63        2072.61         3694.48         4880.40  
    0.256       312.42          997.73        2021.71         3646.71         4769.71  
    0.263       305.48          933.73        2024.84         3688.25         4780.85  
    0.269       98.50          510.21        1880.17         3379.42         4199.56  
    0.275       0          303.56        1817.10         2953.31         3930.91  
    0.281       0          296.11        1819.83         2735.21         3998.46  
    0.288       0          288.24        1808.37         2730.94         4001.78  
    0.294       176.20          1046.98        1848.08         3180.95         5008.52  
    0.300       85.08          632.02        1589.72         2912.32         4523.45  
    0.306       0          254.57        1478.02         2643.45         4099.68  
    0.312       0          254.63        1508.31         2628.16         4060.48  
    0.319       0          254.65        1504.73         2577.18         4008.38  
    0.325       173.56          1077.89        2158.71         3464.58         5010.83  
    