0.025       327.78          832.89        2386.12         3565.53         5500.00  
    0.031       333.76          875.05        2402.37         3596.64         5500.00  
    0.038       345.43          886.53        2394.54         3587.53         5219.95  
    0.044       353.58          881.25        2394.22         3588.48         5387.61  
    0.050       354.28          894.13        2426.37         3601.47         5500.00  
    0.056       356.28          902.19        2423.06         3612.87         5500.00  
    0.062       358.86          896.13        2392.85         3634.50         5500.00  
    0.069       359.05          879.71        2378.33         3630.24         5500.00  
    0.075       360.97          856.26        2407.56         3604.67         5500.00  
    0.081       366.23          817.66        2428.80         3600.49         5500.00  
    0.088       364.81          804.30        2421.61         3620.04         5500.00  
    0.094       364.18          816.63        2418.28         3616.06         5354.14  
    0.100       369.08          819.25        2427.33         3574.76         5280.66  
    0.106       367.82          806.90        2428.91         3524.69         5279.58  
    0.113       367.46          792.11        2405.49         3526.01         5154.87  
    0.119       365.06          784.11        2380.98         3548.58         5386.59  
    0.125       358.94          779.88        2369.81         3553.15         5500.00  
    0.131       344.89          775.34        2374.38         3535.97         5500.00  
    0.138       329.17          778.24        2396.26         3530.91         5500.00  
    0.144       327.24          785.14        2428.73         3515.82         5500.00  
    0.150       330.80          790.76        2428.10         3540.59         5500.00  
    0.156       325.10          791.78        2409.01         3569.17         5500.00  
    0.163       312.82          792.78        2396.07         3582.34         5500.00  
    0.169       308.74          793.40        2401.32         3573.80         5500.00  
    0.175       314.10          792.31        2419.09         3558.50         5500.00  
    0.181       321.60          790.26        2423.64         3536.82         5500.00  
    0.188       325.23          785.36        2416.47         3483.46         5500.00  
    0.194       324.17          777.16        2427.47         3497.63         5500.00  
    0.200       320.33          769.80        2443.17         3504.96         5500.00  
    0.206       315.65          764.91        2462.98         3482.39         5500.00  
    0.213       311.38          761.86        2468.82         3457.42         5500.00  
    0.219       309.07          757.75        2464.20         3441.34         5500.00  
    0.225       307.90          751.02        2459.04         3427.49         5500.00  
    0.231       309.52          748.10        2448.31         3430.39         5500.00  
    0.238       314.87          747.32        2436.66         3431.09         5456.93  
    0.244       321.46          742.11        2425.72         3438.28         5208.11  
    0.250       328.31          731.73        2410.28         3445.72         5171.90  
    0.256       335.77          729.30        2417.06         3477.50         5268.04  
    0.263       342.31          732.47        2421.87         3491.99         5252.41  
    0.269       351.29          726.86        2434.11         3476.80         5173.59  
    0.275       353.42          724.55        2459.14         3454.40         5068.62  
    0.281       347.89          720.82        2463.46         3462.33         5030.94  
    0.288       346.12          697.80        2451.85         3487.92         4808.53  
    0.294       348.76          652.20        2427.66         3514.48         4611.47  
    0.300       339.66          663.31        2450.05         3565.86         4513.91  
    0.306       334.25          668.19        2463.70         3583.34         4501.14  
    0.312       331.32          664.88        2447.17         3592.79         4384.46  
    0.319       321.75          673.77        2416.34         3610.65         4338.69  
    0.325       310.10          720.39        2411.39         3563.16         4275.28  
    0.331       307.46          751.93        2422.94         3521.49         4348.14  
    