0.025       0          318.56        800.04         3130.15         4657.36  
    0.031       0          316.85        799.83         2928.81         4589.45  
    0.038       0          317.69        788.15         2828.15         4688.90  
    0.044       0          314.50        781.89         2771.21         4227.63  
    0.050       0          312.92        778.63         2790.18         4747.56  
    0.056       0          310.90        776.09         2907.78         4633.33  
    0.062       0          311.87        775.88         2806.21         4394.45  
    0.069       0          312.54        772.07         2790.64         4194.96  
    0.075       0          311.67        767.66         2888.12         4179.00  
    0.081       0          310.74        766.64         2998.69         4274.97  
    0.088       0          308.06        763.50         3002.56         4312.83  
    0.094       300.28          749.35        2826.86         4193.35         5473.37  
    0.100       307.09          759.36        2786.44         4311.12         5500.00  
    0.106       303.01          757.85        2733.21         4206.92         5500.00  
    0.113       298.22          755.00        2758.45         3792.85         5500.00  
    0.119       291.16          753.05        2798.19         4172.32         5500.00  
    0.125       6.53          300.16        797.15         2732.08         4329.20  
    0.131       0          291.32        749.90         2873.45         4299.87  
    0.138       0          300.19        749.15         3040.50         4314.84  
    0.144       0          297.27        747.78         3108.24         4335.47  
    0.150       0          289.53        745.82         3095.70         4353.09  
    0.156       0          294.09        745.35         2987.73         4349.40  
    0.163       0          292.66        745.56         2910.46         4318.12  
    0.169       0          296.74        749.56         2829.48         4297.44  
    0.175       0          297.42        747.06         2903.40         4270.33  
    0.181       0          290.50        744.50         2959.60         4300.96  
    0.188       0          296.29        744.74         2995.73         4342.52  
    0.194       0          300.54        742.78         2934.06         4337.03  
    0.200       0          299.75        740.30         3020.60         4342.63  
    0.206       287.80          731.60        2973.19         4349.36         5474.02  
    0.213       306.74          742.50        3012.17         4531.94         5500.00  
    0.219       6.89          304.26        795.07         3149.25         4425.98  
    0.225       0          290.13        737.94         2956.09         4339.85  
    0.231       0          296.30        738.28         2889.49         4344.82  
    0.238       0          299.91        743.89         3010.11         4364.16  
    0.244       0          300.41        740.33         2941.99         4394.54  
    0.250       298.14          729.15        2675.95         4253.01         5475.20  
    0.256       6.85          316.48        781.80         2849.10         4310.80  
    0.263       0          309.90        741.51         2892.59         4303.46  
    0.269       0          301.23        743.22         3001.52         4357.75  
    0.275       0          305.98        739.70         3019.57         4420.82  
    0.281       0          316.29        741.91         3022.72         4405.36  
    0.288       0          318.74        739.10         2961.38         4400.03  
    0.294       0          316.11        735.54         3097.28         4408.98  
    0.300       0          317.99        737.55         3089.16         4426.09  
    0.306       0          315.65        735.41         2942.50         4411.86  
    0.312       0          317.41        744.69         2913.05         4403.50  
    0.319       0          316.11        743.77         2942.18         4403.82  
    0.325       0          317.07        737.62         2863.43         4405.59  
    0.331       0          317.89        738.71         2960.02         4405.09  
    0.338       0          316.72        736.80         2944.58         4407.06  
    0.344       0          313.71        738.83         2927.75         4414.06  
    0.350       0          312.92        741.34         2951.16         4432.54  
    0.356       0          310.71        742.38         3007.73         4422.27  
    0.363       0          312.81        745.29         2995.98         4413.59  
    0.369       0          310.50        744.16         2971.15         4390.54  
    0.375       0          309.36        747.91         2937.97         4329.98  
    0.381       0          302.95        739.51         2956.54         4361.77  
    0.388       0          298.46        739.78         2997.81         4400.49  
    0.394       286.87          715.31        2679.39         4367.26         5475.34  
    0.400       262.86          711.60        2737.90         4325.86         5500.00  
    0.406       259.30          707.73        2780.02         4318.88         5500.00  
    