0.025       372.41          686.52        2504.76         4399.10         4592.81  
    0.031       373.28          701.82        2551.50         4390.07         4637.39  
    0.038       373.98          727.74        2639.36         4386.35         4664.17  
    0.044       374.43          739.50        2695.39         4368.20         4602.29  
    0.050       374.65          740.39        2719.92         4335.37         4556.48  
    0.056       374.29          742.29        2721.88         4311.96         4544.85  
    0.062       377.01          725.22        2697.71         4305.62         4566.76  
    0.069       378.99          701.10        2663.95         4314.59         4592.94  
    0.075       373.73          693.79        2652.67         4312.90         4572.68  
    0.081       368.14          695.65        2650.22         4281.47         4529.42  
    0.088       366.86          676.55        2662.48         4247.22         4463.64  
    0.094       370.97          645.54        2680.13         4224.56         4425.64  
    0.100       396.18          603.92        2674.92         4182.88         4406.24  
    0.106       401.26          601.72        2657.19         4171.92         4390.93  
    0.113       372.86          626.77        2656.15         4217.97         4419.86  
    0.119       340.68          640.97        2669.77         4232.29         4456.28  
    0.125       321.43          649.50        2683.06         4209.83         4481.37  
    0.131       325.05          651.06        2693.39         4198.73         4454.75  
    0.138       342.43          652.93        2703.72         4171.04         4393.20  
    0.144       349.20          658.91        2710.43         4182.43         4376.48  
    0.150       330.13          666.07        2711.53         4207.23         4385.01  
    0.156       298.45          673.61        2682.90         4231.42         4389.18  
    0.163       279.99          680.13        2648.74         4229.69         4395.37  
    0.169       281.43          681.54        2645.07         4200.78         4399.71  
    0.175       289.50          680.52        2641.04         4208.85         4411.52  
    0.181       293.51          679.35        2640.48         4201.66         4413.62  
    0.188       291.96          678.17        2650.34         4178.58         4390.20  
    0.194       293.81          674.78        2659.01         4174.53         4366.44  
    0.200       297.01          670.14        2669.19         4158.96         4362.12  
    0.206       298.77          666.16        2667.35         4179.58         4402.35  
    0.213       301.16          661.00        2657.32         4203.16         4468.90  
    0.219       300.60          654.78        2639.46         4189.62         4502.77  
    0.225       300.01          647.66        2625.26         4165.50         4494.91  
    0.231       306.11          635.47        2617.11         4120.19         4459.79  
    0.238       316.99          620.66        2603.35         4057.61         4391.71  
    0.244       325.82          605.16        2586.02         4044.48         4337.42  
    0.250       325.24          599.87        2578.52         4085.34         4312.25  
    0.256       319.49          607.07        2583.78         4126.73         4291.03  
    0.263       311.95          613.79        2600.77         4185.44         4277.68  
    0.269       306.79          610.01        2616.41         4174.21         4315.42  
    0.275       314.94          608.27        2613.45         4161.44         4318.43  
    0.281       333.65          609.04        2600.89         4215.79         4298.89  
    0.288       343.14          611.43        2584.73         4225.95         4315.94  
    0.294       332.09          622.03        2566.34         4207.33         4329.15  
    0.300       323.10          634.85        2551.23         4185.42         4276.27  
    0.306       328.90          646.12        2557.28         4189.04         4237.14  
    0.312       339.75          661.74        2570.52         4205.63         4238.31  
    0.319       339.14          682.33        2562.50         4203.78         4246.54  
    0.325       321.89          687.08        2543.90         4201.93         4282.35  
    0.331       311.30          686.90        2543.67         4190.15         4259.95  
    0.338       318.37          685.77        2543.48         4097.61         4231.52  
    0.344       319.98          674.98        2544.41         3980.79         4229.20  
    0.350       310.65          662.71        2548.48         3988.63         4227.17  
    0.356       307.17          657.22        2539.79         4127.48         4438.48  
    0.363       313.70          660.75        2523.42         4227.81         4799.47  
    0.369       316.76          659.82        2521.97         4247.27         4939.62  
    0.375       308.90          651.54        2528.29         4247.35         4865.26  
    0.381       302.11          646.12        2542.02         4249.98         4792.19  
    0.388       298.87          636.80        2549.68         4261.89         4580.48  
    0.394       294.43          623.37        2547.40         4283.98         4426.37  
    0.400       291.15          622.27        2532.75         4240.93         4530.36  
    0.406       290.49          628.67        2516.47         4152.36         4643.90  
    0.413       288.36          628.42        2509.85         4140.94         4630.74  
    0.419       285.16          626.42        2504.87         4074.96         4549.49  
    0.425       284.91          625.23        2505.48         3872.80         4475.25  
    0.431       282.91          624.11        2503.21         3673.58         4402.19  
    0.438       282.43          620.37        2491.60         3752.61         4375.27  
    0.444       284.93          618.18        2477.97         3900.87         4603.32  
    0.450       284.84          629.23        2475.58         3882.72         4830.87  
    0.456       283.94          640.62        2496.08         3834.04         4828.10  
    0.463       284.09          649.85        2504.53         3829.27         4731.51  
    0.469       283.82          654.37        2504.02         3880.63         4643.76  
    0.475       288.85          650.50        2506.31         3930.85         4624.45  
    0.481       295.60          641.58        2497.99         3941.35         4701.45  
    