0.025       369.57          1121.57        2345.75         3497.44         4648.29  
    0.031       373.89          1123.43        2302.63         3523.67         4663.89  
    0.038       376.29          1140.95        2229.92         3560.58         4683.93  
    0.044       377.47          1159.46        2194.22         3604.98         4690.62  
    0.050       381.04          1149.82        2176.10         3645.29         4710.00  
    0.056       380.13          1143.76        2161.58         3646.73         4730.79  
    0.062       383.54          1192.96        2177.16         3665.67         4715.71  
    0.069       387.45          1214.29        2221.59         3670.33         4675.65  
    0.075       383.50          1202.80        2253.99         3658.46         4665.48  
    0.081       383.07          1228.15        2198.19         3656.12         4863.44  
    0.088       385.45          1378.57        2118.58         3581.88         4896.11  
    0.094       385.43          1621.52        1989.20         3472.40         4650.52  
    0.100       384.97          1749.01        1931.51         3450.06         4392.28  
    0.106       385.77          1667.41        2406.05         3492.45         4226.76  
    0.113       389.88          1568.86        2734.53         3501.55         4306.91  
    0.119       395.24          1673.21        2334.89         3476.29         4574.96  
    0.125       396.30          1656.17        2186.19         3451.69         4672.59  
    0.131       392.07          1421.49        2408.22         3445.69         4689.17  
    0.138       390.99          1254.17        2435.62         3458.46         4779.64  
    0.144       391.21          1207.14        2439.21         3463.98         4703.31  
    0.150       390.64          1197.14        2496.41         3444.69         4601.53  
    0.156       388.40          1179.09        2437.57         3414.72         4632.46  
    0.163       387.61          1227.78        2334.34         3416.04         4600.56  
    0.169       395.29          1318.63        2354.89         3445.43         4611.92  
    0.175       399.28          1351.48        2521.71         3468.63         4683.71  
    0.181       390.81          1253.37        2578.76         3432.18         4664.46  
    0.188       388.81          1157.40        2576.03         3370.11         4682.36  
    0.194       394.50          1141.89        2584.79         3366.08         4732.34  
    0.200       398.57          1165.24        2445.91         3375.52         4667.26  
    0.206       408.28          1202.44        2182.73         3351.14         4548.48  
    0.213       409.01          1198.00        2092.72         3349.17         4515.09  
    0.219       408.62          1173.02        2140.80         3377.76         4518.61  
    0.225       420.20          1165.14        2281.43         3440.88         4565.46  
    0.231       429.59          1086.27        2362.54         3480.47         4558.86  
    0.238       430.85          1004.73        2295.53         3451.25         4546.20  
    0.244       429.67          997.95        2242.41         3428.11         4493.97  
    0.250       431.66          984.72        2234.46         3427.94         4363.44  
    0.256       431.66          974.89        2281.19         3431.71         4332.09  
    0.263       422.10          985.08        2323.77         3442.14         4437.48  
    