0.025       310.29          770.55        2680.99         4299.10         5500.00  
    0.031       309.71          764.45        2632.22         4200.49         5027.05  
    0.038       309.67          757.89        2562.12         3873.47         4812.94  
    0.044       308.86          759.01        2508.42         3679.89         4730.84  
    0.050       307.24          757.55        2518.66         3535.69         4795.56  
    0.056       305.19          756.01        2499.21         3449.00         4843.43  
    0.062       304.62          751.74        2533.67         3727.30         4781.62  
    0.069       305.65          747.79        2573.17         4393.61         4658.07  
    0.075       306.14          752.63        2691.23         4437.22         4699.91  
    0.081       305.56          747.48        2748.76         4327.38         4914.43  
    0.088       305.61          748.41        2767.07         4377.86         5483.19  
    0.094       306.45          753.23        2753.31         4387.18         5500.00  
    0.100       8.90          320.79        812.52         2962.69         4344.76  
    0.106       0          307.85        750.08         2983.92         4266.58  
    0.113       299.79          737.03        2828.13         4097.76         4344.61  
    0.119       309.08          741.66        2745.60         4324.84         5466.53  
    0.125       307.05          740.35        2710.53         4258.82         5500.00  
    0.131       8.91          322.36        798.03         2716.13         4283.44  
    0.138       0          310.77        732.76         2673.88         4263.40  
    0.144       301.53          719.86        2656.16         3808.08         4408.27  
    0.150       311.76          737.43        2705.98         4266.12         4738.89  
    0.156       312.57          741.11        2735.37         4223.00         4915.92  
    0.163       313.58          743.66        2642.17         4180.90         5483.19  
    0.169       312.49          736.88        2690.62         4140.01         5500.00  
    0.175       310.64          719.28        2703.81         4151.47         5500.00  
    0.181       311.56          730.35        2630.33         4190.51         5500.00  
    0.188       316.19          735.68        2610.94         4190.02         5500.00  
    0.194       317.38          723.09        2455.25         4169.87         5297.83  
    0.200       9.21          333.10        789.16         3061.01         4265.62  
    0.206       0          320.89        728.97         2989.30         4329.39  
    0.213       306.31          702.92        2497.01         4174.37         4696.55  
    0.219       316.04          714.90        2459.91         4142.04         4837.09  
    0.225       318.40          714.87        2488.58         4115.36         4863.60  
    0.231       320.35          725.82        2417.10         4112.69         4749.87  
    0.238       317.50          723.28        2377.47         4104.14         4618.36  
    0.244       314.68          719.09        2520.50         4084.03         4624.11  
    0.250       315.03          730.23        2566.12         4104.43         4887.17  
    0.256       314.75          732.03        2520.61         4145.43         4726.79  
    0.263       314.64          737.21        2464.76         4084.15         4792.82  
    0.269       316.59          748.11        2428.63         4110.97         5479.54  
    0.275       318.48          756.10        2199.56         4074.21         4737.63  
    0.281       323.14          765.39        2167.00         4021.58         4751.14  
    0.288       329.13          765.71        2329.72         4067.72         4685.34  
    0.294       331.25          753.16        2322.12         4114.61         4680.85  
    0.300       332.28          731.41        2278.82         4069.95         4814.57  
    