0.025       0          634.73        2259.36         3491.43         3507.84  
    0.031       0          620.20        2263.77         3459.95         3510.34  
    0.038       0          587.22        2284.47         3427.98         4155.55  
    0.044       0          560.92        2288.65         3430.01         4772.99  
    0.050       0          547.31        2250.01         3417.30         4580.19  
    0.056       0          518.31        2223.54         3380.38         4247.87  
    0.062       0          448.93        2270.79         3394.60         4277.57  
    0.069       188.72          648.56        2408.72         3437.39         4620.61  
    0.075       339.90          597.68        2454.62         3448.87         4766.05  
    0.081       152.99          393.70        2353.93         3441.58         4432.41  
    0.088       0          413.51        2285.00         3449.63         4225.32  
    0.094       0          191.20        1256.19         2863.79         3847.11  
    0.100       176.68          422.76        1462.13         2951.24         4193.84  
    0.106       321.48          857.17        2490.90         3479.01         4931.58  
    0.113       310.24          910.05        2494.27         3456.45         4932.02  
    0.119       305.61          924.67        2431.69         3443.02         4861.81  
    0.125       310.72          777.08        2387.93         3469.44         4895.76  
    0.131       161.55          575.35        2378.81         3507.85         4985.30  
    0.138       11.11          245.17        1582.81         3010.56         4243.60  
    0.144       0          0        860.99         2554.62         3546.49  
    0.150       0          0        813.39         2523.06         3563.21  
    0.156       0          0        764.02         2460.44         3577.67  
    0.163       0          0        739.23         2434.40         3589.74  
    0.169       0          0        723.20         2437.08         3590.95  
    0.175       0          0        880.43         2462.58         3589.43  
    0.181       0          0        968.82         2491.29         3603.22  
    0.188       115.60          212.98        1746.24         3149.77         4252.97  
    0.194       265.18          374.48        2462.64         3742.05         4872.93  
    0.200       143.97          164.61        1405.83         3072.30         4276.15  
    0.206       142.66          632.37        1559.62         3185.44         4451.01  
    