0.025       246.02          618.14        2642.32         3251.57         5500.00  
    0.031       240.65          613.00        2622.93         3288.89         5500.00  
    0.038       237.75          588.40        2582.19         3343.24         4797.79  
    0.044       238.60          573.74        2566.00         3332.52         4469.71  
    0.050       241.72          570.88        2564.52         3287.72         4441.38  
    0.056       246.30          572.86        2561.56         3278.31         4482.39  
    0.062       249.82          565.55        2569.26         3329.03         4257.62  
    0.069       250.99          558.21        2590.05         3315.89         4177.78  
    0.075       252.64          545.45        2594.15         3278.32         4137.59  
    0.081       257.49          534.38        2629.44         3266.38         4404.90  
    0.088       253.39          556.82        2673.82         3267.81         4742.24  
    0.094       249.14          578.30        2704.09         3282.19         4530.23  
    0.100       254.50          574.62        2807.22         3313.63         4442.15  
    0.106       259.01          570.48        2950.50         3342.18         4640.77  
    0.113       259.66          568.85        2892.31         3342.03         5396.50  
    0.119       265.62          547.55        2740.30         3313.62         5500.00  
    0.125       262.25          559.40        2725.08         3306.97         5091.21  
    0.131       255.83          583.89        2819.19         3332.18         4533.90  
    0.138       259.70          567.53        2751.22         3339.92         4559.06  
    0.144       265.16          548.55        2656.13         3339.73         4790.43  
    0.150       335.07          373.74        2599.98         3354.25         5415.37  
    0.156       292.47          363.63        2576.95         3354.65         4945.92  
    0.163       255.72          366.21        2560.86         3336.11         5421.05  
    0.169       31.37          45.68        651.83         2636.42         3606.36  
    0.175       245.87          318.44        2253.18         3221.01         5230.18  
    0.181       321.10          365.21        2513.89         3308.75         5500.00  
    0.188       303.07          534.17        2504.36         3294.03         5500.00  
    0.194       291.02          615.62        2504.67         3292.95         5500.00  
    0.200       280.66          681.41        2537.33         3296.41         5500.00  
    0.206       270.77          733.95        2632.91         3307.26         5500.00  
    0.213       267.26          756.50        2590.56         3325.67         5500.00  
    0.219       271.26          764.63        2576.22         3349.07         5500.00  
    0.225       274.55          765.51        2579.37         3342.07         5500.00  
    0.231       275.05          764.64        2593.90         3349.07         5500.00  
    0.238       274.83          761.28        2642.15         3358.86         5500.00  
    0.244       273.63          756.04        2640.58         3406.35         5500.00  
    0.250       266.31          751.72        2626.39         3453.04         5500.00  
    0.256       259.82          746.27        2611.65         3427.19         5500.00  
    0.263       261.59          739.67        2587.15         3368.63         5500.00  
    0.269       268.44          734.93        2568.07         3335.77         5500.00  
    0.275       282.41          727.85        2552.69         3352.89         5500.00  
    0.281       302.08          719.63        2555.39         3361.50         5500.00  
    0.288       321.27          714.95        2626.78         3358.24         5500.00  
    0.294       328.17          716.16        2626.70         3344.03         5500.00  
    0.300       319.17          718.13        2605.21         3374.75         5500.00  
    0.306       302.98          720.23        2643.21         3379.73         5500.00  
    0.312       301.75          663.21        2658.02         3409.62         5500.00  
    0.319       305.46          683.83        2648.37         3444.03         5500.00  
    0.325       306.06          719.61        2629.41         3470.21         5354.38  
    0.331       309.49          710.86        2587.47         3370.25         5238.04  
    0.338       320.28          685.50        2582.57         3295.74         5465.63  
    0.344       321.65          643.20        2629.94         3416.19         5500.00  
    0.350       40.11          79.52        688.25         2726.43         3647.25  
    0.356       0          352.06        2354.51         2688.21         3565.41  
    0.363       0          389.83        2420.79         2624.39         3818.38  
    