0.025       340.80          711.74        2492.10         3295.39         3696.84  
    0.031       335.94          696.45        2487.65         3296.40         3626.71  
    0.038       325.70          704.19        2492.66         3284.20         3561.66  
    0.044       323.03          705.55        2498.95         3268.23         3499.15  
    0.050       324.03          702.39        2512.13         3271.22         3487.09  
    0.056       322.81          696.89        2502.92         3266.51         3488.57  
    0.062       322.08          694.76        2488.73         3250.01         3522.90  
    0.069       323.72          689.32        2503.75         3261.07         3636.17  
    0.075       329.79          674.88        2504.92         3269.75         3810.97  
    0.081       328.55          682.31        2495.01         3255.23         3886.29  
    0.088       327.04          695.77        2500.13         3258.36         3881.15  
    0.094       327.60          701.26        2495.50         3273.28         3871.67  
    0.100       325.38          693.37        2490.86         3265.82         3882.85  
    0.106       327.53          693.16        2482.45         3263.49         3809.59  
    0.113       325.96          700.28        2490.80         3259.34         3837.13  
    0.119       332.10          701.67        2487.26         3244.84         3792.63  
    0.125       331.20          699.21        2505.71         3247.42         3773.40  
    0.131       326.15          698.10        2520.69         3252.58         3794.39  
    0.138       324.05          703.98        2520.35         3262.02         3806.27  
    0.144       323.75          701.98        2523.38         3257.28         3839.48  
    0.150       322.22          700.42        2526.90         3271.35         3834.57  
    0.156       322.25          701.34        2527.83         3262.79         3785.09  
    0.163       324.06          700.73        2530.37         3250.48         3782.83  
    0.169       320.46          699.13        2549.07         3254.71         3755.63  
    0.175       320.40          702.75        2548.93         3226.92         3737.54  
    0.181       324.61          709.07        2535.30         3204.76         3733.93  
    0.188       328.14          705.07        2503.10         3201.76         3746.42  
    0.194       329.13          699.82        2482.32         3225.48         3797.10  
    0.200       329.24          698.91        2489.44         3240.86         3811.30  
    0.206       331.18          699.74        2496.60         3244.07         3786.02  
    0.213       335.65          693.64        2496.51         3246.28         3731.72  
    0.219       344.71          672.93        2503.45         3262.19         3769.51  
    0.225       371.99          605.03        2514.55         3300.76         3886.84  
    0.231       380.07          582.23        2502.00         3289.13         3921.99  
    0.238       361.64          616.54        2495.60         3270.43         3866.67  
    0.244       208.05          527.32        2558.90         3282.16         4625.77  
    0.250       336.91          599.31        2572.03         3261.53         5005.40  
    0.256       355.60          636.12        2569.34         3255.09         4977.30  
    0.263       351.96          633.41        2598.93         3276.90         4892.54  
    0.269       347.59          653.25        2600.03         3291.34         5067.44  
    0.275       344.39          664.46        2571.07         3280.46         5233.63  
    0.281       342.51          665.87        2560.91         3263.10         5203.79  
    0.288       340.46          667.58        2580.01         3256.39         5035.20  
    0.294       340.30          668.58        2587.86         3254.36         5000.76  
    0.300       344.73          668.36        2586.67         3247.41         5417.14  
    0.306       57.29          398.65        989.14         2667.87         3613.69  
    0.312       284.95          618.22        2241.22         3119.86         5125.20  
    0.319       332.35          668.70        2483.76         3314.45         3837.49  
    0.325       339.17          664.70        2533.70         3372.00         4133.55  
    0.331       56.51          415.52        983.58         2963.82         3509.06  
    0.338       0          372.97        716.40         3126.91         3378.41  
    0.344       283.14          662.60        2719.80         3228.41         3497.13  
    0.350       336.06          723.78        2912.45         3251.24         3673.24  
    0.356       337.87          725.54        2752.53         3242.19         3591.59  
    