0.025       362.03          578.03        2670.75         4034.28         5500.00  
    0.031       103.93          424.60        1958.66         3031.38         4421.92  
    0.038       241.37          969.54        2235.50         3198.91         5065.89  
    0.044       330.51          1193.40        2403.24         3679.59         5500.00  
    0.050       321.65          1173.82        2311.85         4116.99         5500.00  
    0.056       321.11          1146.16        2254.23         4189.40         5500.00  
    0.062       334.79          1155.91        2237.32         4086.52         5500.00  
    0.069       339.38          1108.05        2232.73         3801.46         5500.00  
    0.075       331.17          1119.53        2301.56         3712.25         5292.73  
    0.081       330.93          1120.28        2321.07         3941.88         5172.05  
    0.088       342.09          1040.65        2277.39         3950.44         4875.34  
    0.094       99.36          569.21        1335.96         2831.71         4228.43  
    0.100       0          521.75        1398.75         2581.44         4015.92  
    0.106       0          607.28        1634.29         2692.14         3952.22  
    0.113       0          631.84        1715.98         2669.01         3919.38  
    0.119       0          634.77        1827.85         2680.89         3939.13  
    0.125       0          647.41        1868.46         2757.66         3958.09  
    0.131       0          663.44        1807.86         2800.53         3976.90  
    0.138       0          673.81        1803.68         2859.47         3930.41  
    0.144       0          669.86        1949.25         3011.15         3857.47  
    0.150       0          645.68        1975.95         2939.43         3851.43  
    0.156       0          629.85        1914.07         2868.91         3881.31  
    0.163       0          638.07        1866.87         2877.78         3901.86  
    0.169       0          648.55        1871.87         2972.81         3982.50  
    0.175       0          650.51        1890.44         3031.38         4235.84  
    0.181       0          657.60        1935.05         3053.11         4763.17  
    0.188       0          661.96        1975.98         3145.54         4959.25  
    0.194       0          658.01        1963.43         3230.88         4335.95  
    0.200       0          657.83        1886.37         3060.26         3913.47  
    0.206       0          675.87        2057.01         2973.14         3750.10  
    0.213       0          196.04        1119.93         2437.93         3664.04  
    0.219       125.34          508.19        1745.65         3208.56         4967.44  
    0.225       50.47          204.63        1123.99         2583.40         4187.57  
    0.231       0          0        695.79         2146.45         3683.14  
    0.238       215.94          545.69        1714.05         3245.97         4718.80  
    0.244       336.79          804.54        2125.67         3685.10         4922.09  
    0.250       356.44          913.01        2112.50         3701.36         4895.28  
    0.256       355.56          1017.18        2052.32         3677.00         4837.01  
    0.263       354.15          1027.95        2031.89         3651.27         4749.25  
    0.269       361.57          888.57        1989.20         3713.49         4887.57  
    0.275       104.66          513.48        1842.69         3315.55         4235.64  
    0.281       0          370.19        1834.60         2861.52         3966.98  
    0.288       0          394.98        1835.23         2732.05         4018.14  
    0.294       0          405.81        1839.40         2877.50         3984.13  
    0.300       248.25          1264.77        1711.83         3232.65         5058.89  
    0.306       99.96          695.34        1540.26         2875.41         4519.96  
    0.312       0          318.78        1509.08         2655.89         4112.64  
    0.319       0          305.21        1533.02         2648.45         4047.89  
    0.325       0          292.80        1517.45         2583.76         4015.17  
    0.331       0          288.97        1496.16         2533.63         4014.97  
    0.338       204.06          1101.71        2163.37         3578.41         5074.07  
    