0.025       259.53          645.67        2617.77         3242.72         4124.40  
    0.031       252.04          637.59        2571.53         3251.99         3929.06  
    0.038       247.92          619.66        2559.21         3309.38         4057.57  
    0.044       250.14          608.50        2556.03         3310.23         4200.82  
    0.050       254.30          603.72        2560.52         3272.94         4264.94  
    0.056       257.64          599.64        2559.49         3268.63         4367.61  
    0.062       260.83          583.11        2566.61         3322.52         4212.21  
    0.069       253.02          557.30        2591.40         3323.04         4203.52  
    0.075       235.23          521.05        2600.18         3286.43         4177.72  
    0.081       249.06          517.92        2630.92         3267.57         4388.03  
    0.088       253.12          548.11        2684.34         3268.21         4760.40  
    0.094       257.16          588.71        2709.52         3280.49         4560.17  
    0.100       261.34          586.04        2811.86         3314.33         4401.95  
    0.106       265.11          575.83        2972.79         3344.90         4638.34  
    0.113       264.54          586.51        2954.86         3353.93         5458.41  
    0.119       264.26          555.58        2795.25         3319.11         5500.00  
    0.125       263.89          559.83        2750.45         3307.43         5147.53  
    0.131       266.13          601.79        2877.60         3335.60         4580.91  
    0.138       269.86          596.47        2850.62         3350.46         4560.12  
    0.144       273.61          580.10        2761.25         3345.68         4804.51  
    0.150       201.17          489.33        2697.26         3359.22         5466.55  
    0.156       9.67          23.74        575.54         2703.83         3468.14  
    0.163       174.11          430.93        2528.84         3305.38         5395.35  
    0.169       8.97          22.19        541.38         2632.65         3445.39  
    0.175       336.68          371.60        2448.81         3289.57         5394.18  
    0.181       358.48          456.97        2555.89         3311.06         5500.00  
    0.188       301.82          628.93        2574.50         3298.38         5500.00  
    0.194       289.17          700.55        2663.07         3299.16         5500.00  
    0.200       282.84          738.72        2740.89         3311.36         5500.00  
    0.206       276.51          761.41        2792.92         3321.25         5500.00  
    0.213       273.07          777.65        2750.89         3334.01         5500.00  
    0.219       275.17          781.52        2658.50         3354.33         5500.00  
    0.225       276.78          779.93        2638.24         3347.35         5500.00  
    0.231       274.34          771.72        2672.59         3355.10         5500.00  
    0.238       272.54          765.77        2723.78         3364.71         5500.00  
    0.244       272.73          760.56        2687.01         3409.53         5445.48  
    0.250       263.52          754.63        2652.81         3459.87         5497.19  
    0.256       254.70          747.91        2634.36         3435.43         5500.00  
    0.263       255.33          740.60        2608.41         3378.33         5500.00  
    0.269       260.47          734.82        2587.09         3340.20         5500.00  
    0.275       280.97          730.40        2567.11         3354.34         5500.00  
    0.281       310.08          727.97        2581.87         3366.48         5500.00  
    0.288       335.85          733.56        2694.63         3362.64         5500.00  
    0.294       342.64          748.94        2703.46         3349.91         5500.00  
    0.300       334.81          751.02        2650.87         3381.55         5500.00  
    0.306       315.59          748.62        2673.15         3383.57         5500.00  
    0.312       313.18          696.03        2675.27         3406.08         5500.00  
    0.319       315.14          701.35        2660.99         3443.03         5500.00  
    0.325       314.89          731.11        2639.93         3478.62         5294.27  
    0.331       319.50          723.30        2606.47         3406.08         5187.53  
    0.338       332.53          705.04        2594.47         3345.74         5341.80  
    0.344       324.17          664.27        2647.43         3492.09         5492.65  
    0.350       341.56          616.71        2650.17         3486.69         5500.00  
    0.356       164.82          406.07        2648.90         3237.61         5500.00  
    0.363       7.62          385.04        2350.29         2662.63         3631.80  
    0.369       0          381.47        2205.22         2623.05         3747.40  
    0.375       0          18.68        107.68         462.42         2663.00  
    0.381       276.24          326.56        2489.49         3467.44         5358.28  
    0.388       14.23          366.62        2645.15         3180.30         3619.27  
    0.394       0          328.12        2613.94         2698.20         3913.99  
    0.400       0          330.77        2516.20         2672.77         3931.75  
    