0.025       372.20          620.50        2515.63         4346.54         4515.80  
    0.031       374.32          647.89        2553.00         4348.25         4531.90  
    0.038       376.28          673.51        2671.77         4356.71         4508.72  
    0.044       379.10          686.15        2715.35         4326.47         4482.45  
    0.050       380.25          677.70        2732.02         4310.76         4498.98  
    0.056       380.97          685.04        2729.86         4284.31         4482.18  
    0.062       388.32          655.15        2720.93         4256.08         4449.17  
    0.069       395.55          619.46        2678.24         4253.62         4451.33  
    0.075       391.03          612.63        2668.40         4265.19         4452.15  
    0.081       384.25          613.33        2654.36         4261.41         4456.53  
    0.088       394.83          572.84        2682.16         4230.49         4411.02  
    0.094       379.22          591.67        2708.01         4207.64         4400.97  
    0.100       392.91          611.45        2811.66         4189.55         4398.87  
    0.106       399.04          631.66        2825.21         4160.57         4356.53  
    0.113       387.13          644.10        2803.28         4202.75         4390.08  
    0.119       356.30          653.60        2750.32         4207.19         4411.41  
    0.125       339.99          659.46        2747.90         4183.25         4402.43  
    0.131       339.24          662.28        2726.86         4138.51         4316.63  
    0.138       354.84          665.57        2744.87         4120.78         4334.21  
    0.144       358.50          669.97        2766.20         4147.31         4341.50  
    0.150       334.55          673.79        2856.17         4135.81         4354.80  
    0.156       299.61          680.74        2927.30         4132.18         4365.92  
    0.163       281.95          685.30        2793.28         4150.57         4374.31  
    0.169       284.33          685.51        2798.01         4134.08         4377.75  
    0.175       290.14          683.60        2736.78         4147.50         4374.22  
    0.181       291.04          681.62        2690.89         4149.31         4371.11  
    0.188       284.60          679.72        2714.32         4131.86         4358.06  
    0.194       287.51          676.56        2742.50         4137.05         4334.25  
    0.200       293.89          674.56        2791.62         4106.09         4320.99  
    0.206       298.18          670.94        2735.08         4149.10         4312.57  
    0.213       302.25          665.13        2701.80         4188.92         4347.50  
    0.219       302.04          661.43        2648.38         4188.12         4362.44  
    0.225       300.23          656.20        2629.33         4161.26         4345.76  
    0.231       307.56          648.23        2622.31         4117.94         4363.46  
    0.238       318.43          639.17        2614.84         4051.28         4342.45  
    0.244       329.06          631.08        2596.87         4045.93         4321.76  
    0.250       333.62          626.73        2592.54         4130.27         4307.74  
    0.256       330.49          628.50        2607.10         4190.69         4298.20  
    0.263       320.27          626.11        2602.32         4207.70         4313.27  
    0.269       312.87          609.80        2626.92         4170.88         4355.30  
    0.275       322.01          593.58        2613.75         4155.59         4346.69  
    0.281       335.85          591.06        2599.85         4214.73         4303.72  
    0.288       338.10          590.21        2583.55         4222.65         4269.12  
    0.294       328.42          596.18        2564.27         4220.74         4232.38  
    0.300       324.87          601.53        2542.77         4164.91         4248.73  
    0.306       332.79          620.42        2546.10         4158.34         4233.21  
    0.312       343.69          643.21        2564.33         4198.74         4214.81  
    0.319       341.39          678.90        2554.23         4184.86         4222.31  
    0.325       319.92          681.80        2517.38         4195.26         4240.47  
    0.331       302.00          683.83        2511.28         4172.52         4225.63  
    0.338       313.83          680.63        2521.84         4116.81         4238.62  
    0.344       316.20          669.37        2536.19         4126.63         4230.96  
    0.350       299.55          656.60        2543.69         4102.13         4233.17  
    0.356       294.77          641.83        2532.94         4211.50         4277.43  
    0.363       305.54          632.17        2505.01         4228.20         4489.06  
    0.369       313.26          624.21        2519.66         4244.59         4688.58  
    0.375       301.30          608.75        2516.75         4239.72         4744.37  
    0.381       293.01          601.93        2537.17         4233.89         4689.28  
    0.388       294.28          595.18        2537.71         4229.18         4484.75  
    0.394       289.85          587.26        2545.74         4234.77         4436.06  
    0.400       287.57          585.17        2532.02         4253.06         4644.36  
    0.406       286.84          589.38        2516.90         4239.97         4633.21  
    0.413       288.56          590.74        2509.95         4253.46         4581.49  
    0.419       281.89          590.34        2504.69         4193.28         4466.87  
    0.425       285.22          593.78        2505.48         3951.06         4442.78  
    0.431       281.33          594.93        2504.51         3672.63         4379.72  
    0.438       282.75          595.47        2492.19         3844.41         4315.20  
    0.444       284.92          591.24        2477.98         4026.28         4515.47  
    0.450       285.40          605.33        2472.76         3921.04         4908.40  
    