0.025       403.48          819.97        2365.54         3186.25         3674.14  
    0.031       404.18          820.75        2379.01         3192.88         3720.06  
    0.038       404.17          821.11        2375.81         3196.49         3761.37  
    0.044       401.82          823.69        2373.36         3200.85         3767.38  
    0.050       404.30          812.06        2387.57         3232.70         3824.68  
    0.056       421.84          770.69        2398.76         3286.88         4007.69  
    0.062       424.37          773.77        2437.61         3285.74         4088.57  
    0.069       446.44          731.19        2507.05         3308.88         4433.34  
    0.075       434.61          765.08        2540.72         3299.02         4690.21  
    0.081       462.43          763.01        2523.98         3282.00         4778.99  
    0.088       470.72          792.96        2502.31         3264.21         4795.57  
    0.094       460.63          863.11        2521.01         3209.25         4782.26  
    0.100       458.95          875.66        2509.12         3225.92         4782.62  
    0.106       493.93          767.65        2497.35         3260.72         4718.21  
    0.113       516.76          724.92        2427.63         3267.67         4786.62  
    0.119       464.97          848.33        2389.32         3291.12         4861.42  
    0.125       441.53          914.26        2405.31         3292.67         4859.55  
    0.131       450.64          908.42        2420.38         3253.51         4816.13  
    0.138       483.72          825.97        2398.01         3283.56         4711.57  
    0.144       516.26          683.44        2373.34         3321.05         4616.52  
    0.150       485.53          776.48        2370.43         3318.76         4658.86  
    0.156       453.88          852.61        2420.64         3281.19         4763.00  
    0.163       466.39          826.04        2428.74         3314.60         4698.14  
    0.169       507.05          665.78        2449.64         3373.99         4691.33  
    0.175       466.79          533.28        2468.33         3377.40         4694.31  
    0.181       515.98          576.18        2471.88         3331.75         4630.84  
    0.188       450.46          691.88        2460.19         3276.40         4515.30  
    0.194       393.43          764.61        2447.57         3199.66         3816.03  
    0.200       377.19          772.22        2442.81         3160.99         3671.15  
    0.206       377.81          768.33        2443.64         3164.50         3698.22  
    0.213       382.81          766.21        2444.86         3193.37         3742.21  
    0.219       390.60          745.56        2447.85         3216.36         3819.72  
    0.225       395.79          725.68        2449.28         3225.26         3838.02  
    0.231       380.56          749.40        2436.11         3194.50         3752.59  
    0.238       369.21          758.34        2432.23         3181.46         3714.82  
    0.244       362.80          755.48        2437.53         3185.89         3737.12  
    0.250       359.06          755.01        2438.28         3187.75         3724.92  
    0.256       355.11          750.26        2416.60         3169.77         3655.31  
    0.263       346.16          754.10        2427.80         3165.29         3686.63  
    0.269       344.50          755.39        2423.24         3172.79         3710.41  
    0.275       343.55          754.23        2424.86         3169.09         3695.23  
    0.281       341.23          755.28        2433.90         3160.18         3674.48  
    0.288       338.54          753.23        2432.95         3173.46         3678.61  
    0.294       340.40          740.85        2435.92         3193.19         3724.03  
    0.300       342.75          732.50        2445.28         3165.64         3729.04  
    0.306       336.81          741.20        2441.70         3127.86         3729.44  
    0.312       335.05          744.91        2447.70         3122.61         3734.95  
    0.319       335.70          744.24        2444.06         3084.62         3704.65  
    0.325       334.11          742.13        2439.14         3073.39         3676.40  
    0.331       330.36          740.40        2425.73         3137.12         3726.40  
    0.338       327.62          739.12        2449.93         3157.63         3613.79  
    0.344       329.14          740.25        2432.21         3130.40         3548.59  
    0.350       329.07          736.30        2431.87         3067.00         3554.84  
    0.356       328.18          731.34        2400.43         3077.82         3587.66  
    0.363       329.37          725.58        2374.88         3140.52         3620.51  
    0.369       330.28          717.30        2407.50         3168.43         3844.54  
    0.375       327.28          707.54        2341.15         3323.02         3881.13  
    0.381       326.98          699.52        2284.85         3346.19         3831.08  
    0.388       338.90          715.17        2313.87         3362.37         3774.29  
    0.394       345.54          714.00        2450.58         3417.85         3813.05  
    0.400       352.88          698.48        2530.31         3475.58         3779.77  
    0.406       349.93          662.88        2545.37         3573.62         3780.03  
    