0.025       329.60          701.25        2375.67         3553.54         4555.60  
    0.031       325.62          682.28        2253.74         3627.99         4552.00  
    0.038       325.53          674.85        2135.37         3600.49         4500.02  
    0.044       325.58          673.57        2359.85         3564.38         4461.41  
    0.050       327.56          688.42        2443.31         3620.01         4397.06  
    0.056       330.36          707.75        2466.33         3625.03         4321.68  
    0.062       331.97          716.25        2473.24         3623.99         4264.53  
    0.069       334.39          719.63        2470.12         3609.69         4282.51  
    0.075       342.49          713.16        2472.78         3610.29         4523.60  
    0.081       373.65          620.26        2483.12         3611.62         4626.02  
    0.088       9.42          15.55        464.35         2514.43         3646.95  
    0.094       0          0        423.79         2487.14         3609.80  
    0.100       0          0        419.19         2483.00         3596.79  
    0.106       0          0        404.68         2474.96         3586.87  
    0.113       0          0        402.04         2474.65         3596.43  
    0.119       325.51          397.43        2431.29         3575.42         4711.40  
    0.125       313.57          418.87        2481.84         3605.38         4709.50  
    0.131       7.88          10.55        485.78         2491.39         3616.19  
    0.138       0          0        448.94         2461.94         3570.73  
    0.144       363.73          426.50        2410.62         3524.14         4681.07  
    0.150       387.08          631.24        2461.27         3537.43         4709.12  
    0.156       375.87          673.53        2463.88         3531.66         4676.72  
    0.163       398.92          611.90        2466.23         3535.60         4679.43  
    0.169       404.40          590.15        2465.84         3546.86         4671.78  
    0.175       399.00          631.43        2468.28         3543.36         4668.59  
    0.181       412.10          592.28        2470.67         3539.72         4681.49  
    0.188       439.25          465.23        2480.32         3541.14         4662.67  
    0.194       428.73          548.64        2480.64         3534.77         4633.40  
    0.200       397.57          643.70        2479.38         3553.07         4589.17  
    0.206       421.87          572.83        2477.11         3562.02         4558.05  
    0.213       450.86          492.74        2485.44         3552.69         4558.07  
    0.219       438.28          539.63        2500.48         3531.99         4574.72  
    0.225       381.91          455.96        2491.74         3520.00         4633.06  
    0.231       406.41          613.97        2485.91         3509.74         4600.29  
    0.238       388.20          679.63        2493.11         3512.47         4572.60  
    0.244       389.40          656.13        2481.03         3508.00         4562.45  
    0.250       401.46          582.55        2487.78         3517.89         4579.12  
    0.256       416.08          483.21        2491.71         3511.06         4589.10  
    0.263       354.16          432.24        2493.81         3532.48         4597.10  
    0.269       421.06          435.81        2494.43         3572.57         4601.50  
    0.275       365.88          600.64        2490.65         3612.25         4546.87  
    0.281       351.90          630.87        2495.49         3582.18         4562.95  
    