0.025       0          374.84        1629.48         3009.80         4026.38  
    0.031       0          363.55        1522.37         2951.41         4126.03  
    0.038       0          358.63        1443.57         2907.99         4067.64  
    0.044       0          355.75        1420.23         2965.83         3992.03  
    0.050       0          350.55        1412.69         2926.55         3935.27  
    0.056       0          350.26        1410.47         2924.23         3922.10  
    0.062       0          350.04        1384.69         2921.28         3922.78  
    0.069       0          339.85        1344.05         2781.85         3872.81  
    0.075       0          333.24        1326.99         2773.33         3932.41  
    0.081       0          328.91        1351.75         2782.86         4006.91  
    0.088       0          330.89        1419.28         2838.87         3972.99  
    0.094       0          323.61        1453.18         2841.61         3926.35  
    0.100       0          307.85        1423.49         2635.85         3971.29  
    0.106       0          310.15        1433.03         2591.01         3982.48  
    0.113       0          323.16        1432.39         2625.14         3944.15  
    0.119       0          330.40        1420.19         2663.22         3879.58  
    0.125       0          333.50        1394.51         2786.36         3841.91  
    0.131       0          339.72        1372.14         2840.23         3888.26  
    0.138       0          341.69        1337.88         2695.66         3934.64  
    0.144       0          347.27        1351.95         2655.83         3986.63  
    0.150       0          349.97        1371.55         2603.47         3973.26  
    0.156       0          352.08        1373.95         2484.60         3978.47  
    0.163       0          382.34        1453.05         2591.61         3975.24  
    0.169       0          400.82        1502.98         2636.28         3961.68  
    0.175       0          412.49        1497.11         2728.95         3938.73  
    0.181       0          406.29        1513.00         2723.15         3951.47  
    0.188       0          382.41        1467.38         2359.84         3862.69  
    0.194       0          398.30        1521.39         2741.89         3805.46  
    0.200       0          449.14        1543.97         3052.07         3882.99  
    0.206       0          455.17        1550.20         3075.27         3932.13  
    0.213       0          449.30        1501.51         3031.91         3967.68  
    0.219       0          466.22        1489.06         2983.77         3926.60  
    0.225       0          529.97        1537.86         2985.98         3923.04  
    0.231       0          574.23        1538.25         2978.20         3927.75  
    0.238       0          598.41        1570.95         3167.98         4049.63  
    0.244       0          617.68        1594.78         3187.71         4363.81  
    0.250       0          640.00        1629.91         3138.71         4433.14  
    0.256       0          665.11        1707.61         3231.03         4734.16  
    0.263       0          122.72        881.05         2169.79         3544.15  
    0.269       0          580.36        1609.28         2407.53         3887.47  
    0.275       0          717.97        1413.41         2487.31         3968.75  
    0.281       266.64          993.59        2243.31         3739.13         4708.56  
    0.288       310.76          1087.81        2755.37         4098.67         5071.99  
    0.294       56.29          445.13        1347.15         3082.04         4161.57  
    0.300       0          296.05        971.59         2778.12         3901.36  
    