0.025       0          0        365.78         2653.35         4167.46  
    0.031       178.59          371.70        1528.57         3411.86         4539.06  
    0.038       159.58          525.72        2479.05         3492.30         4462.42  
    0.044       0          348.22        2213.66         3137.80         4087.47  
    0.050       0          366.15        2255.46         3694.19         4189.63  
    0.056       0          187.25        1406.26         3354.39         4170.65  
    0.062       183.13          346.65        1694.39         3410.19         4495.86  
    0.069       344.34          615.23        2749.89         4002.61         4904.28  
    0.075       161.47          272.96        1522.98         3278.65         4449.32  
    0.081       224.49          244.59        1619.38         3375.02         4348.44  
    0.088       378.70          461.28        2655.58         4034.68         4680.27  
    0.094       349.19          556.36        2751.46         4041.38         4808.17  
    0.100       348.91          697.22        2902.81         4064.37         5211.67  
    0.106       160.03          351.95        1654.74         3479.51         4735.87  
    0.113       0          0        504.49         2770.26         4042.26  
    0.119       178.21          417.20        1673.93         3362.85         4445.57  
    0.125       338.20          786.92        2706.62         4009.76         4872.89  
    0.131       336.12          741.61        2681.98         3999.17         5228.66  
    0.138       157.45          504.79        2584.80         3252.52         4739.23  
    0.144       0          319.91        2308.92         3052.72         4062.47  
    0.150       168.13          826.66        2389.69         3799.00         4546.92  
    0.156       318.97          1370.98        2683.93         4112.56         5006.31  
    0.163       150.77          867.88        2432.70         3849.06         4546.27  
    0.169       0          165.12        1218.19         2898.68         4094.52  
    0.175       193.51          440.48        1716.92         3259.75         4387.36  
    0.181       172.91          692.37        2417.51         3717.73         4394.92  
    0.188       0          558.53        2081.59         3100.24         4134.03  
    0.194       179.81          674.28        2465.51         3529.90         4846.45  
    0.200       316.24          1239.34        2830.53         4128.55         5500.00  
    0.206       290.21          1633.18        2956.04         4167.80         5309.17  
    0.213       289.38          1635.16        2826.41         4099.31         4971.51  
    0.219       281.08          1617.34        2665.39         4018.74         4851.19  
    