0.025       315.71          2195.11        2869.55         3843.37         5191.94  
    0.031       312.17          2196.06        3018.90         3865.40         4439.83  
    0.038       307.25          2219.85        2826.59         3860.86         4605.71  
    0.044       301.19          2230.51        2774.42         3822.88         4618.96  
    0.050       297.35          2210.27        2885.40         3819.57         4537.14  
    0.056       295.04          2224.19        2729.54         3833.91         4675.42  
    0.062       294.90          2238.11        2634.70         3804.61         4765.40  
    0.069       295.31          2260.07        2507.37         3807.73         4647.19  
    0.075       297.29          2247.19        2549.22         3802.00         4621.51  
    0.081       297.55          2242.38        2672.71         3818.22         4651.32  
    0.088       296.03          2245.87        2850.22         3835.48         4547.87  
    0.094       293.01          2253.50        2868.60         3844.95         4541.92  
    0.100       291.16          2259.35        2693.02         3825.41         4510.45  
    0.106       290.64          2257.67        2608.72         3773.57         4557.02  
    0.113       289.62          2252.28        2651.34         3774.74         4622.28  
    0.119       289.62          2273.13        2695.07         3812.37         4706.71  
    0.125       292.53          2273.32        2750.66         3718.22         4710.92  
    0.131       292.92          2277.45        2669.79         3734.48         4621.53  
    0.138       290.85          2285.14        2678.04         3790.20         4566.71  
    0.144       289.07          2276.33        2629.72         3784.66         4567.55  
    0.150       289.70          2273.48        2663.98         3794.38         4555.38  
    0.156       289.40          2295.87        2716.44         3763.03         4566.51  
    0.163       290.55          2271.03        2577.48         3732.89         4556.89  
    0.169       291.52          2263.72        2498.30         3719.85         4575.81  
    0.175       291.11          2272.57        2500.82         3723.50         4602.88  
    0.181       289.60          2281.26        2462.65         3683.42         4683.55  
    0.188       289.11          2284.19        2526.49         3690.76         4817.64  
    0.194       290.77          2294.13        2554.94         3740.05         4751.86  
    0.200       291.96          2301.00        2495.68         3773.47         4684.82  
    0.206       294.08          2296.82        2529.88         3757.56         4754.43  
    0.213       295.87          2291.18        2507.00         3739.58         4782.26  
    0.219       295.66          2286.91        2422.29         3709.18         4747.09  
    0.225       295.70          2282.64        2432.85         3664.11         4714.56  
    0.231       297.14          2291.07        2428.60         3647.07         4680.03  
    0.238       296.97          2289.90        2464.63         3600.48         4643.98  
    0.244       295.54          2284.54        2466.89         3631.97         4697.62  
    0.250       294.83          2272.04        2453.48         3670.97         4687.92  
    0.256       292.12          2274.79        2462.43         3716.50         4788.93  
    0.263       291.73          2267.57        2480.16         3742.08         4865.27  
    0.269       293.69          2288.95        2442.95         3726.08         4812.05  
    0.275       292.19          2343.99        2356.42         3737.31         4744.68  
    0.281       290.38          2353.00        2430.08         3763.10         4746.46  
    0.288       290.15          2345.53        2526.93         3757.13         4778.03  
    0.294       289.68          2335.84        2557.72         3707.61         4889.42  
    0.300       286.89          2330.48        2550.85         3721.10         4794.60  
    0.306       287.47          2327.34        2482.32         3709.01         4734.42  
    0.312       287.24          2330.77        2417.95         3692.90         4697.92  
    0.319       285.83          2326.29        2431.29         3595.03         4715.22  
    0.325       285.84          2329.09        2481.01         3606.69         4758.75  
    0.331       285.15          2330.03        2452.72         3560.52         4792.31  
    0.338       282.55          2329.49        2339.58         3583.78         4769.91  
    0.344       281.50          2325.66        2356.83         3645.88         4814.33  
    0.350       278.03          2318.67        2491.52         3689.05         4821.88  
    0.356       278.31          2316.24        2498.58         3669.47         4762.30  
    0.363       282.45          2325.65        2457.75         3575.92         4664.38  
    0.369       281.87          2338.30        2363.04         3573.62         4687.74  
    0.375       283.01          2175.02        2353.20         3571.00         4696.34  
    