0.025       312.36          2165.00        3243.75         3721.71         4786.14  
    0.031       307.38          2176.30        3304.47         3663.79         4691.71  
    0.038       304.45          2184.53        3232.43         3712.60         4699.38  
    0.044       304.45          2193.78        3172.36         3759.45         4691.80  
    0.050       303.49          2173.48        3208.82         3744.61         4679.39  
    0.056       300.74          2166.46        3323.78         3724.58         4698.18  
    0.062       297.91          2168.03        3289.76         3747.13         4668.23  
    0.069       297.76          2170.82        3237.61         3836.42         4706.33  
    0.075       297.84          2177.27        3191.74         3825.19         4740.18  
    0.081       296.60          2193.80        3131.32         3812.90         4755.11  
    0.088       297.74          2225.87        3131.92         3811.06         4760.49  
    0.094       298.08          2243.37        3189.75         3739.37         4727.22  
    0.100       295.42          2210.98        3186.18         3678.90         4693.45  
    0.106       293.53          2211.08        3153.22         3664.56         4667.42  
    0.113       290.98          2240.53        3141.83         3682.41         4658.93  
    0.119       288.33          2228.23        3080.21         3683.87         4736.13  
    0.125       286.19          2260.36        3085.52         3659.35         4763.19  
    0.131       283.20          2273.98        3089.12         3681.35         4757.59  
    0.138       282.59          2291.97        2949.78         3724.66         4792.41  
    0.144       284.28          2316.58        2976.87         3705.14         4827.74  
    0.150       284.27          2325.21        3141.81         3661.15         4747.25  
    0.156       282.97          2320.87        3158.90         3691.28         4720.97  
    0.163       285.67          2324.20        3023.52         3698.09         4765.49  
    0.169       288.22          2312.62        3216.19         3666.24         4696.74  
    0.175       289.31          2293.27        3243.48         3712.62         4639.68  
    0.181       288.61          2283.07        3148.66         3767.09         4668.19  
    0.188       286.35          2294.56        3186.31         3743.69         4666.08  
    0.194       285.64          2294.07        3237.45         3718.03         4689.80  
    0.200       281.68          2298.20        3280.99         3780.49         4826.98  
    0.206       278.81          2300.73        3259.85         3835.02         4840.59  
    0.213       272.94          2306.03        3160.48         3850.97         4903.44  
    0.219       270.46          2318.03        3267.02         3868.56         4855.28  
    0.225       274.83          2331.00        3330.97         3948.59         4732.77  
    0.231       283.62          2339.63        3321.21         4105.63         4727.04  
    0.238       286.89          2361.05        3250.47         4426.78         5254.50  
    0.244       283.26          2379.41        3228.35         4471.06         5479.22  
    0.250       276.99          2373.95        3253.99         4462.26         4595.74  
    0.256       272.09          2375.97        3290.72         4417.42         4876.04  
    0.263       268.40          2360.43        3252.97         4397.81         5432.08  
    0.269       267.31          2360.60        3229.55         4410.81         5500.00  
    0.275       265.40          2370.09        3233.49         4345.36         4962.44  
    0.281       265.50          2375.64        3206.81         4209.22         4847.33  
    0.288       267.10          2379.20        3242.14         4337.16         4814.86  
    0.294       270.73          2380.97        3224.41         4322.29         5059.73  
    0.300       271.29          2384.71        3160.34         4276.35         5451.50  
    0.306       271.70          2385.99        3158.67         4339.03         5073.87  
    0.312       265.46          2386.09        3205.93         4383.38         4920.00  
    0.319       251.88          2397.70        3253.44         4291.72         5137.32  
    0.325       240.26          2419.70        3302.87         4303.98         5045.92  
    0.331       246.49          2420.56        3342.23         4318.21         5443.86  
    0.338       254.22          2419.04        3334.33         4395.86         5500.00  
    0.344       253.04          2422.63        3227.90         4381.70         4789.19  
    0.350       251.18          2405.09        3170.97         4308.87         4782.40  
    0.356       257.00          2386.64        3138.66         4307.77         4854.20  
    0.363       261.75          2373.85        3123.54         4336.69         4813.23  
    0.369       264.66          2369.58        3120.23         4359.65         5013.73  
    0.375       271.55          2379.23        3160.37         4479.81         4709.68  
    0.381       276.18          2388.18        3242.17         4518.57         5400.37  
    0.388       274.70          2390.58        3297.86         4505.65         5500.00  
    0.394       277.62          2397.17        3289.12         4502.61         5500.00  
    0.400       280.27          2405.04        3239.75         4493.51         5500.00  
    0.406       33.46          534.98        2509.22         3375.92         4563.67  
    0.413       0          286.89        2417.38         3271.77         4424.63  
    0.419       0          288.03        2435.65         3289.14         4470.22  
    0.425       250.87          2197.67        3155.46         4386.55         5377.94  
    0.431       281.75          2458.54        3123.48         4549.57         4823.52  
    0.438       281.57          2460.40        2974.04         4458.58         4590.06  
    0.444       277.73          2461.06        2994.11         4510.61         4648.36  
    0.450       272.11          2463.45        3087.14         4451.30         5399.67  
    0.456       268.25          2473.20        3151.56         4439.62         5500.00  
    0.463       272.74          2471.87        3220.23         4445.10         5500.00  
    0.469       270.38          2465.56        3163.47         4461.59         5500.00  
    0.475       267.45          2470.30        3107.40         4459.71         5500.00  
    0.481       269.20          2467.89        3140.68         4451.10         5500.00  
    0.488       272.99          2449.98        3212.19         4485.18         4700.30  
    0.494       271.50          2417.08        3164.53         4430.96         4690.67  
    0.500       267.45          2409.37        3083.87         4431.76         4750.69  
    0.506       262.74          2418.91        3064.57         4386.40         4813.12  
    0.513       253.23          2432.18        3063.35         4349.88         4799.76  
    0.519       240.06          2444.04        3115.26         4338.59         4834.41  
    0.525       236.85          2455.79        3127.52         4343.54         4808.26  
    0.531       264.46          2470.08        3080.42         4326.83         4684.66  
    0.537       291.80          2442.83        3061.33         4318.63         4662.84  
    0.544       292.56          2427.70        3111.01         4304.28         5024.74  
    0.550       281.86          2407.59        3120.30         4316.74         5095.01  
    0.556       266.02          2412.46        3036.21         4323.49         4832.11  
    0.562       258.48          2423.54        3011.83         4352.94         4653.15  
    0.569       258.13          2431.07        3077.70         4417.48         4698.27  
    0.575       267.17          2446.95        3123.94         4444.46         4707.02  
    0.581       294.13          2461.27        3122.01         4380.32         4687.46  
    0.588       314.63          2477.74        3161.27         4363.26         5402.77  
    0.594       293.74          2496.25        3061.34         4423.13         5500.00  
    0.600       261.73          2511.52        3049.03         4648.28         5307.33  
    0.606       247.69          2512.19        2784.63         4559.32         4939.84  
    0.613       29.38          511.16        2526.92         3792.39         4647.69  
    