0.025       240.63          2699.61        3182.21         3664.89         5500.00  
    0.031       240.67          2709.11        3186.74         3657.58         5500.00  
    0.038       21.34          461.04        2891.32         3262.11         3835.80  
    0.044       0          241.26        2895.20         3229.61         3695.66  
    0.050       211.36          2403.13        3172.36         3633.89         5340.21  
    0.056       233.60          2615.08        3196.68         3650.78         5500.00  
    0.062       235.53          2632.10        3202.85         3652.00         5500.00  
    0.069       20.90          452.37        2704.70         3256.58         3820.73  
    0.075       213.87          2363.18        3154.76         3635.36         5336.63  
    0.081       231.72          2527.34        3197.44         3672.99         5500.00  
    0.088       205.57          2507.50        3199.35         3684.57         5500.00  
    0.094       242.61          2581.05        3203.29         3689.56         5500.00  
    0.100       247.02          2591.73        3204.19         3700.46         5500.00  
    0.106       229.99          2505.73        3189.94         3691.99         5500.00  
    0.113       243.52          2602.27        3216.99         3699.35         5500.00  
    0.119       241.04          2589.23        3229.85         3745.45         5500.00  
    0.125       230.50          2524.66        3212.80         3725.93         5500.00  
    0.131       240.05          2492.08        3203.00         3713.74         5500.00  
    0.138       242.04          2573.55        3219.56         3722.92         5500.00  
    0.144       230.09          2626.48        3245.77         3751.29         5500.00  
    0.150       216.54          2490.37        3222.10         3743.89         4758.17  
    0.156       208.19          2519.42        3214.85         3740.20         5159.27  
    0.163       189.97          2582.72        3213.61         3736.51         5473.87  
    0.169       188.42          2623.52        3210.70         3733.83         5500.00  
    0.175       188.17          2618.83        3208.80         3740.94         5500.00  
    0.181       202.69          2679.79        3214.34         3735.10         5500.00  
    0.188       254.12          2710.36        3221.56         3724.88         5500.00  
    0.194       264.89          2713.73        3227.22         3733.27         5500.00  
    0.200       267.74          2719.21        3222.37         3732.21         5127.41  
    0.206       251.06          2738.16        3195.76         3722.99         4951.47  
    0.213       195.12          2784.75        3203.28         3733.41         5450.16  
    0.219       179.68          2812.62        3224.52         3746.35         5500.00  
    0.225       236.49          2774.01        3240.08         3749.53         5500.00  
    0.231       229.76          2831.58        3198.07         3747.84         4966.85  
    0.238       250.43          2873.68        3196.10         3736.95         5448.13  
    0.244       272.73          2830.55        3178.27         3731.69         4292.42  
    0.250       263.87          2823.21        3204.64         3752.63         4234.39  
    0.256       258.04          2865.73        3212.44         3762.20         4133.45  
    0.263       252.96          2945.38        3214.18         3752.68         4002.06  
    0.269       268.19          2933.20        3161.17         3748.73         3813.10  
    0.275       276.78          2838.39        3137.06         3750.76         3816.65  
    0.281       281.82          2721.88        3130.95         3706.31         3882.23  
    