0.025       277.06          2337.36        3205.38         3232.82         3831.87  
    0.031       280.19          2337.92        3150.80         3198.56         3785.45  
    0.038       282.18          2338.46        3083.79         3193.46         3761.82  
    0.044       282.23          2336.10        3104.21         3208.18         3760.62  
    0.050       283.34          2335.02        3125.20         3244.09         3759.76  
    0.056       285.06          2342.65        3125.40         3311.43         3744.72  
    0.062       288.46          2353.00        3151.63         3331.45         3734.66  
    0.069       291.42          2366.33        3175.79         3237.79         3728.02  
    0.075       292.85          2377.54        2968.29         3247.28         3719.20  
    0.081       294.39          2388.17        2895.19         3249.15         3721.31  
    0.088       294.26          2394.54        2894.30         3239.97         3723.61  
    0.094       293.81          2398.36        2900.18         3234.60         3719.96  
    0.100       294.18          2399.64        2974.26         3211.31         3719.39  
    0.106       295.34          2397.57        3000.23         3191.41         3719.07  
    0.113       295.19          2397.43        2983.44         3194.64         3702.44  
    0.119       295.20          2396.12        3141.78         3167.58         3676.19  
    0.125       295.12          2396.20        3146.15         3358.22         3650.80  
    0.131       295.19          2398.61        3123.26         3555.23         3622.76  
    0.138       295.36          2398.24        3110.30         3562.75         3624.86  
    0.144       294.36          2396.61        3113.34         3562.31         3625.53  
    0.150       292.96          2389.18        3072.02         3207.42         3671.10  
    0.156       292.23          2381.24        2869.73         3223.90         3674.86  
    0.163       289.85          2375.13        2891.26         3246.89         3676.25  
    0.169       288.88          2370.30        2950.02         3250.14         3675.53  
    0.175       288.36          2366.32        3044.27         3235.01         3670.87  
    0.181       287.91          2365.04        3138.13         3279.74         3624.19  
    0.188       287.35          2366.52        3120.11         3536.14         3674.57  
    0.194       286.94          2365.33        3105.15         3545.07         3827.09  
    0.200       287.13          2369.80        3087.30         3543.90         3775.39  
    0.206       287.68          2372.64        3079.48         3527.01         3817.86  
    0.213       287.15          2372.89        3084.45         3531.66         3898.00  
    0.219       286.06          2377.53        3065.63         3505.51         3851.16  
    0.225       286.79          2382.52        3066.12         3495.42         4242.16  
    0.231       287.29          2376.69        3060.96         3499.29         4392.91  
    0.238       286.90          2375.23        3035.49         3486.95         5415.90  
    0.244       286.67          2379.38        2966.24         3407.73         5500.00  
    0.250       285.84          2381.09        2841.82         3299.60         5500.00  
    0.256       285.97          2377.42        2790.08         3303.15         5500.00  
    0.263       285.60          2377.78        2732.92         3293.48         5500.00  
    0.269       284.92          2379.90        2682.02         3235.38         5500.00  
    0.275       284.56          2381.95        2647.80         3220.24         5500.00  
    0.281       283.58          2390.06        2559.76         3198.61         5500.00  
    0.288       284.79          2403.57        2621.72         3194.37         5500.00  
    0.294       282.72          2408.32        2781.56         3199.23         5500.00  
    0.300       283.04          2405.75        2766.90         3209.38         5500.00  
    0.306       283.68          2400.34        2736.82         3254.79         5500.00  
    0.312       21.75          446.36        2424.66         2995.65         3568.16  
    0.319       0          283.85        2398.05         3027.92         3548.88  
    0.325       0          283.94        2395.14         3069.94         3587.69  
    0.331       0          284.89        2391.59         3112.52         3598.87  
    0.338       0          285.95        2382.16         3140.12         3604.50  
    