0.025       268.88          2315.38        3081.64         4244.81         4400.37  
    0.031       259.46          2316.49        3143.11         4104.55         4400.95  
    0.038       258.10          2383.21        3167.98         3988.10         4395.84  
    0.044       259.09          2442.35        3181.78         4150.45         4231.72  
    0.050       257.73          2415.73        3187.12         4091.29         4300.25  
    0.056       256.00          2433.38        3188.70         4067.23         4366.60  
    0.062       258.26          2451.87        3186.81         4086.34         4382.92  
    0.069       263.36          2433.59        3202.28         4172.64         4229.81  
    0.075       261.61          2413.76        3236.71         4105.08         4205.35  
    0.081       256.92          2413.65        3220.81         4049.27         4207.30  
    0.088       256.82          2427.51        3238.54         3987.67         4225.57  
    0.094       258.93          2391.29        3259.51         4081.60         4238.39  
    0.100       258.30          2306.75        3249.62         3976.84         4269.13  
    0.106       256.59          2231.81        3232.04         3863.34         4274.84  
    0.113       258.15          2380.17        3303.53         3758.31         4227.92  
    0.119       261.98          2465.21        3292.15         3863.02         4223.97  
    0.125       257.41          2453.12        3253.67         3904.56         4243.55  
    0.131       252.31          2408.33        3229.65         3927.86         4256.83  
    0.138       252.56          2470.57        3262.39         4027.06         4237.58  
    0.144       251.53          2456.92        3259.88         3953.98         4240.77  
    0.150       248.44          2394.73        3259.57         3830.21         4235.09  
    0.156       249.40          2417.29        3356.06         3800.59         4217.04  
    0.163       243.47          2412.57        3311.69         3869.11         4241.45  
    0.169       236.16          2383.88        3277.07         3944.79         4250.15  
    0.175       236.20          2410.33        3303.55         4133.90         4324.87  
    0.181       233.11          2385.87        3300.07         4161.26         4341.96  
    0.188       229.97          2349.91        3318.45         4159.78         4219.38  
    0.194       221.63          2339.13        3332.98         4125.23         4177.81  
    0.200       201.12          2358.33        3344.43         4165.18         4446.56  
    0.206       190.71          2340.79        3352.48         4188.07         5350.81  
    0.213       162.47          2184.96        3326.31         4166.64         4588.60  
    