0.025       0          386.72        2414.45         2894.01         4229.01  
    0.031       0          376.65        2407.18         2918.88         4216.75  
    0.038       0          367.24        2408.07         2929.33         3792.94  
    0.044       0          362.93        2406.29         2912.77         3807.66  
    0.050       0          368.20        2413.95         2886.02         4012.07  
    0.056       0          377.01        2435.39         2896.70         3967.73  
    0.062       0          379.04        2482.46         2903.36         4039.11  
    0.069       0          373.13        2499.18         2897.45         3858.76  
    0.075       0          362.73        2495.10         2909.76         3531.54  
    0.081       0          354.14        2477.09         2921.15         3299.72  
    0.088       0          348.36        2461.80         2939.54         3254.24  
    0.094       0          350.34        2450.24         2951.49         3281.74  
    0.100       0          345.04        2446.61         2976.01         3297.57  
    0.106       0          340.32        2437.33         2990.74         3375.49  
    0.113       0          345.59        2430.56         2983.50         3350.83  
    0.119       320.77          2273.68        2947.96         3227.20         5333.62  
    0.125       351.65          2436.57        3013.58         3370.14         5500.00  
    0.131       27.22          518.44        2475.02         3050.35         3976.71  
    0.138       0          359.58        2434.60         3040.24         3754.14  
    0.144       338.53          2280.89        3017.87         3069.07         5364.39  
    0.150       377.73          2435.98        2971.09         3078.26         5500.00  
    0.156       383.12          2414.58        2680.25         3233.20         5500.00  
    0.163       383.13          2444.91        2514.79         3220.31         5500.00  
    0.169       380.76          2330.72        2493.11         3174.38         5500.00  
    0.175       376.37          2238.56        2493.82         3166.03         5500.00  
    0.181       368.16          2222.61        2490.02         3168.02         5421.67  
    0.188       359.76          2239.15        2475.62         3165.34         5340.86  
    0.194       353.63          2206.73        2477.05         3154.40         5275.08  
    0.200       347.73          2107.89        2490.27         3156.72         5267.19  
    0.206       342.48          2139.62        2490.13         3161.32         5278.52  
    0.213       337.18          2187.78        2473.75         3152.65         5247.15  
    0.219       333.14          2198.59        2458.43         3142.27         5220.97  
    0.225       336.41          2244.84        2456.48         3134.66         5225.96  
    0.231       342.94          2179.12        2471.05         3132.74         5244.28  
    0.238       345.74          2075.39        2477.98         3124.77         5245.26  
    0.244       347.17          2125.73        2458.46         3121.94         5274.63  
    0.250       348.35          2157.55        2444.74         3114.01         5247.85  
    0.256       348.09          2127.36        2449.32         3092.67         5204.07  
    0.263       344.79          2158.18        2452.48         3076.47         5317.78  
    0.269       345.55          2251.39        2435.89         3060.43         5486.67  
    0.275       347.15          2361.52        2416.20         3043.60         5331.62  
    0.281       351.67          2379.98        2576.69         3038.06         5223.90  
    0.288       362.50          2335.90        2384.32         3045.79         5213.76  
    0.294       374.70          2138.26        2354.15         3081.52         5190.69  
    