0.025       0          216.07        2548.84         3757.65         4677.91  
    0.031       0          221.24        2544.32         3703.97         4748.25  
    0.038       0          221.10        2539.85         3686.03         4785.47  
    0.044       0          216.51        2549.57         3632.54         4774.04  
    0.050       0          212.30        2578.12         3528.11         4749.62  
    0.056       0          212.31        2590.31         3511.27         4741.03  
    0.062       0          211.62        2584.00         3653.67         4736.74  
    0.069       0          209.97        2594.37         3777.45         4759.13  
    0.075       0          206.57        2601.76         3803.81         4787.19  
    0.081       148.19          1808.50        2596.06         3803.49         4796.61  
    0.088       208.23          2491.02        2601.81         3791.70         4793.62  
    0.094       208.86          2572.43        2801.33         3786.60         4803.75  
    0.100       208.72          2584.90        3154.86         3747.17         4782.59  
    0.106       210.81          2566.90        3306.25         3716.97         4707.53  
    0.113       213.52          2550.55        3467.97         3646.14         4664.31  
    0.119       215.99          2539.52        3514.01         3582.14         4701.40  
    0.125       219.99          2527.23        3511.11         3695.61         4700.84  
    0.131       224.73          2516.35        3541.05         3616.11         4738.71  
    0.138       225.30          2512.94        3537.89         3605.97         4782.58  
    0.144       221.96          2515.41        3501.74         4167.52         4826.72  
    0.150       219.46          2521.65        3438.77         4673.76         5314.70  
    0.156       219.24          2521.50        3416.21         4599.28         5500.00  
    0.163       218.67          2536.07        3452.86         4538.23         5500.00  
    0.169       221.45          2545.78        3481.49         4319.42         5500.00  
    0.175       222.93          2552.25        3545.89         3760.15         5500.00  
    0.181       224.41          2563.08        3491.44         3571.32         5500.00  
    0.188       225.12          2559.73        3489.02         3533.54         5500.00  
    0.194       226.55          2558.49        3527.23         3543.44         5500.00  
    0.200       227.58          2548.24        3492.39         3599.25         5500.00  
    0.206       228.63          2530.53        3486.73         3645.75         5500.00  
    0.213       231.78          2501.00        3423.49         3865.66         5500.00  
    0.219       230.19          2495.13        3427.64         3912.24         5500.00  
    0.225       224.18          2515.31        3470.82         3604.33         5500.00  
    0.231       218.88          2543.81        3449.49         3467.35         5500.00  
    0.238       215.11          2539.18        3382.24         3480.03         5500.00  
    0.244       212.86          2515.75        3403.83         3491.62         5500.00  
    0.250       215.52          2523.96        3334.54         3637.36         5500.00  
    0.256       218.97          2540.26        3336.67         3724.51         5500.00  
    0.263       218.44          2512.81        3313.51         3870.27         5500.00  
    0.269       219.15          2507.35        3302.46         3978.81         5500.00  
    0.275       221.61          2526.76        3319.99         3807.87         5216.99  
    0.281       225.40          2529.36        3317.75         3619.14         4892.29  
    0.288       230.08          2506.81        3323.50         3853.43         4795.89  
    0.294       235.94          2519.17        3390.78         4442.07         4786.35  
    0.300       66.73          885.42        2805.43         3727.12         4602.90  
    0.306       0          248.93        2537.15         3349.72         4567.45  
    0.312       0          255.30        2505.00         3221.10         4514.97  
    