0.025       0          801.58        2466.92         3134.99         4054.07  
    0.031       0          752.11        2285.01         3173.30         4074.82  
    0.038       0          715.54        2196.36         3187.01         4052.20  
    0.044       0          458.43        2295.65         3234.55         3982.31  
    0.050       0          213.46        2358.02         3223.21         3863.62  
    0.056       0          216.47        2397.72         3187.97         3924.70  
    0.062       0          258.86        2409.28         3261.15         4027.70  
    0.069       172.67          1632.87        3103.64         3687.92         5023.45  
    0.075       247.28          2199.28        3270.47         3881.15         5500.00  
    0.081       251.95          2152.78        3183.41         3714.12         5258.04  
    0.088       243.66          2086.76        3191.91         3552.70         4954.37  
    0.094       248.07          2029.18        3208.32         3336.87         4662.89  
    0.100       83.42          838.60        2663.66         3238.48         4228.33  
    0.106       164.16          1782.93        2610.43         3274.26         4355.43  
    0.113       224.27          2434.31        3042.24         3303.64         4106.59  
    0.119       70.53          946.04        2617.21         3205.23         3813.23  
    0.125       0          211.50        2326.60         3164.74         3725.44  
    0.131       0          129.03        2381.06         3150.33         3712.58  
    0.138       0          472.75        2416.56         3119.28         3721.98  
    0.144       0          677.26        2304.26         3094.25         3723.38  
    0.150       0          406.88        2284.06         3117.08         3720.35  
    0.156       0          243.74        2346.10         3157.50         3730.30  
    0.163       0          243.39        2394.16         3184.15         3739.98  
    0.169       0          269.79        2406.04         3189.94         3736.75  
    0.175       0          266.10        2415.69         3189.83         3730.38  
    0.181       0          270.45        2420.47         3191.40         3702.23  
    0.188       0          259.53        2434.66         3207.78         3686.33  
    0.194       0          237.60        2439.27         3217.70         3687.80  
    0.200       0          248.92        2418.46         3215.68         3684.04  
    0.206       0          264.06        2397.27         3213.27         3664.81  
    0.213       195.69          1684.93        2925.80         3491.49         4893.07  
    0.219       285.92          2372.77        3167.82         3617.30         5320.28  
    0.225       273.07          2367.37        3176.47         3608.17         5411.78  
    0.231       251.34          2366.72        3184.67         3599.22         5500.00  
    0.238       245.16          2367.35        3176.89         3597.72         4822.12  
    0.244       245.73          2378.67        3184.09         3601.79         4459.80  
    0.250       232.93          2401.62        3202.20         3621.12         4716.86  
    0.256       218.55          2412.08        3230.79         3626.49         4887.15  
    0.263       230.95          2422.14        3229.81         3625.98         5304.20  
    0.269       247.51          2442.00        3221.84         3647.51         5500.00  
    0.275       262.22          2452.15        3242.45         3687.16         5028.53  
    0.281       263.31          2433.81        3240.38         3713.48         4898.25  
    0.288       262.22          2415.77        3218.03         3735.99         4635.56  
    0.294       268.81          2399.49        3187.80         3743.99         4360.05  
    0.300       276.24          2382.56        3167.95         3703.52         4390.63  
    0.306       280.37          2386.05        3167.58         3702.23         4567.72  
    0.312       92.63          966.08        2707.17         3348.73         4018.92  
    0.319       180.78          1768.23        2986.90         3646.68         3851.07  
    0.325       269.95          2500.05        3236.98         3494.78         4036.10  
    0.331       88.95          1005.75        2713.15         3237.35         3959.80  
    0.338       187.83          1720.41        2959.35         3486.71         4971.08  
    0.344       275.21          2429.55        3208.46         3624.18         5500.00  
    0.350       276.32          2433.93        3191.32         3676.17         5500.00  
    0.356       281.48          2445.88        3152.72         3694.43         5008.68  
    0.363       283.50          2480.94        3147.64         3785.48         4415.97  
    0.369       281.79          2507.78        3192.69         3988.40         4322.45  
    0.375       293.90          2496.22        3217.57         4020.76         4307.69  
    