0.025       0          228.49        2562.29         3767.20         4660.73  
    0.031       0          231.92        2557.06         3697.07         4620.47  
    0.038       0          246.64        2544.44         3628.49         4617.61  
    0.044       0          250.39        2540.24         3620.70         4704.45  
    0.050       0          247.08        2531.59         3649.32         4736.25  
    0.056       0          240.46        2552.89         3546.96         4706.14  
    0.062       0          240.41        2576.11         3455.88         4687.50  
    0.069       0          242.88        2578.97         3491.63         4615.15  
    0.075       0          240.01        2570.27         3678.35         4570.50  
    0.081       0          233.05        2575.91         3723.14         4616.41  
    0.088       0          229.59        2564.57         3719.33         4656.10  
    0.094       0          231.55        2564.69         3716.00         4679.65  
    0.100       165.77          1899.89        2749.79         3738.91         4710.44  
    0.106       233.34          2578.17        3500.02         3936.85         4677.18  
    0.113       235.05          2555.07        3578.99         3788.63         4600.92  
    0.119       239.05          2534.13        3611.23         3730.22         4358.82  
    0.125       242.92          2521.35        3572.90         3685.98         4452.62  
    0.131       247.25          2506.28        3420.10         3604.73         4621.39  
    0.138       254.15          2497.77        3221.13         3616.00         4681.84  
    0.144       257.82          2497.19        2812.53         3616.92         4752.29  
    0.150       255.90          2495.72        2764.99         3594.58         4813.20  
    0.156       251.38          2488.22        3047.90         3508.12         4844.65  
    0.163       250.57          2482.33        3287.65         3700.48         4784.86  
    0.169       248.70          2495.22        3393.03         4380.00         5283.81  
    0.175       250.81          2517.25        3537.40         4165.83         5239.46  
    0.181       253.06          2518.31        3306.34         3826.76         5392.99  
    0.188       254.88          2503.84        3079.09         3774.45         5500.00  
    0.194       256.06          2501.70        3365.85         3807.70         5500.00  
    0.200       74.62          911.85        2797.51         3531.90         4603.39  
    0.206       0          260.09        2519.06         3544.85         3961.69  
    0.213       185.92          1878.46        3320.88         3637.98         5019.41  
    0.219       76.37          932.92        2847.35         3442.60         4553.99  
    0.225       194.72          1819.86        3141.89         3976.02         5111.43  
    0.231       271.58          2457.90        3402.52         4077.85         5500.00  
    0.238       78.70          903.97        2776.14         3586.83         4692.32  
    0.244       184.65          1877.21        3112.78         4058.95         5168.25  
    0.250       255.24          2514.09        3431.55         4144.29         5210.66  
    0.256       251.85          2491.19        3299.04         3806.44         5266.74  
    0.263       257.54          2507.48        3222.92         3842.69         5453.00  
    0.269       256.50          2502.19        3185.85         4015.09         5500.00  
    0.275       74.25          902.38        2677.73         3495.27         4596.55  
    0.281       174.62          1849.25        3070.40         3997.52         5128.91  
    0.288       247.11          2506.83        3275.24         3791.86         4953.05  
    0.294       248.58          2456.65        3255.49         3553.74         4751.53  
    0.300       251.12          2462.08        2866.94         3789.12         4789.47  
    0.306       257.07          2523.89        2973.83         3959.69         4615.27  
    0.312       264.15          2471.43        2842.80         3836.77         4555.29  
    0.319       268.62          2225.01        2745.43         4208.85         4480.04  
    0.325       271.06          2128.13        2731.34         3755.18         4552.60  
    