0.025       262.49          2111.90        3144.34         3651.68         5258.44  
    0.031       262.98          2118.16        3132.80         3638.67         5110.53  
    0.038       263.58          2200.75        3143.38         3649.94         5345.91  
    0.044       87.74          917.65        2767.51         3349.72         4307.64  
    0.050       165.82          1505.08        2962.43         3528.43         4710.13  
    0.056       252.57          2127.16        3143.90         3653.81         5402.54  
    0.062       256.33          2145.34        3144.06         3623.83         5500.00  
    0.069       85.55          888.39        2637.83         3316.27         4257.25  
    0.075       174.22          1587.01        2898.36         3507.92         4880.52  
    0.081       257.18          2194.29        3152.39         3670.64         5500.00  
    0.088       225.39          2078.62        3140.70         3659.14         5500.00  
    0.094       237.31          2200.17        3148.02         3682.20         5500.00  
    0.100       268.26          2388.49        3169.56         3704.12         5500.00  
    0.106       252.88          2188.82        3140.62         3677.69         5155.47  
    0.113       246.52          2226.66        3132.80         3669.89         5328.26  
    0.119       256.49          2416.51        3189.36         3727.75         5500.00  
    0.125       250.69          2268.57        3174.67         3716.38         5409.74  
    0.131       258.82          2137.70        3146.55         3680.07         5081.69  
    0.138       268.77          2159.19        3150.02         3682.50         5313.91  
    0.144       90.00          867.64        2715.91         3365.55         4319.32  
    0.150       169.98          1493.54        2940.07         3551.20         4494.36  
    0.156       261.46          2085.14        3150.15         3713.83         4813.86  
    0.163       251.09          2069.51        3141.55         3705.45         5013.26  
    0.169       238.16          2109.63        3141.12         3711.13         5376.20  
    0.175       241.21          2125.12        3149.66         3723.83         5500.00  
    0.181       245.15          2106.09        3153.33         3718.75         5500.00  
    0.188       275.23          2324.78        3166.69         3719.79         5500.00  
    0.194       298.49          2531.53        3190.88         3736.71         5500.00  
    0.200       306.32          2612.30        3200.43         3731.91         5500.00  
    0.206       294.19          2382.07        3166.39         3714.65         5235.98  
    0.213       265.41          2182.75        3149.37         3711.41         5368.39  
    0.219       84.67          745.31        2566.40         3351.19         4318.53  
    0.225       0          193.80        2472.69         3195.06         3738.19  
    0.231       185.61          1633.55        2967.46         3563.16         4915.35  
    0.238       283.44          2206.65        3145.89         3719.25         5070.60  
    0.244       299.95          2432.59        3150.77         3715.61         5285.96  
    0.250       102.08          1054.63        2786.47         3378.56         4338.02  
    0.256       0          293.06        2602.12         3221.00         3764.05  
    0.263       0          280.63        2554.44         3217.12         3752.87  
    0.269       195.32          1738.32        2967.85         3567.91         4395.71  
    0.275       295.71          2482.56        3177.88         3749.08         4546.36  
    0.281       302.60          2489.98        3163.77         3753.09         4375.15  
    0.288       302.86          2379.23        3139.08         3757.55         4084.46  
    0.294       300.93          2333.55        3120.66         3762.01         3965.00  
    0.300       307.68          2374.98        3113.98         3768.36         4044.78  
    0.306       328.51          2459.69        3145.10         3824.39         4098.18  
    