0.025       259.49          2509.75        3122.15         4166.41         5195.29  
    0.031       259.81          2507.55        3234.77         4076.19         5177.32  
    0.038       259.74          2548.57        3124.23         4070.71         5186.78  
    0.044       259.39          2559.45        3059.65         4099.27         5207.06  
    0.050       260.09          2551.80        3331.20         4023.85         5177.30  
    0.056       261.69          2549.67        3505.17         3903.38         5109.35  
    0.062       261.25          2519.32        3343.31         3978.63         5084.63  
    0.069       260.75          2506.08        3227.85         4011.53         5103.80  
    0.075       260.37          2495.93        3149.44         4001.40         5120.05  
    0.081       260.37          2487.17        3162.19         3970.34         5121.44  
    0.088       261.41          2490.01        3201.10         3960.26         5101.39  
    0.094       261.90          2506.88        3252.37         3986.27         5084.51  
    0.100       262.60          2513.17        3290.53         4041.44         5080.94  
    0.106       263.52          2514.68        3307.54         4054.49         5063.11  
    0.113       263.95          2519.28        3335.00         4008.50         5045.51  
    0.119       264.42          2524.13        3333.89         3982.48         5021.50  
    0.125       266.36          2521.32        3257.54         4009.81         5019.30  
    0.131       271.87          2493.72        3193.31         3933.04         5057.59  
    0.138       272.01          2487.21        3216.25         3933.36         5124.54  
    0.144       270.34          2486.85        3176.28         3946.26         5081.96  
    0.150       272.18          2480.32        3175.26         3951.17         5055.19  
    0.156       272.63          2465.29        3161.05         3970.72         5041.56  
    0.163       272.61          2457.57        3136.43         3944.55         5026.58  
    0.169       275.62          2458.74        3149.02         3960.37         5015.29  
    0.175       276.67          2458.50        3147.21         3978.89         5006.36  
    0.181       278.01          2462.09        3145.03         3965.96         4995.85  
    0.188       277.43          2466.47        3110.59         3947.08         4976.41  
    0.194       276.44          2469.62        3052.63         3924.81         5053.31  
    0.200       286.60          2478.72        3238.95         3936.60         5396.97  
    0.206       292.44          2486.62        3313.03         3952.73         5322.67  
    0.213       290.20          2497.62        3127.77         3882.40         5046.48  
    0.219       299.31          2510.33        3265.27         3824.97         4965.29  
    0.225       316.91          2520.01        3664.43         4649.03         5368.00  
    0.231       307.81          2509.27        3310.11         4049.23         5072.45  
    0.238       293.91          2481.10        3139.36         3784.58         4961.14  
    0.244       285.36          2460.41        3222.73         3911.72         4937.90  
    0.250       287.08          2471.04        3141.67         3938.00         4934.81  
    0.256       285.26          2481.27        3030.29         3898.35         4922.50  
    0.263       285.81          2465.40        3079.56         3900.13         4849.13  
    0.269       307.77          2459.34        3164.33         3841.39         4854.74  
    0.275       313.34          2465.45        3165.62         3795.42         4845.70  
    0.281       313.84          2473.70        3107.50         3735.38         4859.99  
    0.288       319.28          2481.84        3046.78         3669.07         4827.99  
    0.294       314.56          2478.06        3053.16         3641.08         4774.75  
    0.300       322.63          1332.46        2624.95         3631.17         4739.85  
    0.306       325.14          1619.59        2515.49         3671.00         4751.51  
    0.312       296.35          1779.56        2545.81         3672.15         4778.39  
    0.319       299.71          1670.47        2533.15         3691.87         4774.04  
    0.325       317.92          1655.14        2556.62         3715.71         4762.67  
    0.331       330.10          1715.76        2590.37         3764.50         4757.02  
    0.338       340.78          1830.22        2452.79         3841.77         4775.56  
    