0.025       289.09          1363.98        2805.26         3533.88         5075.52  
    0.031       290.23          2181.79        2578.08         3476.39         5067.04  
    0.038       288.32          2145.36        2725.21         3480.18         5067.32  
    0.044       290.06          2111.11        2899.90         3476.36         5049.62  
    0.050       290.94          2139.44        2927.66         3486.92         5044.34  
    0.056       291.67          2180.79        2974.81         3472.71         5053.91  
    0.062       291.35          2212.46        2980.35         3517.64         5155.38  
    0.069       293.82          2192.31        2978.96         3514.28         5234.36  
    0.075       293.56          2210.74        2997.81         3515.20         5199.13  
    0.081       294.87          2253.40        2989.40         3547.80         5150.08  
    0.088       295.80          2316.44        2965.08         3547.82         4970.44  
    0.094       295.69          2263.45        2958.22         3528.45         4898.08  
    0.100       294.52          2184.27        2990.34         3552.55         4952.93  
    0.106       293.70          2192.83        3006.66         3560.72         4921.62  
    0.113       291.51          2207.97        3000.54         3569.72         4868.65  
    0.119       286.52          2250.91        3013.64         3544.24         4808.05  
    0.125       284.54          2302.11        3014.54         3385.73         4715.31  
    0.131       286.55          2281.38        2967.30         3401.31         4752.37  
    0.138       288.14          2225.79        2960.66         3477.85         4752.33  
    0.144       289.09          2242.45        2979.09         3449.43         4777.01  
    0.150       289.95          2273.80        2929.12         3390.71         4801.83  
    0.156       290.49          2276.89        2841.57         3369.40         4886.74  
    0.163       288.20          2324.09        2879.37         3349.76         4857.82  
    0.169       287.83          2322.40        2939.96         3273.25         4785.90  
    0.175       288.99          2338.81        2955.82         3260.34         4795.21  
    0.181       289.05          2389.60        2936.43         3258.29         4812.48  
    0.188       287.11          2482.96        2869.58         3251.34         4740.95  
    0.194       286.94          2522.01        2965.45         3219.77         4727.39  
    0.200       285.36          2399.75        3164.02         3307.85         4824.55  
    0.206       283.57          2344.59        3158.97         3329.38         4888.81  
    0.213       284.81          2390.25        3157.87         3335.57         4844.66  
    0.219       286.10          2369.23        3162.82         3194.10         4767.15  
    0.225       283.80          2390.55        3172.54         3192.18         4816.28  
    0.231       283.96          2505.18        2992.84         3200.61         4729.85  
    0.238       286.38          2524.04        3196.10         4488.62         4622.78  
    0.244       287.02          2423.40        3200.38         3368.55         4892.73  
    0.250       284.87          2379.12        3089.16         3193.85         4768.81  
    0.256       285.61          2511.28        2797.53         3193.87         4681.08  
    0.263       287.50          2502.30        2873.28         3172.00         4629.50  
    0.269       287.77          2424.74        3141.24         3167.71         4618.69  
    0.275       288.04          2441.79        3061.84         3213.48         4646.58  
    0.281       287.54          2490.96        3196.97         3201.43         4670.96  
    0.288       290.37          2492.28        3174.82         3182.29         4684.34  
    0.294       287.80          2487.42        3019.08         3198.85         4697.74  
    0.300       285.64          2459.91        3191.61         3626.66         4638.05  
    0.306       2.59          305.05        2447.35         3201.80         4539.19  
    0.312       0          286.00        2445.19         3153.76         4470.97  
    0.319       0          287.43        2457.39         3130.40         4590.52  
    0.325       280.91          2472.41        3132.04         4589.20         5491.76  
    0.331       284.28          2528.35        3133.85         4530.47         5500.00  
    0.338       287.47          2600.02        3123.81         4522.60         5500.00  
    0.344       287.81          2464.83        3110.02         4547.06         5500.00  
    0.350       2.61          306.64        2466.50         3138.62         4590.09  
    0.356       0          290.17        2527.60         3114.00         4575.58  
    0.363       0          285.85        2452.24         3094.41         4609.28  
    0.369       0          286.22        2489.56         3132.49         4560.68  
    0.375       282.15          2413.74        3082.52         4516.72         5491.48  
    0.381       2.58          304.78        2494.17         3144.21         4537.76  
    0.388       0          284.02        2501.29         3166.23         4551.72  
    0.394       0          283.41        2501.36         3173.35         4531.53  
    0.400       0          286.23        2505.76         3234.75         4523.33  
    0.406       0          286.40        2510.50         3249.43         4543.41  
    0.413       283.84          2466.27        3103.88         4567.58         5126.31  
    0.419       284.31          2468.48        3119.63         4558.56         4653.88  
    0.425       283.67          2422.22        3097.34         4430.91         4535.64  
    0.431       283.21          2435.34        3056.01         4428.74         4572.71  
    0.438       286.28          2586.88        3090.83         4566.24         4765.14  
    0.444       2.60          308.68        2707.70         3205.51         4556.06  
    0.450       0          289.75        2784.03         3267.55         4514.19  
    