0.025       312.38          2172.31        3302.60         3480.55         5076.00  
    0.031       310.59          2166.60        3363.84         3484.62         5027.27  
    0.038       307.40          2164.81        3392.71         3656.11         4808.34  
    0.044       304.08          2191.09        3376.38         4082.75         5126.97  
    0.050       299.95          2221.61        3367.74         4425.79         5217.16  
    0.056       295.95          2221.68        3333.55         4213.36         5272.27  
    0.062       293.47          2222.91        3301.53         3823.73         5115.79  
    0.069       292.81          2237.13        3193.49         3581.62         4833.82  
    0.075       293.14          2254.65        3094.29         3521.73         4825.07  
    0.081       294.67          2257.94        3122.99         3592.89         4785.96  
    0.088       295.82          2248.17        3279.19         3502.93         4773.98  
    0.094       295.08          2246.29        3348.51         3501.11         4745.62  
    0.100       292.86          2253.79        3321.67         3660.54         4702.39  
    0.106       290.49          2262.38        3346.38         3621.21         4668.47  
    0.113       289.49          2264.65        3204.81         3498.81         4661.58  
    0.119       288.90          2261.33        3225.34         3417.03         4701.53  
    0.125       288.45          2272.55        3296.67         3550.57         4759.57  
    0.131       290.27          2287.50        3272.28         3478.56         4788.07  
    0.138       292.08          2292.70        3241.21         3325.23         4740.10  
    0.144       291.26          2299.08        3291.68         3352.68         4666.08  
    0.150       289.66          2293.53        3341.34         3362.86         4651.87  
    0.156       289.88          2285.64        3280.09         3386.23         4665.77  
    0.163       291.13          2302.99        3306.63         3401.09         4658.19  
    0.169       292.78          2303.11        3247.44         3379.90         4635.09  
    0.175       294.51          2283.25        3038.07         3391.36         4653.64  
    0.181       295.12          2282.84        2948.84         3417.22         4698.75  
    0.188       294.56          2289.72        2977.11         3403.28         4765.55  
    0.194       293.76          2292.16        3002.57         3366.21         4856.71  
    0.200       294.38          2297.46        3151.95         3331.05         4855.16  
    0.206       295.63          2303.64        3305.99         3345.61         4775.94  
    0.213       296.73          2303.69        3321.29         3380.66         4804.16  
    0.219       297.80          2297.70        3240.40         3371.17         4858.44  
    0.225       298.06          2292.09        3002.61         3386.13         4834.49  
    0.231       297.72          2287.70        2872.07         3378.87         4797.18  
    0.238       298.26          2291.17        2891.97         3350.79         4775.17  
    0.244       298.68          2297.09        2840.98         3356.19         4744.39  
    0.250       297.52          2296.68        2802.40         3350.09         4765.46  
    0.256       296.34          2290.31        2854.42         3354.88         4780.68  
    0.263       294.73          2291.98        3054.48         3360.43         4799.22  
    0.269       293.31          2291.43        3264.69         3346.20         4871.52  
    0.275       294.13          2292.76        3300.38         3427.04         4868.39  
    0.281       294.08          2316.25        3235.38         3434.97         4793.74  
    0.288       292.05          2341.69        3311.21         3491.02         4753.89  
    0.294       290.60          2348.33        3387.44         3599.20         4773.00  
    0.300       289.80          2342.55        3368.51         3574.81         4903.34  
    0.306       287.79          2335.96        3341.44         3467.18         4914.73  
    0.312       286.79          2330.50        3196.71         3372.77         4809.30  
    0.319       287.02          2330.19        3013.93         3371.44         4753.54  
    0.325       286.08          2329.38        2925.19         3356.80         4753.20  
    0.331       285.26          2328.68        3053.40         3320.09         4775.78  
    0.338       284.89          2329.99        3235.66         3318.22         4793.25  
    0.344       283.09          2328.81        2939.85         3355.02         4800.32  
    0.350       281.34          2326.44        2614.30         3416.75         4826.54  
    0.356       279.19          2323.73        2694.85         3457.19         4846.60  
    0.363       278.25          2322.20        2772.74         3450.47         4807.15  
    0.369       280.82          2325.46        2734.71         3376.41         4718.91  
    0.375       282.36          2332.69        2731.29         3293.72         4684.14  
    0.381       282.39          2312.46        2524.67         3314.49         4710.40  
    