0.025       201.09          2080.74        3059.72         3700.79         4652.42  
    0.031       205.88          2011.40        3042.17         3742.62         4184.51  
    0.038       189.47          2065.88        3046.50         3648.51         3957.49  
    0.044       162.99          2275.51        2845.07         3329.65         3964.55  
    0.050       74.23          2260.83        2565.80         3177.77         3926.54  
    0.056       11.07          761.16        2232.85         3128.48         3724.63  
    0.062       0          0        725.41         2529.31         3295.48  
    0.069       0          0        0         2214.97         3097.78  
    0.075       0          0        986.49         2766.85         3261.16  
    0.081       0          1026.11        1910.30         3069.45         3626.38  
    0.088       0          539.68        2042.78         3057.51         3347.19  
    0.094       98.38          1520.42        2771.23         3512.86         3826.10  
    0.100       150.90          2358.06        3192.72         3504.12         3912.43  
    0.106       194.85          2378.38        3191.45         3576.64         3754.37  
    0.113       201.44          2391.21        3050.23         3363.53         3739.38  
    0.119       66.48          913.76        2596.99         3189.32         3706.17  
    0.125       121.67          1622.95        2924.15         3515.93         3859.85  
    0.131       193.23          2398.06        3209.24         3532.18         3785.14  
    0.138       205.91          2387.78        3208.60         3600.91         3717.38  
    0.144       203.55          2379.78        3201.52         3665.82         3775.73  
    0.150       215.63          2372.21        3174.76         3633.04         4022.95  
    0.156       231.10          2362.70        3150.56         3605.74         4110.90  
    0.163       222.58          2354.29        3163.79         3589.63         4004.61  
    0.169       213.23          2345.61        3169.38         3584.71         3869.02  
    0.175       213.68          2342.09        3162.22         3571.01         3885.83  
    0.181       214.01          2348.55        3172.41         3574.60         3983.42  
    0.188       204.41          2358.51        3190.60         3607.05         4020.42  
    0.194       197.55          2364.75        3210.06         3611.88         3934.77  
    0.200       202.40          2394.33        3202.61         3619.48         3913.48  
    0.206       216.49          2425.97        3193.80         3609.96         4001.65  
    0.213       228.47          2432.90        3196.15         3598.49         4074.64  
    0.219       230.45          2419.28        3184.88         3603.97         4126.39  
    0.225       230.71          2403.46        3156.60         3596.70         4118.91  
    0.231       238.82          2386.94        3121.27         3613.82         4065.46  
    0.238       246.99          2368.11        3105.78         3627.49         4054.00  
    0.244       247.74          2355.05        3125.35         3653.22         4018.15  
    0.250       241.33          2369.89        3131.80         3635.37         4047.75  
    