0.025       0          384.20        2472.07         2908.78         4252.88  
    0.031       0          384.30        2481.69         2936.79         4334.53  
    0.038       0          379.56        2504.94         2979.07         4201.98  
    0.044       0          370.78        2509.79         2997.75         3890.08  
    0.050       0          366.54        2503.37         2970.46         3923.65  
    0.056       0          371.48        2517.47         2941.27         4064.02  
    0.062       0          381.13        2575.65         2960.47         4159.59  
    0.069       0          384.33        2655.83         2971.54         4256.82  
    0.075       0          378.21        2685.99         2967.69         4119.40  
    0.081       0          368.74        2665.61         2975.84         3784.53  
    0.088       0          362.33        2618.97         2979.68         3537.35  
    0.094       0          363.48        2565.42         2978.52         3501.73  
    0.100       0          367.50        2531.32         2982.63         3536.25  
    0.106       0          364.51        2509.74         2990.05         3711.75  
    0.113       0          361.71        2499.57         3001.31         3849.60  
    0.119       0          363.79        2516.05         3030.10         3704.05  
    0.125       0          365.07        2520.54         3054.08         3718.93  
    0.131       0          367.53        2498.81         3064.47         4000.94  
    0.138       0          370.49        2491.29         3076.28         4239.77  
    0.144       0          372.12        2499.64         3112.41         4436.90  
    0.150       0          377.89        2508.71         3123.35         4332.95  
    0.156       0          384.38        2489.68         3118.61         3973.85  
    0.163       0          386.08        2461.62         3151.42         3649.02  
    0.169       0          384.68        2476.09         3166.24         3451.18  
    0.175       190.50          1115.91        2503.13         3167.82         4466.08  
    0.181       377.15          1843.05        2515.30         3174.02         5401.80  
    0.188       369.37          1883.19        2525.49         3178.29         5268.74  
    0.194       362.47          1959.22        2527.98         3168.79         5267.56  
    0.200       358.33          1829.67        2514.83         3158.40         5291.65  
    0.206       354.80          1584.94        2501.89         3171.65         5303.71  
    0.213       349.99          1591.03        2493.70         3182.79         5412.76  
    0.219       344.34          1729.87        2483.10         3176.79         5409.13  
    0.225       341.19          1699.14        2475.33         3167.27         5409.30  
    0.231       170.30          982.26        2482.11         3157.18         5500.00  
    0.238       0          346.95        2499.18         3151.24         5147.91  
    0.244       0          346.71        2496.16         3152.37         4515.97  
    0.250       170.86          1018.14        2473.16         3161.66         4868.57  
    0.256       341.01          1711.80        2459.36         3161.00         5468.14  
    0.263       338.14          1674.81        2461.29         3136.15         5468.20  
    0.269       167.68          973.64        2462.77         3115.33         4860.23  
    0.275       0          333.29        2451.76         3111.72         4194.86  
    0.281       168.66          1379.93        2532.41         3130.18         4834.67  
    0.288       344.00          2226.00        2508.21         3145.81         5363.72  
    0.294       359.66          1527.59        2385.56         3139.08         5208.29  
    0.300       373.41          1488.82        2382.60         3153.46         5177.94  
    0.306       378.23          2151.53        2395.58         3155.46         5172.97  
    