0.025       288.37          2174.10        2944.17         3467.67         5031.61  
    0.031       289.95          2238.97        2972.81         3498.79         5028.68  
    0.038       290.58          2289.41        2997.89         3508.54         5031.54  
    0.044       290.81          2319.90        3024.04         3532.49         5038.08  
    0.050       291.24          2330.36        3038.30         3548.98         5051.04  
    0.056       292.04          2344.22        3052.47         3543.48         5064.33  
    0.062       292.19          2369.90        3050.09         3549.06         5041.67  
    0.069       293.23          2405.64        3042.06         3560.65         5019.92  
    0.075       293.54          2404.12        3055.84         3565.69         5004.08  
    0.081       292.94          2359.63        3070.93         3578.35         4991.00  
    0.088       292.38          2335.06        3075.70         3584.35         4980.14  
    0.094       291.52          2321.98        3064.10         3577.88         4968.93  
    0.100       288.22          2329.76        3059.38         3578.65         4975.99  
    0.106       285.00          2349.16        3068.15         3561.31         4909.75  
    0.113       285.04          2351.71        3058.02         3521.12         4915.23  
    0.119       287.19          2332.78        3029.08         3531.66         4938.15  
    0.125       288.54          2314.11        3030.19         3538.49         4902.17  
    0.131       290.26          2303.85        3044.74         3516.17         4907.25  
    0.138       291.44          2303.01        3041.16         3472.61         4946.45  
    0.144       290.88          2317.51        3036.79         3454.45         4935.51  
    0.150       289.54          2327.04        3041.44         3444.08         4893.15  
    0.156       289.14          2308.40        3046.74         3415.15         4856.85  
    0.163       289.88          2305.88        3047.52         3405.99         4865.93  
    0.169       288.68          2312.92        3051.94         3383.88         4890.24  
    0.175       287.80          2318.17        3049.14         3404.17         4877.21  
    0.181       288.18          2338.23        3066.35         3348.69         4861.79  
    0.188       286.24          2320.58        3062.76         3333.58         4867.06  
    0.194       285.91          2301.56        3059.69         3359.11         4859.63  
    0.200       287.51          2297.02        3063.39         3348.84         4830.95  
    0.206       286.93          2291.98        3058.42         3341.15         4826.85  
    0.213       286.32          2318.43        3029.62         3347.78         4850.99  
    0.219       287.15          2374.87        3050.77         3355.06         4814.73  
    0.225       288.85          2362.84        3089.69         3355.68         4849.91  
    0.231       288.86          2327.14        3070.56         3349.06         4842.24  
    0.238       288.54          2321.09        3053.67         3309.84         4767.05  
    0.244       289.62          2334.04        3072.19         3252.06         4724.28  
    0.250       290.33          2335.65        3095.31         3287.18         4701.26  
    0.256       290.77          2339.84        3111.60         3307.19         4707.21  
    0.263       290.04          2389.24        3151.63         3267.21         4720.08  
    0.269       290.90          2409.79        3147.68         3197.57         4743.48  
    0.275       290.92          2378.18        3129.24         3238.35         4754.35  
    0.281       289.69          2350.36        3119.81         3324.35         4768.15  
    0.288       288.73          2384.60        3138.02         3665.77         4749.65  
    0.294       287.75          2416.70        3135.40         4114.04         4683.13  
    0.300       288.78          2427.01        3105.22         4271.36         4665.36  
    0.306       288.71          2437.02        3093.71         4139.37         4685.13  
    0.312       286.48          2447.34        3098.38         4214.26         4649.12  
    0.319       287.54          2448.18        3092.20         4260.23         4603.98  
    0.325       288.64          2445.45        3077.52         4213.81         4603.20  
    0.331       287.80          2394.97        3071.07         4100.00         4622.42  
    0.338       288.61          2445.41        3078.92         3867.24         4635.21  
    0.344       287.72          2427.53        3066.95         4439.86         4656.43  
    0.350       286.77          2365.98        3054.16         4509.97         4617.98  
    0.356       287.18          2350.59        3061.69         4432.30         4620.89  
    0.363       286.29          2340.19        3054.96         4457.87         4589.19  
    0.369       285.76          2352.31        3077.69         4492.76         4556.99  
    0.375       283.88          2391.67        3101.56         4524.46         4718.07  
    0.381       284.87          2424.24        3120.99         4509.45         4691.76  
    0.388       286.25          2416.15        3144.79         4451.82         4656.30  
    0.394       286.85          2377.91        3110.71         4409.73         4689.31  
    0.400       286.40          2412.93        3086.10         4395.10         4705.17  
    0.406       285.64          2449.67        3094.36         4350.70         4671.70  
    0.413       285.28          2442.27        3103.60         4349.89         4677.97  
    0.419       285.94          2454.98        3082.87         4383.30         4689.35  
    