0.025       0          288.56        2679.97         3257.86         4895.71  
    0.031       0          289.42        2658.97         3260.91         4867.08  
    0.038       267.12          2409.85        2763.30         3225.39         4954.89  
    0.044       292.70          2532.57        2853.18         3247.72         4985.72  
    0.050       295.57          2551.29        2997.66         3281.07         4999.44  
    0.056       294.67          2589.63        2802.50         3271.86         4897.41  
    0.062       296.99          2639.25        2936.40         3223.10         4823.49  
    0.069       293.17          2731.76        2934.37         3276.88         4801.22  
    0.075       290.65          2631.61        3127.99         3318.63         4893.16  
    0.081       291.05          2576.27        2856.29         3305.03         4942.80  
    0.088       291.25          2573.19        2838.24         3299.76         4904.60  
    0.094       291.02          2551.94        2682.42         3326.65         4834.82  
    0.100       291.05          2528.47        2632.02         3277.73         4879.52  
    0.106       22.31          462.41        2487.76         3223.09         4929.02  
    0.113       0          290.80        2449.46         3233.15         4985.19  
    0.119       267.21          2252.56        3146.48         3955.33         5036.28  
    0.125       287.54          2439.62        3174.83         4021.55         5002.83  
    0.131       287.68          2500.68        3195.97         3754.22         4921.48  
    0.138       285.37          2520.63        2975.34         3285.72         5010.43  
    0.144       287.74          2498.81        3200.24         3420.58         5045.96  
    0.150       22.07          457.14        2543.07         3228.70         5005.13  
    0.156       267.43          2404.49        2980.95         3202.09         4996.02  
    0.163       22.20          465.42        2584.54         3190.56         4980.97  
    0.169       0          287.51        2493.48         3156.31         4709.88  
    0.175       0          285.80        2440.84         3216.02         4601.32  
    0.181       0          286.43        2430.44         3214.48         4592.62  
    0.188       0          285.20        2440.33         3156.81         4698.09  
    0.194       0          283.65        2430.98         3158.74         4725.72  
    0.200       0          284.74        2457.03         3156.41         4614.35  
    0.206       0          284.15        2461.06         3153.41         4606.40  
    0.213       0          284.29        2403.31         3162.47         4580.81  
    0.219       0          284.23        2412.19         3212.77         4600.94  
    0.225       0          284.35        2547.65         3139.29         4693.46  
    0.231       0          284.06        2489.40         3108.29         4625.94  
    0.238       262.04          2313.17        3099.88         4469.68         5432.53  
    0.244       21.75          454.69        2663.04         3414.09         4687.92  
    0.250       0          284.26        2531.39         3245.26         4690.92  
    0.256       0          283.77        2585.91         3189.08         4633.26  
    0.263       0          287.48        2553.80         3271.87         4674.70  
    0.269       0          284.68        2537.52         3350.28         4762.79  
    0.275       0          284.24        2520.11         3334.14         4626.89  
    0.281       0          283.97        2423.31         3267.78         4505.52  
    0.288       0          285.45        2393.78         3256.32         4530.94  
    0.294       0          291.16        2430.15         3300.21         4565.53  
    0.300       0          293.74        2578.78         3304.42         4565.33  
    0.306       0          294.17        2606.30         3267.92         4495.81  
    0.312       0          294.75        2759.16         3231.44         4554.65  
    0.319       0          296.70        2786.77         3183.14         4675.29  
    0.325       0          305.86        2739.80         3147.48         4637.65  
    0.331       0          302.54        2601.33         3185.21         4603.73  
    0.338       0          302.14        2598.57         3269.49         4581.24  
    