0.025       269.94          2590.35        3201.18         3904.30         4595.76  
    0.031       273.14          2584.57        3315.03         3701.60         4573.11  
    0.038       276.64          2580.58        3338.41         3802.35         4571.96  
    0.044       272.77          2581.19        3453.94         3587.65         4595.25  
    0.050       268.61          2591.69        3425.47         3553.80         4591.27  
    0.056       269.01          2583.06        3412.84         3653.94         4640.15  
    0.062       267.04          2583.37        3415.67         3670.06         4748.03  
    0.069       270.51          2584.63        3427.28         3716.51         5115.51  
    0.075       274.69          2596.03        3408.65         4043.32         5444.97  
    0.081       277.09          2603.64        3441.19         4299.21         5500.00  
    0.088       278.53          2608.54        3500.01         4262.84         5500.00  
    0.094       279.57          2600.46        3451.49         4181.35         5017.31  
    0.100       283.50          2574.60        3458.93         3907.04         4545.98  
    0.106       284.97          2561.22        3494.74         3617.71         4497.69  
    0.113       282.68          2599.75        3521.67         3590.00         4498.95  
    0.119       278.82          2633.64        3481.08         3718.83         4489.91  
    0.125       275.54          2653.07        3403.30         3874.21         5320.13  
    0.131       269.15          2674.32        3453.87         3869.91         5500.00  
    0.138       259.99          2651.74        3381.11         3834.04         5500.00  
    0.144       256.93          2631.97        3349.68         3789.69         5500.00  
    0.150       254.93          2613.39        3364.79         3928.14         5179.19  
    0.156       266.17          2595.85        3350.17         4021.48         4691.52  
    0.163       286.70          2584.09        3347.25         3894.08         4747.64  
    0.169       51.66          709.89        2725.08         3419.07         3971.65  
    0.175       252.73          2191.08        3209.57         3790.25         5197.25  
    0.181       314.81          2606.63        3327.39         3869.63         5500.00  
    0.188       318.10          2604.45        3320.36         3849.08         5500.00  
    0.194       314.93          2580.71        3354.60         3874.14         5500.00  
    0.200       309.64          2583.97        3348.67         3868.52         5500.00  
    0.206       309.05          2598.19        3337.08         3863.49         5280.42  
    0.213       312.23          2592.70        3373.62         3896.48         4906.69  
    0.219       313.78          2582.17        3365.95         3900.01         5311.03  
    0.225       309.88          2582.16        3355.96         3891.45         5318.88  
    0.231       304.56          2607.35        3391.07         3912.28         5227.04  
    0.238       303.65          2602.69        3380.01         3919.16         4972.97  
    0.244       53.98          714.40        2766.71         3540.10         4101.51  
    0.250       0          308.37        2651.36         3508.13         3957.67  
    