0.025       221.52          2333.17        3538.68         3694.85         4541.73  
    0.031       222.33          2335.10        3562.56         3694.32         4621.43  
    0.038       222.48          2328.15        3558.61         3735.40         4672.25  
    0.044       221.96          2318.87        3530.40         3739.16         4830.44  
    0.050       223.55          2315.21        3502.41         3720.40         4949.62  
    0.056       225.42          2322.02        3466.12         3697.76         4802.90  
    0.062       226.71          2329.66        3446.18         3680.12         4797.90  
    0.069       225.68          2333.23        3455.64         3696.22         4944.62  
    0.075       224.23          2337.47        3444.69         3730.58         5089.78  
    0.081       223.74          2341.69        3438.85         3712.99         5304.25  
    0.088       222.66          2345.07        3404.74         3643.78         5106.02  
    0.094       221.70          2337.33        3345.41         3673.06         4902.98  
    0.100       220.93          2324.52        3320.54         3711.62         4815.25  
    0.106       219.25          2310.80        3343.38         3674.54         4938.02  
    0.113       217.07          2299.91        3364.75         3616.90         4948.65  
    0.119       215.28          2285.78        3387.33         3614.94         4904.72  
    0.125       214.66          2275.58        3394.46         3624.53         4761.10  
    0.131       215.11          2263.88        3390.27         3635.62         4652.22  
    0.138       215.60          2254.15        3364.88         3580.63         4808.65  
    0.144       216.02          2254.73        3294.72         3524.87         5300.95  
    0.150       216.86          2255.41        3296.49         3529.50         5500.00  
    0.156       218.64          2255.44        3279.50         3535.86         5096.71  
    0.163       221.40          2253.95        3220.33         3516.44         5302.03  
    0.169       222.87          2246.66        3236.38         3507.18         5500.00  
    0.175       221.36          2240.93        3197.98         3499.23         5500.00  
    0.181       218.35          2241.35        3168.88         3532.96         5500.00  
    0.188       213.34          2275.24        3184.80         3566.98         5500.00  
    0.194       208.85          2292.88        3198.21         3583.56         5137.03  
    0.200       205.44          2282.34        3224.94         3598.93         5321.83  
    0.206       202.83          2279.38        3214.50         3589.32         5500.00  
    0.213       202.73          2286.34        3143.81         3640.31         5500.00  
    0.219       204.68          2259.99        3139.83         3652.25         5500.00  
    0.225       206.43          2261.87        3173.34         3586.33         5500.00  
    0.231       205.31          2276.97        3208.45         3557.18         5500.00  
    0.238       204.38          2285.24        3233.21         3562.88         5500.00  
    0.244       204.44          2286.41        3240.13         3576.32         5500.00  
    0.250       204.02          2267.45        3234.03         3591.58         4763.61  
    0.256       203.04          2240.01        3222.66         3583.41         4706.51  
    0.263       201.17          2236.95        3138.39         3532.04         4722.89  
    0.269       198.53          2248.88        3055.17         3536.11         4571.15  
    0.275       195.67          2258.15        2958.60         3542.70         4582.56  
    0.281       192.37          2257.50        3001.43         3547.08         4595.20  
    0.288       190.85          2257.66        3100.01         3580.91         4636.48  
    0.294       197.38          2249.98        3169.56         3567.72         4748.59  
    0.300       205.89          2254.46        3128.28         3521.36         4921.85  
    0.306       202.03          2248.51        3103.33         3504.54         5330.62  
    0.312       204.91          2260.12        3112.75         3495.58         5500.00  
    0.319       211.73          2254.65        3130.29         3511.61         5257.93  
    0.325       209.43          2245.07        3147.00         3537.93         4919.11  
    0.331       212.98          2264.05        3157.68         3539.59         5273.19  
    0.338       225.50          2282.06        3162.79         3532.63         5500.00  
    0.344       229.12          2285.02        3159.05         3523.16         5228.02  
    0.350       225.79          2272.55        3148.50         3522.88         4927.83  
    0.356       223.31          2270.32        3092.46         3519.06         5039.15  
    0.363       221.06          2266.73        3032.73         3515.87         5379.48  
    0.369       220.82          2268.28        3008.45         3511.77         5500.00  
    0.375       216.06          2276.09        3038.11         3490.84         5500.00  
    