0.025       281.60          2092.67        2976.38         3636.66         5500.00  
    0.031       279.48          2146.28        3004.64         3638.30         5387.26  
    0.038       277.50          2186.74        2988.59         3640.24         5190.29  
    0.044       273.90          2161.90        2918.89         3613.81         5112.10  
    0.050       272.41          2179.91        3006.29         3575.95         5135.75  
    0.056       271.47          2207.62        3079.73         3592.50         5356.96  
    0.062       268.24          2221.54        3081.86         3576.68         5500.00  
    0.069       269.08          2250.46        3117.72         3775.79         5500.00  
    0.075       268.01          2262.77        3125.52         3991.09         5500.00  
    0.081       263.01          2267.25        3100.25         3924.99         5500.00  
    0.088       259.91          2258.28        3109.19         3792.20         5500.00  
    0.094       257.64          2248.82        3136.78         3722.77         5500.00  
    0.100       256.11          2245.04        3152.68         3607.72         5500.00  
    0.106       256.48          2257.68        3154.12         3577.80         5500.00  
    0.113       255.59          2284.79        3137.94         3808.09         5500.00  
    0.119       255.29          2276.57        3133.23         3831.23         5500.00  
    0.125       254.92          2264.01        3132.07         3665.30         5500.00  
    0.131       255.26          2307.77        3131.33         3619.21         5500.00  
    0.138       258.50          2331.87        3140.45         3594.18         5500.00  
    0.144       260.19          2321.43        3146.90         3590.24         5500.00  
    0.150       259.99          2307.08        3140.19         3586.69         5500.00  
    0.156       261.18          2300.61        3128.78         3549.39         5500.00  
    0.163       263.92          2324.83        3137.13         3552.78         5500.00  
    0.169       263.90          2329.68        3143.55         3573.49         5500.00  
    0.175       262.12          2308.89        3134.14         3574.17         5500.00  
    0.181       262.26          2280.92        3130.25         3572.72         5362.57  
    0.188       263.08          2280.44        3131.70         3599.13         5404.95  
    0.194       264.62          2305.13        3122.61         3593.16         5500.00  
    0.200       268.71          2318.73        3099.94         3557.65         5500.00  
    0.206       272.21          2293.46        3083.08         3537.22         5500.00  
    0.213       270.42          2217.21        3077.86         3540.68         5500.00  
    0.219       269.29          2196.57        3078.45         3560.35         5500.00  
    0.225       276.87          2257.24        3072.88         3542.14         5500.00  
    0.231       277.99          2263.56        3058.49         3542.37         5500.00  
    0.238       275.17          2241.92        3045.95         3562.50         5500.00  
    0.244       276.24          2208.44        3041.77         3569.25         5445.56  
    0.250       270.26          2120.56        3041.41         3579.31         5129.61  
    0.256       266.96          2073.27        3031.48         3586.00         4971.48  
    0.263       274.99          2130.75        3024.84         3586.91         5104.82  
    0.269       284.19          2211.90        3027.81         3575.60         5369.42  
    0.275       281.03          2206.62        3034.67         3564.94         5349.23  
    0.281       273.58          2149.81        3037.02         3577.52         5175.03  
    0.288       269.19          2122.55        3035.61         3595.34         5122.51  
    0.294       267.63          2130.46        3031.75         3590.97         5055.25  
    0.300       272.97          2193.96        3032.53         3583.61         5100.87  
    0.306       280.88          2261.17        3031.42         3572.01         5322.74  
    0.312       281.91          2279.27        3038.64         3579.93         5472.64  
    0.319       278.61          2254.04        3045.21         3595.82         5500.00  
    0.325       281.93          2274.18        3038.67         3579.16         5500.00  
    0.331       282.61          2283.74        3027.57         3567.93         5443.16  
    0.338       279.78          2270.69        3025.83         3579.72         5154.13  
    0.344       280.30          2275.50        3030.92         3594.78         4993.66  
    0.350       280.49          2323.51        3039.63         3602.55         5296.45  
    0.356       281.89          2373.47        3051.78         3610.15         5500.00  
    0.363       284.25          2403.37        3064.10         3621.09         5500.00  
    0.369       285.90          2406.19        3058.72         3618.84         5500.00  
    0.375       288.17          2385.16        3041.47         3615.93         5500.00  
    0.381       289.87          2352.21        3018.60         3610.22         5500.00  
    0.388       292.29          2333.81        2989.19         3590.93         5500.00  
    0.394       297.91          2309.51        2954.24         3591.07         5500.00  
    0.400       300.96          2215.46        2904.19         3647.59         5500.00  
    0.406       298.98          2190.03        2846.69         3708.16         5500.00  
    