0.025       258.41          2485.53        3174.54         4233.31         5172.69  
    0.031       258.70          2475.32        3386.53         4154.04         5176.18  
    0.038       258.16          2498.83        3445.11         4136.68         5192.76  
    0.044       257.04          2520.65        3462.48         4138.83         5198.43  
    0.050       257.29          2517.23        3423.88         4123.57         5174.33  
    0.056       258.61          2487.67        3426.85         4136.73         5124.87  
    0.062       258.17          2460.90        3453.19         4109.25         5104.97  
    0.069       257.24          2459.00        3390.99         4064.96         5123.82  
    0.075       256.66          2463.82        3293.22         4043.62         5133.61  
    0.081       256.76          2469.24        3303.71         4025.65         5122.91  
    0.088       257.62          2486.40        3361.15         4015.51         5103.85  
    0.094       257.68          2506.67        3379.78         4034.21         5090.82  
    0.100       259.00          2511.02        3380.67         4076.54         5087.26  
    0.106       260.55          2510.66        3386.70         4090.74         5072.61  
    0.113       261.28          2513.13        3399.59         4060.72         5057.24  
    0.119       262.00          2512.30        3384.35         4050.29         5032.79  
    0.125       264.74          2505.73        3317.86         4036.82         5026.57  
    0.131       269.74          2472.90        3269.73         3964.52         5059.80  
    0.138       269.93          2469.13        3262.21         3956.77         5083.72  
    0.144       268.18          2471.91        3258.59         3969.47         5075.07  
    0.150       269.36          2467.49        3277.57         3980.70         5062.09  
    0.156       270.47          2455.02        3250.43         3988.57         5046.58  
    0.163       269.51          2449.03        3221.67         3964.79         5033.10  
    0.169       272.65          2450.54        3211.79         3993.34         5025.88  
    0.175       275.12          2453.20        3216.64         3998.90         5015.90  
    0.181       275.40          2460.07        3208.77         3974.45         5001.30  
    0.188       273.70          2465.24        3166.00         3952.48         4985.75  
    0.194       275.02          2467.12        3112.81         3926.51         5074.08  
    0.200       278.63          2473.02        3194.74         3937.58         5107.03  
    0.206       280.94          2478.33        3168.46         3936.54         5007.72  
    0.213       280.17          2489.80        3143.94         3902.07         4983.56  
    0.219       275.32          2502.41        3335.68         3853.13         4971.72  
    0.225       272.75          2509.66        3481.79         3791.75         4945.63  
    0.231       276.35          2493.49        3299.85         3767.17         4941.35  
    0.238       280.45          2462.85        3234.57         3812.43         4964.48  
    0.244       279.32          2445.75        3273.86         3973.52         4947.89  
    0.250       285.48          2458.57        3210.08         3965.45         4947.66  
    0.256       286.78          2463.90        3138.85         3911.09         4920.49  
    0.263       288.60          2453.71        3177.46         3917.36         4865.84  
    0.269       300.48          2448.41        3226.95         3901.64         4882.80  
    0.275       303.80          2451.24        3217.91         3868.78         4872.33  
    0.281       294.53          2457.00        3263.05         3712.98         4868.47  
    0.288       75.45          636.67        849.70         2784.01         3915.42  
    0.294       105.28          1831.89        2482.56         3287.00         4428.61  
    0.300       36.79          1429.82        2709.78         3547.79         4688.59  
    0.306       0          1235.30        2497.10         3534.02         4689.48  
    0.312       0          335.25        1700.05         2766.50         3871.12  
    