0.025       272.96          2578.53        3175.31         3900.38         4535.56  
    0.031       276.51          2574.10        3226.20         3881.23         4537.91  
    0.038       277.71          2566.94        3312.01         3893.76         4538.28  
    0.044       272.59          2562.07        3355.22         3769.81         4555.12  
    0.050       269.38          2555.83        3368.46         3760.06         4530.03  
    0.056       268.61          2543.61        3357.63         3764.98         4547.75  
    0.062       266.89          2542.06        3342.80         3673.60         4592.31  
    0.069       271.92          2543.56        3382.99         3660.51         4582.17  
    0.075       275.97          2550.33        3450.04         3761.63         4565.45  
    0.081       277.69          2546.38        3524.56         3803.98         4552.89  
    0.088       278.92          2541.33        3451.33         3798.41         4564.36  
    0.094       280.72          2536.38        3362.19         3812.30         4505.09  
    0.100       284.76          2523.19        3383.88         3747.24         4493.77  
    0.106       284.68          2510.35        3402.71         3754.50         4498.59  
    0.113       280.19          2523.09        3394.62         3783.97         4495.09  
    0.119       274.51          2550.60        3325.16         3804.28         4456.66  
    0.125       267.28          2596.00        3355.98         3838.05         4558.05  
    0.131       254.91          2629.75        3369.61         3806.57         4635.19  
    0.138       244.08          2624.40        3330.72         3775.92         4605.93  
    0.144       238.65          2612.36        3319.47         3724.09         4520.38  
    0.150       237.37          2595.53        3325.35         3761.07         4420.88  
    0.156       247.81          2578.30        3301.38         3748.02         4382.01  
    0.163       264.96          2557.42        3279.19         3722.13         4303.23  
    0.169       275.40          2536.84        3283.02         3735.50         4089.17  
    0.175       281.10          2551.69        3297.47         3783.32         4199.56  
    0.181       291.11          2581.66        3290.79         3790.37         4389.66  
    0.188       294.10          2579.14        3298.83         3802.83         4391.45  
    0.194       290.37          2558.92        3330.56         3820.55         4335.89  
    0.200       286.06          2559.93        3313.13         3822.71         4291.03  
    0.206       288.79          2567.99        3288.65         3818.05         4327.95  
    0.213       296.15          2572.14        3303.71         3845.03         4331.74  
    0.219       299.77          2567.24        3308.04         3860.56         4347.61  
    