0.025       0          239.18        2548.69         3364.23         4746.29  
    0.031       0          233.73        2533.07         3342.65         4723.06  
    0.038       0          222.63        2514.51         3347.72         4713.74  
    0.044       0          220.23        2509.96         3403.36         4753.24  
    0.050       0          222.78        2507.08         3462.65         4756.61  
    0.056       0          217.82        2515.17         3447.73         4630.72  
    0.062       0          211.52        2519.66         3456.76         4519.50  
    0.069       0          209.30        2517.14         3415.92         4445.45  
    0.075       106.97          1405.36        2951.53         3960.74         4872.32  
    0.081       211.10          2552.82        3406.32         4151.97         4949.38  
    0.088       214.19          2545.79        3388.66         3807.02         4558.29  
    0.094       217.22          2532.83        3316.20         3951.63         4562.30  
    0.100       217.98          2526.67        3302.79         4041.76         4725.07  
    0.106       217.82          2522.57        3321.78         3999.92         4840.55  
    0.113       219.76          2517.74        3334.19         3956.43         4765.31  
    0.119       221.36          2513.43        3330.52         4002.38         4693.92  
    0.125       222.70          2511.00        3306.92         4055.55         4791.63  
    0.131       225.67          2516.57        3296.33         4013.07         4944.36  
    0.138       230.08          2531.48        3376.26         3894.48         4982.31  
    0.144       234.64          2537.98        3604.24         3796.01         4934.50  
    0.150       240.59          2520.32        3613.32         3801.71         5201.71  
    0.156       242.36          2503.24        3408.24         3815.34         5334.19  
    0.163       239.05          2505.49        3352.75         3764.79         5068.56  
    0.169       238.39          2513.78        3350.48         3759.50         4909.49  
    0.175       239.11          2520.76        3368.45         3766.82         4812.15  
    0.181       240.68          2519.20        3322.94         3938.83         5143.28  
    0.188       118.46          1354.04        2873.11         3714.47         4888.99  
    0.194       0          242.37        2499.20         3371.15         4308.71  
    0.200       126.76          1389.11        3023.13         3594.87         4479.31  
    0.206       248.33          2494.07        3320.28         3699.01         4632.74  
    0.213       249.03          2513.50        3125.02         3586.68         4641.63  
    0.219       248.61          2523.84        3188.90         3547.14         4615.92  
    0.225       248.21          2516.02        3339.44         3588.72         4559.38  
    0.231       248.60          2507.75        3348.60         4007.97         4498.87  
    0.238       246.90          2507.37        3264.58         4314.07         4990.33  
    0.244       246.96          2507.91        3302.62         4222.48         5500.00  
    0.250       249.44          2508.44        3480.63         4196.80         5500.00  
    0.256       250.98          2513.17        3614.29         3991.28         5126.64  
    0.263       123.11          1359.49        3065.91         3586.83         4540.84  
    0.269       128.56          1422.65        2992.66         3844.26         4923.72  
    0.275       253.29          2524.49        3413.86         4318.30         5500.00  
    0.281       251.87          2497.96        3410.94         4316.91         5500.00  
    0.288       121.89          1345.15        2953.34         3850.52         4842.25  
    0.294       0          245.83        2499.75         3439.28         4306.99  
    0.300       0          242.27        2503.15         3509.20         4433.30  
    0.306       0          234.08        2526.55         3617.51         4546.93  
    0.312       0          224.47        2560.30         3574.08         4559.01  
    0.319       0          224.52        2586.57         3481.46         4440.98  
    0.325       0          235.33        2613.39         3464.93         4368.44  
    0.331       0          243.35        2619.75         3454.25         4367.41  
    0.338       0          237.55        2590.14         3418.52         4381.32  
    0.344       0          228.15        2551.73         3360.66         4389.15  
    0.350       0          227.15        2535.51         3327.45         4465.97  
    0.356       0          229.82        2551.36         3339.00         4507.74  
    0.363       0          232.51        2546.86         3416.03         4501.25  
    