0.025       275.25          2380.47        3165.03         3780.08         4213.45  
    0.031       274.69          2381.87        3183.83         3784.26         4413.37  
    0.038       272.91          2391.17        3203.01         3770.41         4596.88  
    0.044       270.23          2410.51        3216.70         3744.17         4876.42  
    0.050       266.08          2423.55        3241.78         3749.87         5047.80  
    0.056       261.24          2419.73        3260.49         3774.56         4864.37  
    0.062       260.17          2414.18        3253.00         3789.90         5149.40  
    0.069       263.27          2401.15        3238.34         3783.59         5288.19  
    0.075       263.06          2379.07        3228.94         3771.72         4910.31  
    0.081       259.30          2367.77        3210.44         3771.53         4875.00  
    0.088       258.57          2368.51        3210.94         3740.57         4975.24  
    0.094       260.05          2380.37        3213.28         3693.18         4796.80  
    0.100       261.98          2385.80        3197.67         3667.80         4587.68  
    0.106       265.55          2375.24        3194.25         3677.10         4609.93  
    0.113       270.38          2372.08        3192.55         3724.38         4882.59  
    0.119       274.46          2370.50        3175.22         3762.20         4736.47  
    0.125       276.88          2359.15        3160.12         3770.52         4311.99  
    0.131       278.53          2343.52        3166.07         3760.25         4182.89  
    0.138       278.74          2337.03        3184.47         3715.01         4246.21  
    0.144       279.24          2335.38        3197.97         3684.17         4389.57  
    