0.025       315.29          2660.80        3037.37         4151.91         4924.45  
    0.031       319.17          2656.66        3033.24         4086.67         4913.28  
    0.038       321.80          2641.81        3047.75         4075.54         4913.26  
    0.044       322.83          2626.23        3055.00         4036.09         5025.56  
    0.050       324.45          2647.04        3063.15         4073.83         5032.61  
    0.056       326.23          2657.88        3072.62         4107.19         4977.12  
    0.062       326.72          2645.14        3073.57         4131.04         4946.45  
    0.069       326.65          2628.13        3071.79         4142.18         4984.19  
    0.075       325.93          2620.23        3068.80         4116.35         5006.19  
    0.081       324.76          2641.74        3056.70         4198.97         4980.39  
    0.088       323.74          2677.84        3049.27         4248.19         4968.83  
    0.094       325.03          2714.02        3049.80         4219.03         4999.94  
    0.100       325.80          2725.51        3053.85         4251.30         4986.54  
    0.106       324.62          2708.45        3047.26         4215.50         4965.77  
    0.113       324.02          2692.50        3040.45         4154.15         4952.73  
    0.119       323.40          2715.17        3043.46         4022.70         4952.07  
    0.125       323.35          2706.04        3034.78         3986.01         4974.60  
    0.131       322.76          2670.21        3039.83         3935.80         4963.25  
    0.138       323.44          2642.39        3054.06         3913.15         4964.03  
    0.144       324.05          2614.11        3062.64         3903.89         4959.39  
    0.150       324.67          2619.78        3071.80         3910.51         4933.32  
    0.156       325.34          2634.87        3065.14         3913.58         4976.72  
    0.163       326.64          2647.27        3051.18         3904.73         4992.48  
    0.169       328.16          2658.86        3042.92         3892.68         4907.05  
    0.175       329.52          2662.27        3047.76         3859.54         4857.97  
    0.181       330.82          2642.72        3055.26         3849.69         4865.27  
    0.188       333.95          2613.97        3061.74         3874.36         5027.06  
    0.194       337.13          2602.97        3049.29         3855.99         5102.48  
    0.200       338.28          2616.81        3046.06         3827.32         5080.48  
    0.206       339.01          2631.98        3043.36         3814.49         5052.44  
    0.213       339.70          2643.57        3051.46         3854.12         5377.69  
    0.219       338.18          2631.36        3063.65         3879.00         5500.00  
    0.225       337.72          2581.26        3077.81         3869.75         5500.00  
    