0.025       244.33          2404.61        3164.15         4487.51         5137.66  
    0.031       245.25          2413.58        3092.45         4510.86         5153.78  
    0.038       246.88          2430.66        3063.30         4464.98         5145.93  
    0.044       248.88          2434.11        3064.10         4454.15         5156.38  
    0.050       249.85          2417.88        3082.32         4486.97         5165.49  
    0.056       250.58          2406.47        3059.34         4474.57         5147.64  
    0.062       251.61          2403.15        2957.75         4445.46         5125.99  
    0.069       252.02          2414.36        2886.78         4369.67         5112.46  
    0.075       253.14          2440.29        2866.92         4296.22         5107.95  
    0.081       254.09          2448.87        2933.19         4262.29         5066.34  
    0.088       254.65          2448.26        2964.92         4264.16         5019.86  
    0.094       255.99          2452.49        2925.90         4263.87         5006.51  
    0.100       257.62          2451.37        2891.43         4259.33         5009.83  
    0.106       257.87          2448.72        2935.98         4254.08         4962.08  
    0.113       258.51          2447.86        2952.27         4240.91         4913.41  
    0.119       259.93          2438.58        2922.92         4226.56         4910.51  
    0.125       259.88          2426.49        2910.14         4204.13         4960.20  
    0.131       259.51          2434.34        2944.39         4194.05         4993.24  
    0.138       260.10          2455.18        3017.40         4202.55         4979.02  
    0.144       260.22          2459.82        3040.36         4195.16         4989.96  
    0.150       260.60          2440.37        3039.73         4201.41         5004.49  
    0.156       261.01          2429.41        3027.30         4224.26         5023.40  
    0.163       262.26          2420.23        3011.42         4242.34         5034.57  
    0.169       264.02          2424.26        3034.37         4241.63         5028.94  
    0.175       265.91          2437.35        3040.54         4228.15         4998.26  
    0.181       267.27          2448.27        3017.49         4202.37         4986.99  
    0.188       267.97          2456.68        3017.63         4184.79         4979.20  
    0.194       267.88          2463.37        3015.29         4182.51         4979.64  
    0.200       268.90          2471.92        2989.13         4193.91         4969.70  
    0.206       270.37          2470.53        2934.34         4198.27         4947.51  
    0.213       271.26          2471.62        2927.31         4202.43         4958.30  
    0.219       271.39          2463.27        2984.25         4207.46         4952.92  
    0.225       272.63          2458.94        3017.16         4205.41         4948.44  
    0.231       274.55          2455.88        3003.43         4192.53         4960.16  
    0.238       276.48          2444.30        2920.98         4181.99         4970.88  
    0.244       277.48          2428.97        2889.11         4167.85         4919.11  
    0.250       278.31          2415.81        2921.02         4173.47         4883.42  
    0.256       278.74          2405.71        2972.66         4185.01         4876.97  
    0.263       279.96          2406.43        2987.27         4191.21         4875.71  
    0.269       282.25          2413.95        2951.67         4197.77         4898.80  
    0.275       284.80          2418.77        2964.82         4226.25         4910.41  
    0.281       288.75          2421.84        3032.73         4266.58         4895.09  
    0.288       295.08          2418.52        3048.78         4228.09         4936.22  
    