0.025       292.22          2332.30        3088.19         3314.31         4971.10  
    0.031       294.92          2351.21        3108.78         3322.21         4986.78  
    0.038       296.51          2376.67        3134.35         3344.47         4976.74  
    0.044       296.91          2377.08        3150.00         3320.73         4894.61  
    0.050       296.83          2380.56        3153.60         3367.34         4806.99  
    0.056       294.44          2388.99        3155.72         3422.67         4814.95  
    0.062       292.65          2395.47        3174.42         3403.39         4893.49  
    0.069       292.79          2393.95        3177.01         3347.08         4945.88  
    0.075       292.74          2402.62        3174.51         3376.64         4857.62  
    0.081       291.86          2397.77        3148.09         3394.06         4763.73  
    0.088       291.21          2359.50        3120.30         3341.83         4827.20  
    0.094       290.06          2348.58        3131.46         3345.34         4992.23  
    0.100       288.83          2350.55        3144.63         3367.68         5139.00  
    0.106       286.67          2342.55        3123.40         3407.59         5235.16  
    0.113       284.42          2353.84        3098.82         3577.20         5216.31  
    0.119       283.37          2371.77        3089.91         3695.43         5149.05  
    0.125       281.73          2357.84        3089.01         3539.92         5188.53  
    0.131       282.40          2349.48        3101.49         3559.21         5229.42  
    0.138       283.34          2353.97        3108.09         3542.33         5272.03  
    0.144       284.76          2362.00        3099.20         3369.22         5309.91  
    0.150       284.98          2387.24        3109.45         3495.40         5197.91  
    0.156       283.40          2391.31        3129.55         4208.38         5360.95  
    0.163       282.55          2376.17        3164.32         4544.61         5500.00  
    0.169       283.04          2372.84        3157.44         4552.21         5500.00  
    0.175       281.99          2379.88        3129.52         4603.99         5500.00  
    0.181       281.46          2385.56        3112.35         4597.80         5500.00  
    0.188       281.60          2398.18        3110.50         4553.14         5500.00  
    0.194       281.52          2389.45        3116.53         4554.02         5500.00  
    0.200       280.82          2343.45        3135.94         4556.61         5500.00  
    0.206       278.94          2313.71        3128.78         4575.87         5500.00  
    0.213       276.86          2339.13        3111.90         4569.04         5500.00  
    0.219       275.72          2319.50        3106.56         4517.99         5500.00  
    0.225       276.46          2299.22        3112.93         4498.45         5500.00  
    0.231       277.53          2333.30        3112.95         4563.06         5500.00  
    0.238       103.44          1048.91        2652.94         3663.82         4921.04  
    0.244       0          275.25        2412.73         3114.52         4578.80  
    0.250       0          275.92        2398.00         3136.20         4587.58  
    0.256       173.95          1554.43        2848.77         4067.96         5162.06  
    0.263       103.19          1035.61        2624.77         3700.34         4892.92  
    0.269       0          275.80        2331.15         3148.04         4507.69  
    0.275       0          277.17        2343.24         3161.16         4508.81  
    0.281       0          282.79        2367.96         3187.44         4530.18  
    0.288       0          286.21        2416.26         3164.29         4523.95  
    