0.025       272.97          2337.26        3189.14         3315.30         3882.94  
    0.031       275.73          2339.50        3146.62         3294.67         3875.46  
    0.038       279.42          2344.30        3121.52         3258.95         3836.47  
    0.044       280.74          2348.85        3109.03         3248.74         3799.98  
    0.050       280.50          2347.93        3077.49         3264.79         3781.62  
    0.056       280.09          2341.48        3116.02         3270.96         3763.13  
    0.062       280.93          2340.89        3191.18         3311.68         3746.93  
    0.069       282.98          2348.18        3228.65         3386.76         3739.58  
    0.075       285.08          2359.11        3232.68         3357.98         3739.82  
    0.081       286.48          2371.43        3071.20         3277.69         3726.52  
    0.088       287.78          2381.29        2893.04         3250.40         3708.43  
    0.094       287.70          2386.47        2904.11         3238.46         3690.85  
    0.100       287.08          2389.47        3024.08         3220.45         3661.85  
    0.106       287.57          2391.01        3143.62         3412.42         3670.91  
    0.113       288.55          2389.58        3165.01         3606.50         3835.72  
    0.119       289.07          2388.03        3151.74         3593.08         3993.09  
    0.125       289.00          2387.99        3143.12         3581.53         4763.24  
    0.131       288.60          2388.78        3136.64         3566.80         5500.00  
    0.138       288.37          2391.31        3125.93         3561.02         5500.00  
    0.144       288.76          2393.06        3111.81         3570.61         5500.00  
    0.150       288.32          2390.52        3108.31         3566.15         5500.00  
    0.156       287.23          2383.88        3133.12         3558.97         4534.33  
    0.163       286.14          2377.03        3045.18         3381.83         3613.34  
    0.169       284.12          2372.22        3012.46         3203.70         3648.01  
    0.175       282.60          2368.02        3126.44         3252.98         3650.35  
    0.181       282.19          2364.63        3157.51         3456.02         3837.15  
    0.188       139.92          1314.51        2753.88         3367.43         3786.67  
    0.194       0          281.53        2363.57         3127.74         3553.53  
    0.200       0          280.69        2362.35         3117.09         3551.13  
    0.206       0          280.35        2366.58         3103.67         3548.00  
    0.213       0          279.86        2373.18         3095.79         3541.90  
    0.219       0          279.01        2377.01         3093.06         3536.38  
    0.225       0          278.57        2382.12         3085.46         3523.93  
    0.231       0          279.36        2386.49         3081.31         3512.78  
    0.238       0          280.02        2383.09         3074.67         3519.57  
    0.244       0          279.69        2377.59         3051.26         3511.97  
    0.250       0          279.59        2378.62         2995.46         3451.92  
    0.256       0          279.34        2382.44         2936.44         3373.58  
    0.263       0          279.64        2382.07         2916.46         3368.84  
    0.269       0          280.22        2382.18         2939.02         3407.99  
    0.275       0          280.71        2384.10         2981.59         3386.93  
    0.281       0          280.90        2385.04         2967.17         3325.50  
    0.288       141.34          1346.46        2606.22         3094.81         4407.34  
    0.294       139.18          1331.02        2611.03         3128.39         4399.56  
    0.300       0          280.97        2401.80         3017.92         3359.46  
    0.306       0          280.80        2398.15         2981.54         3400.48  
    0.312       0          282.40        2395.05         2945.64         3441.83  
    0.319       0          283.56        2398.67         3005.31         3541.14  
    0.325       0          284.34        2401.40         3080.58         3605.00  
    0.331       0          285.27        2401.61         3140.76         3616.57  
    0.338       0          286.89        2398.44         3192.30         3622.44  
    0.344       0          288.90        2388.65         3214.61         3625.72  
    0.350       0          290.96        2385.33         3212.57         3618.44  
    0.356       0          289.93        2407.05         3172.53         3598.88  
    0.363       0          288.79        2448.29         3116.90         3580.08  
    0.369       0          285.97        2457.75         3088.56         3561.94  
    0.375       0          287.89        2447.15         3083.25         3563.30  
    