0.025       305.34          2168.70        3291.20         3747.37         4518.94  
    0.031       303.78          2161.92        3458.15         3723.38         4524.29  
    0.038       300.87          2160.52        3518.01         3706.07         4518.39  
    0.044       299.33          2161.47        3433.25         3736.02         4519.63  
    0.050       299.88          2164.06        3451.79         3736.47         4537.69  
    0.056       299.67          2172.58        3422.08         3730.19         4556.20  
    0.062       299.14          2185.62        3366.37         3735.59         4585.47  
    0.069       299.78          2212.87        3350.99         3736.31         4587.61  
    0.075       298.91          2205.27        3301.12         3707.48         4528.37  
    0.081       296.37          2194.97        3212.98         3692.68         4486.55  
    0.088       294.44          2216.70        3154.76         3696.97         4481.75  
    0.094       291.29          2226.34        3116.91         3717.95         4515.15  
    0.100       288.98          2218.76        3072.82         3721.22         4583.56  
    0.106       286.47          2247.03        2992.07         3710.73         4652.99  
    0.113       283.96          2266.03        2957.26         3719.97         4673.55  
    0.119       283.95          2289.72        2954.43         3730.06         4693.37  
    0.125       285.49          2306.97        2987.90         3724.02         4623.07  
    0.131       284.07          2298.26        2958.53         3716.01         4534.65  
    0.138       284.53          2301.67        2932.45         3740.05         4544.12  
    0.144       287.69          2298.11        2897.90         3756.40         4550.40  
    0.150       289.75          2283.77        2957.16         3748.44         4506.83  
    0.156       290.31          2269.66        2894.81         3740.20         4504.92  
    0.163       287.50          2270.60        2907.05         3744.63         4524.44  
    0.169       284.31          2276.28        3057.08         3727.51         4534.52  
    0.175       277.82          2280.26        3241.20         3721.38         4525.37  
    0.181       267.56          2282.61        3240.87         3733.96         4505.49  
    0.188       256.68          2291.11        3029.10         3765.42         4483.54  
    0.194       246.91          2303.41        2969.11         3779.81         4473.36  
    0.200       246.04          2316.99        3105.60         3763.85         4458.02  
    0.206       253.25          2327.55        3296.23         3757.88         4518.37  
    0.213       260.81          2336.29        3527.19         3689.24         4526.64  
    0.219       261.15          2356.12        3483.58         3786.49         4503.93  
    0.225       254.95          2361.88        3373.29         3716.50         4486.69  
    0.231       247.18          2362.67        3326.95         3682.50         4468.53  
    0.238       237.01          2363.41        3554.54         3898.24         4481.91  
    0.244       231.97          2360.73        3409.22         3906.16         4529.73  
    0.250       233.43          2363.93        3306.49         3835.02         4499.42  
    0.256       233.97          2369.93        3419.38         3821.89         4507.35  
    0.263       235.93          2373.36        3457.26         3923.93         4556.98  
    0.269       239.21          2375.89        3453.29         4318.61         4476.95  
    0.275       242.37          2378.70        3357.03         4343.19         4536.14  
    0.281       241.48          2385.40        3231.32         4275.41         4547.64  
    0.288       236.32          2386.43        3197.77         4260.02         4583.85  
    0.294       225.60          2390.14        3129.68         4201.30         4605.23  
    0.300       213.32          2402.49        3178.38         4193.51         4789.71  
    0.306       208.50          2414.64        3343.83         4228.31         4740.86  
    0.312       204.51          2411.38        3364.33         4231.41         4579.78  
    0.319       213.20          2409.52        3269.40         4209.13         4601.39  
    0.325       218.03          2394.10        3085.38         4179.06         4673.57  
    0.331       222.12          2371.65        3055.46         4208.29         4766.56  
    0.338       231.49          2360.41        3040.88         4219.10         4836.60  
    0.344       237.58          2354.01        3031.96         4208.81         4787.83  
    0.350       244.42          2355.94        3015.44         4173.34         4860.29  
    0.356       253.00          2368.35        3088.74         4235.97         4764.32  
    0.363       253.80          2379.97        3078.79         4370.02         4552.42  
    0.369       250.68          2386.57        2971.63         4339.30         4532.62  
    0.375       249.84          2395.13        2938.39         4384.51         4545.82  
    0.381       247.99          2403.38        2918.34         4438.70         4508.02  
    0.388       247.56          2409.98        2877.01         4405.09         4552.41  
    0.394       251.19          2419.08        2745.30         4391.13         4541.40  
    0.400       252.10          2437.36        2791.10         4382.73         4520.22  
    0.406       251.68          2447.89        2800.54         4353.39         4588.29  
    0.413       254.46          2442.82        2689.96         4322.06         4613.14  
    0.419       257.89          2439.01        2638.56         4278.63         4619.39  
    0.425       257.73          2438.04        2719.81         4298.60         4612.22  
    0.431       255.15          2443.66        2817.33         4354.76         4565.22  
    0.438       256.41          2447.26        2798.71         4374.23         4457.91  
    0.444       259.85          2430.69        2750.03         4399.04         4492.33  
    0.450       258.07          2429.02        2696.50         4361.71         4586.46  
    0.456       257.08          2423.74        2696.35         4343.26         4605.55  
    0.463       260.79          2411.45        2775.47         4327.52         4662.00  
    0.469       263.30          2390.89        2843.67         4296.57         4714.21  
    0.475       261.91          2384.98        2829.49         4302.22         4708.67  
    0.481       260.95          2400.69        2832.46         4294.42         4663.57  
    0.488       257.82          2419.54        2813.15         4287.73         4695.47  
    0.494       249.72          2434.96        2798.95         4289.32         4745.18  
    0.500       238.85          2445.04        2787.26         4286.53         4712.02  
    0.506       249.68          2456.24        2832.78         4285.23         4683.78  
    0.513       281.42          2433.90        2832.27         4248.22         4658.15  
    0.519       295.99          2398.68        2905.13         4249.22         4647.89  
    0.525       286.88          2386.46        3014.12         4258.60         4727.20  
    0.531       270.15          2387.39        3060.18         4274.48         4738.61  
    0.537       256.05          2398.08        2955.57         4269.28         4690.02  
    0.544       250.97          2408.01        2877.83         4250.90         4617.12  
    0.550       252.71          2424.23        2871.36         4281.28         4569.89  
    0.556       263.80          2445.08        2771.12         4223.75         4538.02  
    0.562       285.52          2463.11        2618.40         4159.73         4500.00  
    0.569       287.75          2481.91        2519.97         4202.59         4583.47  
    