0.025       278.25          2389.69        3104.21         3711.18         3946.56  
    0.031       280.95          2387.85        3107.63         3727.67         3939.97  
    0.038       283.54          2384.02        3113.74         3771.37         3927.33  
    0.044       284.86          2380.06        3106.08         3777.70         3928.86  
    0.050       285.47          2376.62        3098.54         3779.62         3954.53  
    0.056       283.68          2375.73        3101.02         3804.78         3974.97  
    0.062       280.52          2379.33        3110.13         3828.22         4013.32  
    0.069       279.07          2385.82        3128.32         3838.41         4091.61  
    0.075       278.22          2395.89        3136.75         3841.33         4146.40  
    0.081       279.07          2397.34        3133.61         3844.93         4188.44  
    0.088       279.68          2398.21        3140.32         3842.97         4281.17  
    0.094       278.22          2405.26        3146.82         3835.73         4331.56  
    0.100       277.50          2408.26        3143.68         3829.99         4276.40  
    0.106       277.29          2401.19        3140.13         3819.69         4283.19  
    0.113       277.16          2394.78        3139.24         3818.48         4296.81  
    0.119       278.04          2390.68        3144.11         3826.48         4309.39  
    0.125       278.18          2393.05        3140.00         3824.39         4257.77  
    0.131       277.02          2396.03        3138.76         3817.20         4233.45  
    0.138       276.72          2398.49        3131.56         3821.87         4249.58  
    0.144       276.85          2403.24        3118.86         3828.10         4163.14  
    0.150       276.40          2407.62        3125.45         3832.30         4259.71  
    0.156       275.44          2402.00        3133.79         3840.53         4314.51  
    0.163       276.11          2396.58        3138.39         3844.22         4304.69  
    0.169       277.87          2396.75        3131.13         3847.28         4221.54  
    0.175       279.31          2400.77        3095.62         3831.04         4017.73  
    0.181       280.79          2402.46        3070.38         3717.54         3951.63  
    0.188       282.03          2403.97        3074.19         3700.27         3975.64  
    0.194       281.32          2398.35        3079.53         3721.95         3995.56  
    0.200       280.60          2394.28        3073.44         3708.39         3978.89  
    0.206       280.82          2401.42        3073.76         3764.30         3934.52  
    0.213       281.14          2406.61        3081.49         3793.46         3968.28  
    0.219       281.54          2403.51        3089.53         3790.22         4051.55  
    0.225       281.09          2400.39        3090.68         3785.40         4022.50  
    0.231       279.91          2395.47        3076.65         3782.76         3916.48  
    0.238       280.46          2388.51        3047.69         3723.31         3836.84  
    0.244       281.19          2389.51        3035.06         3661.80         3828.52  
    0.250       281.43          2393.92        3031.88         3551.60         3823.76  
    0.256       281.92          2392.65        3020.56         3454.70         3805.73  
    0.263       281.83          2389.42        3029.14         3471.17         3799.92  
    0.269       281.05          2391.94        3023.85         3567.39         3804.74  
    0.275       280.86          2391.26        3013.16         3591.90         3788.97  
    0.281       279.10          2388.29        3038.03         3669.56         3788.93  
    0.288       277.95          2384.23        3064.65         3664.50         3831.02  
    0.294       278.52          2379.06        3068.74         3660.63         3852.71  
    0.300       278.56          2366.12        3065.89         3685.31         3840.34  
    0.306       278.08          2360.14        3052.91         3665.94         3841.72  
    0.312       276.34          2371.95        3038.23         3618.35         3855.34  
    0.319       274.51          2376.97        3018.17         3582.25         3861.59  
    0.325       274.29          2370.89        2983.51         3615.24         3876.00  
    0.331       274.71          2370.07        2966.37         3645.34         3875.28  
    0.338       275.15          2379.72        2954.64         3577.55         3840.81  
    0.344       275.73          2379.90        2959.03         3480.84         3821.18  
    0.350       274.32          2380.61        3002.75         3376.14         3801.14  
    0.356       272.88          2378.65        3058.23         3268.86         3800.82  
    0.363       271.81          2372.15        3071.28         3248.21         3801.72  
    0.369       270.25          2364.61        3060.50         3402.71         3782.43  
    0.375       268.86          2369.52        3106.00         3672.58         3819.64  
    0.381       268.00          2342.89        3067.69         3772.50         3961.06  
    