0.025       275.53          2149.11        3146.50         3660.99         4265.96  
    0.031       271.63          2151.87        3123.60         3646.99         4267.60  
    0.038       270.40          2136.98        3093.86         3621.55         4260.33  
    0.044       269.97          2129.44        3045.71         3671.37         4183.31  
    0.050       270.86          2145.42        3004.97         3599.96         4294.42  
    0.056       272.20          2153.89        2993.03         3541.54         4232.14  
    0.062       272.50          2151.43        2980.11         3479.16         4244.43  
    0.069       273.08          2144.84        2955.38         3433.14         4306.42  
    0.075       272.42          2152.19        2952.42         3439.76         4140.77  
    0.081       271.45          2153.15        2939.99         3423.22         3953.78  
    0.088       269.66          2163.22        2944.76         3435.01         4000.38  
    0.094       267.71          2166.60        2949.69         3446.67         4094.72  
    0.100       266.15          2180.39        2951.78         3458.02         4122.62  
    0.106       266.24          2177.14        2942.42         3439.26         3954.98  
    0.113       264.35          2162.81        2937.31         3438.09         3904.40  
    0.119       263.53          2161.90        2942.35         3434.94         3968.14  
    0.125       264.02          2166.37        2956.75         3459.56         4060.17  
    0.131       265.70          2167.99        2960.46         3471.73         4015.45  
    0.138       263.93          2175.05        2961.89         3444.41         3982.31  
    0.144       263.85          2183.50        2981.62         3462.61         3958.72  
    0.150       267.94          2191.43        3016.09         3551.53         4001.59  
    0.156       267.94          2198.54        3046.12         3604.34         4047.27  
    0.163       265.91          2224.83        3081.40         3625.64         4023.83  
    0.169       264.75          2232.11        3095.78         3629.46         4152.65  
    0.175       268.66          2259.73        3091.80         3616.23         4187.47  
    0.181       266.31          2302.17        3093.08         3597.29         4145.07  
    0.188       262.94          2319.56        3108.39         3600.45         4177.75  
    0.194       268.95          2352.53        3116.47         3610.14         4353.62  
    0.200       281.01          2353.72        3095.79         3560.99         4241.20  
    