0.025       228.33          2341.58        3425.72         3681.81         5500.00  
    0.031       229.58          2337.92        3365.80         3683.74         5226.73  
    0.038       230.69          2340.77        3433.32         3671.66         5158.42  
    0.044       230.92          2329.59        3441.31         3666.47         5167.75  
    0.050       231.91          2326.69        3441.04         3652.05         5257.49  
    0.056       233.13          2322.61        3393.40         3667.97         5473.48  
    0.062       233.91          2328.94        3335.63         3658.94         5090.35  
    0.069       233.40          2333.62        3352.82         3641.12         5161.97  
    0.075       229.66          2337.23        3363.58         3666.18         5463.07  
    0.081       227.71          2343.49        3333.47         3686.66         5500.00  
    0.088       227.09          2348.11        3274.34         3618.84         5500.00  
    0.094       225.38          2350.04        3130.15         3611.10         5199.57  
    0.100       224.50          2345.87        3091.50         3683.97         5130.40  
    0.106       223.30          2335.18        3195.02         3675.97         5353.90  
    0.113       220.96          2319.03        3228.91         3622.14         5486.62  
    0.119       218.97          2313.71        3237.05         3579.27         5500.00  
    0.125       217.57          2307.77        3246.73         3580.58         5260.86  
    0.131       217.90          2300.17        3260.70         3592.13         5469.01  
    0.138       218.73          2278.35        3257.02         3599.72         5500.00  
    0.144       218.38          2259.08        3162.23         3515.18         5147.15  
    0.150       218.08          2258.68        3147.49         3494.85         5217.81  
    0.156       218.43          2257.10        3196.80         3507.97         5469.35  
    0.163       220.31          2258.83        3168.15         3508.22         5271.31  
    0.169       223.46          2253.92        3160.80         3490.85         5470.36  
    0.175       224.57          2246.10        3201.55         3485.41         5500.00  
    0.181       222.94          2246.20        3113.89         3468.03         5500.00  
    0.188       219.80          2259.27        3126.63         3483.98         5500.00  
    0.194       213.69          2345.67        3145.13         3531.30         5500.00  
    0.200       210.28          2326.05        3158.06         3559.61         5500.00  
    0.206       207.16          2295.58        3193.47         3572.15         5500.00  
    0.213       205.11          2297.62        3321.12         3457.80         5500.00  
    0.219       206.14          2301.09        3196.20         3654.81         5500.00  
    0.225       208.13          2274.03        3159.85         3628.30         5500.00  
    0.231       209.51          2286.44        3121.99         3543.86         5500.00  
    0.238       208.69          2287.80        3147.80         3539.57         5500.00  
    0.244       209.01          2289.42        3187.26         3549.44         5500.00  
    0.250       209.12          2288.42        3202.72         3573.21         5500.00  
    0.256       208.58          2264.50        3197.21         3584.44         5500.00  
    0.263       207.36          2242.27        3162.17         3546.23         5500.00  
    0.269       205.14          2254.10        3117.04         3507.13         5500.00  
    0.275       202.49          2264.60        3145.41         3483.05         5459.26  
    0.281       200.08          2266.55        2967.72         3488.53         4992.27  
    0.288       196.23          2260.13        3064.73         3537.56         5054.47  
    0.294       198.26          2257.96        3140.78         3569.60         4985.41  
    0.300       209.40          2247.73        3253.41         3496.81         5102.57  
    0.306       219.06          2268.99        3095.75         3484.63         5456.30  
    0.312       231.90          2261.82        3077.13         3486.12         5500.00  
    0.319       244.82          2271.75        3092.40         3480.14         5500.00  
    0.325       253.51          2255.07        3117.91         3517.71         5500.00  
    0.331       261.23          2269.28        3118.85         3537.56         5500.00  
    0.338       265.98          2297.27        3116.89         3525.60         5500.00  
    0.344       266.93          2296.19        3120.29         3517.65         5500.00  
    0.350       266.36          2290.38        3116.54         3510.57         5263.83  
    0.356       263.16          2272.55        3110.68         3518.06         5395.23  
    0.363       261.53          2282.29        3059.11         3509.41         5490.39  
    0.369       257.99          2271.71        3008.33         3512.73         5500.00  
    0.375       254.38          2276.50        2995.79         3489.53         5500.00  
    0.381       243.61          2330.55        3075.35         3463.49         5500.00  
    0.388       219.81          2330.92        3110.10         3540.41         5500.00  
    