0.025       282.54          2439.82        3255.95         3914.19         5134.59  
    0.031       290.10          2403.95        3243.37         3863.76         4196.17  
    0.038       286.69          2384.02        3245.35         3675.12         3940.66  
    0.044       282.44          2383.76        3230.90         3500.66         3919.01  
    0.050       284.70          2378.67        3192.60         3635.13         3880.89  
    0.056       287.54          2375.76        3170.73         3824.33         3870.13  
    0.062       288.95          2373.70        3146.13         3710.31         3884.52  
    0.069       289.35          2368.61        3121.88         3696.54         3895.78  
    0.075       287.16          2376.73        3130.64         3834.03         3877.00  
    0.081       284.14          2389.32        3143.99         3861.53         3994.89  
    0.088       283.44          2401.64        3156.10         3857.15         4160.58  
    0.094       283.04          2415.67        3158.50         3858.12         4228.19  
    0.100       286.16          2410.92        3155.28         3864.43         4252.84  
    0.106       287.29          2403.03        3149.08         3864.78         4229.51  
    0.113       284.51          2407.01        3143.70         3857.75         4195.76  
    0.119       284.15          2410.98        3144.45         3864.42         4074.97  
    0.125       284.32          2403.51        3136.21         3851.31         4073.83  
    0.131       283.83          2398.09        3128.24         3851.33         4059.14  
    0.138       284.49          2396.54        3136.14         3859.25         4063.98  
    0.144       285.05          2399.33        3133.75         3867.90         3956.92  
    0.150       283.60          2397.96        3132.99         3863.26         3961.41  
    0.156       282.38          2400.67        3128.96         3855.91         3999.86  
    0.163       281.28          2408.46        3127.74         3855.63         3899.34  
    0.169       280.08          2411.28        3141.22         3853.20         4119.21  
    0.175       279.23          2402.01        3148.85         3864.51         4144.87  
    0.181       281.05          2396.47        3156.01         3865.24         4192.74  
    0.188       283.03          2400.21        3158.27         3863.55         4144.53  
    0.194       284.39          2402.86        3139.48         3678.33         3943.51  
    0.200       285.98          2397.82        3106.46         3466.43         3910.82  
    0.206       287.98          2402.40        3118.06         3522.13         3899.10  
    0.213       286.45          2397.19        3104.25         3614.67         3896.63  
    0.219       285.86          2392.87        3100.10         3603.90         3885.06  
    0.225       286.74          2400.45        3110.12         3722.26         3843.93  
    0.231       287.74          2403.85        3119.97         3806.91         3835.00  
    0.238       288.12          2400.83        3129.48         3811.20         3927.19  
    0.244       286.62          2397.01        3136.76         3796.99         3900.37  
    0.250       284.56          2392.37        3130.85         3790.50         3852.30  
    0.256       285.28          2384.84        3094.93         3641.67         3816.18  
    0.263       285.99          2383.79        3068.38         3518.44         3819.97  
    0.269       287.16          2391.80        3150.42         3292.87         3810.43  
    0.275       288.59          2393.61        3174.74         3212.86         3793.72  
    0.281       288.53          2391.28        3146.38         3383.64         3786.27  
    0.288       287.59          2397.18        3105.89         3667.23         3781.20  
    0.294       287.67          2396.46        3084.96         3751.46         3860.40  
    0.300       284.22          2390.97        3097.66         3771.96         3963.07  
    0.306       283.48          2387.23        3116.29         3805.73         3873.38  
    0.312       284.76          2385.05        3111.11         3812.62         3948.54  
    0.319       284.53          2373.71        3095.33         3797.16         4027.63  
    0.325       283.89          2371.29        3085.93         3806.74         3923.31  
    0.331       281.22          2386.22        3092.43         3655.29         3842.80  
    0.338       278.23          2382.99        3076.44         3552.10         3836.74  
    0.344       277.29          2369.76        3015.93         3582.86         3846.86  
    0.350       278.27          2369.53        3018.34         3567.07         3830.92  
    0.356       280.31          2386.72        3078.12         3373.30         3814.66  
    0.363       282.53          2391.90        3090.30         3216.57         3812.51  
    0.369       281.01          2399.02        3076.01         3395.76         3791.78  
    0.375       59.84          732.46        2536.72         3165.65         3796.18  
    0.381       0          279.11        2386.78         3084.38         3789.80  
    0.388       0          276.74        2383.98         3110.25         3772.92  
    0.394       0          275.27        2380.07         3180.42         3782.40  
    0.400       0          273.81        2361.99         3174.45         3817.53  
    0.406       214.72          1953.24        2929.89         3496.42         3874.92  
    0.413       272.27          2390.08        3093.45         3556.87         3860.62  
    0.419       272.17          2382.24        3057.32         3640.37         3826.72  
    0.425       272.65          2403.13        3020.19         3518.30         3814.84  
    0.431       273.36          2535.15        3111.78         3240.96         3810.04  
    0.438       275.96          2602.35        2937.75         3174.17         3802.65  
    0.444       276.30          2570.06        2966.34         3135.47         3817.36  
    