0.025       263.72          2087.87        2956.85         3665.10         5500.00  
    0.031       261.83          2170.86        2982.17         3680.86         5408.12  
    0.038       259.45          2195.04        2977.84         3688.69         5331.08  
    0.044       256.45          2176.85        2957.03         3655.65         5362.37  
    0.050       257.31          2195.28        3034.02         3650.27         5410.61  
    0.056       255.19          2201.88        3048.89         3642.80         5433.28  
    0.062       252.84          2223.51        3084.37         3548.49         5484.80  
    0.069       254.34          2227.23        3120.94         3600.89         5500.00  
    0.075       252.51          2250.03        3108.57         3697.58         5500.00  
    0.081       249.80          2269.82        3119.80         3536.19         5500.00  
    0.088       248.14          2256.82        3136.86         3415.76         5500.00  
    0.094       247.11          2245.98        3149.02         3403.34         5500.00  
    0.100       247.48          2253.23        3157.56         3384.03         5500.00  
    0.106       247.29          2278.56        3151.86         3501.36         5500.00  
    0.113       246.72          2294.70        3139.80         3707.71         5500.00  
    0.119       247.14          2253.67        3135.17         3590.10         5500.00  
    0.125       246.40          2287.52        3130.22         3531.20         5500.00  
    0.131       246.75          2325.79        3130.13         3527.69         5500.00  
    0.138       248.48          2316.01        3132.93         3487.89         5500.00  
    0.144       249.61          2307.58        3130.78         3514.51         5500.00  
    0.150       249.16          2306.75        3125.53         3511.50         5500.00  
    0.156       249.96          2326.56        3124.80         3493.49         5500.00  
    0.163       252.28          2354.36        3130.68         3499.37         5500.00  
    0.169       251.94          2361.66        3133.93         3510.90         5500.00  
    0.175       251.14          2363.97        3136.05         3520.66         5500.00  
    0.181       253.02          2365.80        3134.10         3527.35         5500.00  
    0.188       254.33          2380.44        3130.15         3527.14         5500.00  
    0.194       256.45          2396.93        3123.24         3514.60         5500.00  
    0.200       258.77          2399.90        3122.59         3519.04         5500.00  
    0.206       261.11          2379.95        3119.32         3512.59         5500.00  
    0.213       259.88          2345.15        3110.26         3511.67         5500.00  
    0.219       261.92          2369.87        3103.39         3514.59         5500.00  
    0.225       265.82          2383.84        3096.71         3510.00         5500.00  
    0.231       264.72          2377.11        3084.69         3538.74         5500.00  
    0.238       264.60          2372.20        3081.35         3549.73         5413.61  
    0.244       265.11          2340.29        3079.98         3559.51         5472.46  
    0.250       261.62          2305.44        3075.83         3572.36         5500.00  
    0.256       262.50          2291.16        3072.04         3579.83         5500.00  
    0.263       267.99          2348.36        3074.77         3577.61         5500.00  
    0.269       269.18          2370.41        3073.55         3577.38         5500.00  
    0.275       266.30          2358.24        3071.52         3567.81         5500.00  
    0.281       264.35          2313.70        3067.08         3577.61         5500.00  
    0.288       262.40          2301.76        3066.46         3585.38         5500.00  
    0.294       263.17          2323.27        3065.86         3588.24         5500.00  
    0.300       265.53          2373.89        3065.47         3585.38         5500.00  
    0.306       269.87          2393.29        3064.30         3566.83         5500.00  
    0.312       267.85          2384.59        3065.75         3579.68         5500.00  
    0.319       267.65          2376.69        3064.46         3588.12         5500.00  
    0.325       269.64          2400.50        3054.39         3568.53         5500.00  
    0.331       267.98          2409.27        3041.84         3569.21         5500.00  
    0.338       268.16          2406.25        3046.77         3592.07         5500.00  
    0.344       268.82          2398.64        3056.63         3610.67         5500.00  
    0.350       268.94          2429.48        3056.37         3601.90         5500.00  
    0.356       272.15          2452.56        3060.78         3602.75         5500.00  
    0.363       272.95          2466.14        3061.42         3615.07         5500.00  
    0.369       274.32          2466.85        3050.29         3609.76         5500.00  
    0.375       276.59          2434.92        3037.05         3611.58         5500.00  
    0.381       279.39          2397.29        3021.79         3609.28         5500.00  
    0.388       282.66          2398.57        2996.78         3603.77         5500.00  
    