0.025       307.85          2763.69        3193.78         4899.67         5500.00  
    0.031       313.94          2697.91        3175.86         4139.85         4986.03  
    0.038       319.65          2696.89        3147.92         3849.44         4877.63  
    0.044       321.98          2717.21        3138.73         3970.36         4892.38  
    0.050       322.88          2667.42        3106.22         3913.06         5048.26  
    0.056       324.54          2671.18        3111.10         4119.16         4995.08  
    0.062       326.34          2667.65        3110.21         4324.87         4910.29  
    0.069       326.69          2646.75        3099.29         4768.38         5202.29  
    0.075       326.60          2637.86        3103.11         4485.67         4951.17  
    0.081       325.71          2634.66        3105.33         4139.42         4945.16  
    0.088       324.28          2646.76        3092.70         4257.41         4921.99  
    0.094       323.16          2678.29        3094.94         4332.29         4909.51  
    0.100       324.79          2690.55        3078.86         4317.17         4949.89  
    0.106       325.43          2712.71        3099.76         4489.91         4917.41  
    0.113       323.92          2709.98        3098.48         4334.00         4912.52  
    0.119       323.68          2726.24        3130.75         4178.18         4902.99  
    0.125       323.22          2752.95        3223.39         3809.40         4910.77  
    0.131       323.38          2752.25        3263.32         3798.40         4931.73  
    0.138       322.63          2739.57        3237.18         3561.42         4930.68  
    0.144       323.56          2727.24        3157.84         3595.04         4937.45  
    0.150       324.20          2704.82        3068.51         3684.01         4939.48  
    0.156       325.11          2659.68        3123.52         3825.12         4877.34  
    0.163       326.15          2650.48        3131.99         3950.24         5061.82  
    0.169       328.04          2658.27        3117.18         3936.90         5204.01  
    0.175       330.27          2673.62        3133.06         3955.23         5461.40  
    0.181       332.13          2690.23        3167.73         3955.58         5500.00  
    0.188       333.49          2724.59        3123.13         3949.95         5500.00  
    0.194       336.68          2658.26        3109.28         3983.72         5500.00  
    0.200       338.80          2628.60        3093.48         3962.16         5500.00  
    0.206       338.73          2643.07        3123.93         4049.73         5500.00  
    0.213       338.46          2656.31        3164.26         4108.90         5500.00  
    0.219       46.97          659.99        2741.96         3327.03         4251.02  
    0.225       0          334.86        2698.71         3192.14         3966.75  
    0.231       0          333.96        2650.05         3162.83         3915.11  
    0.238       0          339.82        2608.63         3182.01         3915.17  
    0.244       0          336.51        2622.07         3217.21         3990.40  
    0.250       0          307.93        2612.38         3122.38         3986.05  
    0.256       259.62          2300.06        3027.37         3798.62         5289.54  
    0.263       329.76          2630.86        3205.86         3330.82         5079.70  
    0.269       335.01          2636.79        3120.71         4691.88         5432.27  
    0.275       325.82          2656.20        3056.07         3883.57         5025.52  
    