0.025       0          208.44        2512.79         3366.83         4750.13  
    0.031       0          210.27        2512.72         3407.18         4785.79  
    0.038       0          211.94        2513.08         3470.03         4805.70  
    0.044       0          207.58        2524.87         3447.91         4664.37  
    0.050       0          202.44        2540.02         3507.68         4565.12  
    0.056       0          200.73        2550.41         3440.22         4384.75  
    0.062       127.24          1713.71        3111.32         3702.08         4496.42  
    0.069       200.46          2575.21        3360.85         3936.04         4564.94  
    0.075       200.73          2568.13        3309.71         3955.44         4570.43  
    0.081       200.76          2553.85        3311.61         3987.15         4605.18  
    0.088       199.60          2544.18        3326.20         4007.18         4649.91  
    0.094       197.93          2536.81        3345.00         3976.49         4684.68  
    0.100       198.07          2528.27        3357.00         3944.47         4666.42  
    0.106       198.60          2520.82        3344.56         3950.87         4631.91  
    0.113       199.41          2513.18        3331.58         3977.11         4640.36  
    0.119       200.73          2505.04        3312.22         3994.49         4784.53  
    0.125       203.68          2501.38        3323.81         3977.47         4914.15  
    0.131       205.95          2498.14        3407.95         3944.44         4879.55  
    0.138       210.83          2491.54        3492.25         3915.17         4897.89  
    0.144       212.60          2487.73        3433.27         3900.84         4994.33  
    0.150       210.53          2488.78        3350.75         3851.88         5000.05  
    0.156       209.83          2490.68        3330.55         3853.09         4903.73  
    0.163       210.20          2492.49        3297.12         3877.96         4833.63  
    0.169       211.62          2493.61        3277.91         3955.11         5253.45  
    0.175       213.18          2495.26        3303.81         4044.97         5500.00  
    0.181       212.86          2491.50        3394.13         4044.31         5500.00  
    0.188       215.93          2486.85        3543.63         3865.55         4970.13  
    0.194       218.46          2486.03        3396.51         3750.72         4635.36  
    0.200       219.44          2497.51        3308.52         3649.71         4625.04  
    0.206       219.61          2504.20        3461.98         3562.65         4567.32  
    0.213       219.69          2504.79        3509.22         3628.27         4494.58  
    0.219       220.67          2501.66        3477.37         3865.99         4460.70  
    0.225       219.98          2512.61        3372.39         4157.67         5121.00  
    0.231       220.99          2524.54        3373.12         4235.04         5500.00  
    0.238       223.67          2528.42        3544.50         4183.72         5500.00  
    0.244       225.69          2534.01        3390.60         3923.45         5016.12  
    0.250       225.99          2545.78        3461.90         3954.44         4561.69  
    0.256       225.10          2562.50        3525.48         4170.68         5123.26  
    0.263       224.70          2557.33        3463.63         4279.01         5500.00  
    0.269       221.26          2521.87        3429.41         4260.04         5500.00  
    0.275       217.38          2504.02        3482.65         4103.63         5500.00  
    0.281       78.33          1044.03        2867.56         3687.70         4761.65  
    0.288       0          214.62        2507.66         3516.11         4360.09  
    0.294       0          210.30        2527.78         3623.59         4468.35  
    0.300       0          204.56        2548.50         3598.21         4465.12  
    0.306       0          205.04        2583.71         3528.17         4371.38  
    0.312       0          211.78        2606.14         3497.41         4317.35  
    0.319       0          217.14        2595.71         3466.26         4320.66  
    0.325       0          215.36        2581.96         3432.04         4341.95  
    0.331       0          212.87        2548.16         3375.53         4342.79  
    0.338       0          215.57        2536.89         3342.82         4445.23  
    0.344       0          221.41        2557.37         3344.90         4492.91  
    