0.025       306.51          2178.61        2813.21         3755.32         5330.72  
    0.031       306.26          2242.70        3008.88         3709.21         4895.16  
    0.038       299.31          2278.07        3153.45         3687.69         4404.57  
    0.044       292.63          2263.28        3249.98         3728.22         4120.81  
    0.050       290.08          2246.76        3200.05         3702.36         3876.14  
    0.056       291.19          2258.06        3217.81         3724.04         4073.91  
    0.062       291.10          2256.69        3174.88         3689.47         4070.23  
    0.069       289.99          2277.66        3120.14         3644.98         3901.21  
    0.075       289.40          2299.42        3079.12         3602.95         4007.50  
    0.081       288.06          2285.86        3019.88         3561.03         4457.32  
    0.088       286.74          2282.58        2958.38         3520.40         4428.96  
    0.094       286.47          2282.63        2890.65         3495.74         4199.95  
    0.100       286.52          2278.42        2817.43         3450.41         4295.19  
    0.106       285.44          2278.94        2814.39         3447.94         4489.31  
    0.113       284.32          2293.35        2819.26         3509.41         4541.83  
    0.119       282.92          2295.61        2788.96         3613.47         4539.70  
    0.125       278.90          2266.66        2751.42         3683.05         4696.03  
    0.131       275.05          2280.91        2722.97         3626.62         4730.07  
    0.138       271.25          2271.41        2706.36         3605.00         4852.21  
    0.144       270.25          2264.86        2664.71         3579.89         4736.30  
    0.150       271.03          2283.67        2656.85         3575.10         4825.33  
    0.156       274.14          2297.71        2697.27         3658.60         4842.83  
    0.163       273.31          2305.19        2683.82         3706.99         4817.70  
    0.169       273.06          2258.05        2646.59         3737.25         4648.19  
    0.175       269.70          2249.89        2636.40         3758.12         4533.67  
    0.181       268.55          2328.63        2613.63         3797.77         4854.21  
    0.188       271.39          2440.83        2565.03         3878.74         5359.20  
    0.194       270.86          2205.19        2568.12         3833.84         5164.54  
    0.200       272.62          2108.40        2571.90         3860.88         5375.17  
    0.206       273.90          2007.80        2551.09         3833.81         5162.97  
    0.213       280.72          1887.65        2503.99         3755.87         4957.33  
    0.219       282.40          1723.57        2563.19         3761.08         4986.70  
    0.225       278.00          1632.00        2629.24         3801.20         4893.91  
    