0.025       0          474.02        1584.35         3242.16         4725.34  
    0.031       323.46          755.48        2137.87         3575.31         4740.41  
    0.038       385.69          806.19        2316.86         3626.69         4642.15  
    0.044       421.01          836.12        2389.11         3644.18         4533.95  
    0.050       448.30          882.40        2352.26         3632.55         4425.06  
    0.056       461.37          861.60        2364.98         3605.57         4482.59  
    0.062       465.94          842.13        2444.29         3585.98         4423.51  
    0.069       469.97          845.84        2444.10         3579.63         4375.72  
    0.075       473.18          838.54        2427.35         3582.64         4618.87  
    0.081       485.65          829.98        2442.93         3534.01         4649.40  
    0.088       494.45          812.13        2463.55         3536.25         4708.49  
    0.094       521.95          779.25        2476.00         3549.62         4756.37  
    0.100       485.51          752.37        2372.67         3526.54         4697.14  
    0.106       388.67          737.26        2185.19         3572.79         4658.13  
    0.113       410.53          741.29        2167.82         3570.12         4692.12  
    0.119       40.55          72.67        871.10         2099.43         3700.97  
    0.125       0          632.31        1691.35         3323.05         4440.89  
    0.131       0          68.67        770.00         2000.46         3500.84  
    0.138       0          0        648.61         1882.60         3422.68  
    0.144       447.76          603.32        1863.41         3301.66         4638.50  
    0.150       48.63          65.52        836.28         2039.81         3598.57  
    0.156       0          0        721.60         1837.03         3503.47  
    0.163       624.41          642.61        1837.22         3326.54         4737.48  
    0.169       679.20          733.11        1959.69         3502.78         4881.64  
    0.175       642.25          796.03        1971.78         3424.37         4914.30  
    0.181       609.17          897.55        2027.76         3403.94         4924.31  
    0.188       579.60          1024.05        2098.81         3357.08         4936.43  
    0.194       583.71          1087.32        2155.67         3321.04         4955.81  
    0.200       584.69          1128.79        2169.76         3284.60         4985.85  
    0.206       589.69          1151.48        2258.72         3275.98         5008.59  
    0.213       577.96          1178.46        2291.57         3249.12         5020.11  
    0.219       543.73          1213.11        2434.31         3264.81         5017.06  
    0.225       512.95          1231.82        2379.30         3409.59         5054.71  
    0.231       487.05          1261.44        2231.45         3315.89         5062.74  
    0.238       392.40          1268.72        2248.04         3260.18         5101.72  
    0.244       341.21          1267.96        2354.95         3130.20         5157.60  
    0.250       331.91          1276.02        2391.06         3164.49         5194.17  
    0.256       317.71          1285.33        2325.78         3233.50         5197.66  
    0.263       327.60          1294.74        2314.31         3224.87         5224.35  
    0.269       324.13          1301.66        2325.90         3224.46         5227.56  
    0.275       317.78          1302.49        2311.54         3209.25         5227.90  
    0.281       320.81          1308.94        2349.59         3231.06         5232.95  
    0.288       315.70          1315.34        2325.70         3148.43         5238.35  
    0.294       312.91          1306.75        2402.93         3024.67         5228.32  
    0.300       317.79          1306.23        2449.09         3072.26         5243.79  
    0.306       322.14          1330.20        2433.20         2954.22         5226.39  
    0.312       329.58          1354.31        2381.31         3055.04         5291.00  
    0.319       322.74          1353.86        2422.36         3146.12         5304.50  
    0.325       305.16          1343.71        2465.25         3179.26         5289.27  
    0.331       306.08          1336.95        2445.19         3090.00         5293.90  
    0.338       320.04          1365.76        2429.05         3150.50         5357.84  
    0.344       327.10          1398.03        2390.82         3271.80         5486.75  
    0.350       320.81          1395.67        2333.46         3341.64         5500.00  
    