0.025       0          230.05        791.23         2698.65         3675.46  
    0.031       0          234.81        802.61         2687.01         3687.19  
    0.038       0          237.75        835.92         2694.99         3700.03  
    0.044       0          235.99        872.43         2726.11         3754.81  
    0.050       0          236.66        892.29         2729.33         3830.36  
    0.056       129.23          585.17        1873.98         3325.44         4743.19  
    0.062       110.32          537.18        1740.04         3283.82         4632.07  
    0.069       0          243.63        942.50         2813.40         3904.21  
    0.075       145.46          846.22        1944.10         3603.52         4770.22  
    0.081       344.54          1373.01        2763.39         4322.31         4887.64  
    0.088       440.23          1246.64        2784.23         4120.15         4397.15  
    0.094       508.13          1187.03        2790.07         3945.94         4444.53  
    0.100       561.44          1283.10        2753.22         3981.20         4494.69  
    0.106       584.85          1356.34        2764.33         3963.27         4517.47  
    0.113       591.94          1423.70        2765.91         3914.35         4508.01  
    0.119       596.75          1496.47        2746.68         3799.60         4550.01  
    0.125       606.10          1565.79        2687.37         3743.15         4607.68  
    0.131       616.22          1620.57        2565.62         3800.67         4645.18  
    0.138       626.98          1629.19        2529.67         3858.41         4683.33  
    0.144       642.66          1623.76        2686.88         3851.38         4701.70  
    0.150       670.77          1559.41        2845.61         3807.43         4727.98  
    0.156       703.39          1463.74        2899.21         3802.81         4766.93  
    0.163       731.84          1454.21        2883.04         3808.79         4761.21  
    0.169       758.58          1550.71        2689.72         3782.09         4746.85  
    0.175       789.23          1601.71        2418.93         3747.04         4797.60  
    0.181       810.33          1624.05        2310.76         3724.17         4852.45  
    0.188       829.68          1417.23        2304.82         3705.81         4922.01  
    0.194       858.12          1081.59        2385.01         3669.41         5000.95  
    0.200       401.41          915.63        2392.33         3645.21         5028.43  
    0.206       0          864.77        2289.96         3609.75         4700.71  
    0.213       0          849.83        2229.19         3578.94         4361.77  
    0.219       0          841.74        2217.25         3576.69         4312.28  
    0.225       0          846.60        2224.59         3573.49         4218.01  
    0.231       0          855.35        2170.94         3573.45         3979.95  
    0.238       0          866.29        2175.20         3559.54         3876.43  
    0.244       0          877.12        2195.60         3487.46         3858.98  
    0.250       0          898.05        2139.05         3375.93         3824.45  
    0.256       0          923.58        2013.69         3310.35         3834.43  
    0.263       511.75          1198.57        2660.10         3588.92         4735.82  
    0.269       956.34          1280.47        3258.70         3810.13         5097.52  
    0.275       920.89          1136.69        3229.75         3783.11         4740.77  
    0.281       835.44          1155.18        3221.53         3786.22         4761.53  
    0.288       788.25          1179.49        3223.65         3775.65         4812.32  
    0.294       762.43          1167.02        3234.24         3770.87         4803.22  
    0.300       740.37          1163.14        3258.37         3846.40         4846.42  
    0.306       733.36          1181.67        3314.14         3889.42         4746.53  
    0.312       711.14          1204.69        3334.43         3853.04         4224.65  
    0.319       685.43          1212.01        3286.69         3824.75         3876.23  
    0.325       665.95          1212.46        3227.91         3770.07         3920.02  
    0.331       641.68          1221.59        3197.67         3744.36         4003.73  
    0.338       634.99          1258.28        3211.78         3783.29         4044.97  
    0.344       625.85          1325.50        3214.42         3825.16         4022.41  
    0.350       547.28          1418.47        3178.04         3783.82         4001.11  
    0.356       398.19          1504.37        3221.34         3736.00         4011.88  
    0.363       316.37          1558.01        3262.39         3874.59         4201.16  
    0.369       298.62          1586.92        3230.93         4000.42         4974.74  
    0.375       264.13          1599.30        3211.16         4021.46         5500.00  
    0.381       113.17          860.35        2316.76         3596.39         4714.81  
    0.388       0          241.23        1584.03         3219.43         4064.51  
    0.394       0          258.65        1678.47         3217.71         4099.46  
    0.400       136.17          987.43        2510.13         3675.42         4862.00  
    0.406       116.25          866.38        2335.96         3595.24         4759.12  
    0.413       0          237.90        1641.49         3205.02         4172.58  
    0.419       136.61          1050.04        2532.18         3612.78         4201.97  
    0.425       251.69          1729.38        3251.26         3977.95         4217.79  
    0.431       249.39          1676.97        3218.98         3728.92         4281.99  
    