0.025       0          203.03        1017.45         2429.28         4329.89  
    0.031       0          202.95        985.02         2476.84         4312.42  
    0.038       141.79          727.44        2078.66         3744.75         5165.52  
    0.044       194.01          896.12        2513.28         4154.89         5500.00  
    0.050       54.01          382.83        1308.15         2955.60         4516.37  
    0.056       0          187.57        1097.35         2462.17         4083.95  
    0.062       0          188.37        1155.73         2453.68         3999.49  
    0.069       134.53          673.38        2113.73         3689.61         5072.70  
    0.075       208.51          795.93        2438.68         3969.29         5431.16  
    0.081       271.31          727.88        2392.61         3853.38         5338.70  
    0.088       322.44          720.29        2443.36         3757.32         5294.99  
    0.094       352.19          733.34        2521.05         3596.58         5295.20  
    0.100       368.82          745.07        2595.08         3632.39         5287.75  
    0.106       376.84          752.92        2797.50         3705.77         5298.66  
    0.113       380.17          754.32        2823.54         3922.27         5316.69  
    0.119       381.55          752.83        2730.68         4059.38         5322.75  
    0.125       383.09          750.58        2690.14         4048.09         5312.54  
    0.131       385.15          749.06        2671.07         4061.87         5316.16  
    0.138       388.24          748.68        2667.04         4083.91         5318.34  
    0.144       391.82          748.24        2661.94         4104.57         5300.19  
    0.150       396.07          747.22        2663.86         4109.86         5260.64  
    0.156       400.31          746.51        2663.62         4105.43         5244.66  
    0.163       401.98          745.33        2677.47         4161.53         5275.35  
    0.169       403.27          743.82        2687.90         4176.49         5296.60  
    0.175       407.56          740.41        2705.16         4112.44         5266.93  
    0.181       410.24          738.33        2755.29         4055.54         5237.76  
    0.188       409.79          737.96        2788.53         4104.44         5231.67  
    0.194       406.98          736.57        2751.43         4109.26         5252.88  
    0.200       403.48          733.65        2708.79         4029.30         5264.98  
    0.206       401.42          731.76        2681.56         4054.08         5286.48  
    0.213       400.56          731.49        2660.52         4065.80         5287.98  
    0.219       399.00          730.99        2651.94         4033.16         5298.11  
    0.225       399.75          731.52        2649.80         4007.55         5305.13  
    0.231       406.22          729.89        2704.63         4023.97         5296.28  
    0.238       415.52          727.76        2742.69         4064.99         5382.65  
    0.244       423.21          726.51        2738.27         4079.26         5434.37  
    0.250       430.50          724.67        2711.83         4118.34         5462.77  
    0.256       437.56          724.88        2646.63         4139.45         5491.96  
    0.263       441.37          725.99        2554.70         4130.48         5408.70  
    0.269       445.62          726.92        2553.05         4218.53         5464.49  
    0.275       450.17          726.72        2593.53         4308.06         5500.00  
    0.281       448.43          729.04        2543.12         4225.25         5284.01  
    0.288       449.12          732.26        2516.62         4105.64         5222.73  
    0.294       449.62          735.53        2554.78         4019.39         5257.36  
    0.300       447.82          737.32        2592.05         4198.75         5312.37  
    0.306       444.03          738.39        2575.09         4254.32         5278.18  
    0.312       442.76          738.68        2518.33         4267.86         5244.77  
    0.319       437.45          738.30        2468.85         4365.72         5190.56  
    0.325       433.35          737.32        2465.08         4411.06         5103.24  
    0.331       435.03          737.07        2455.32         4408.34         5050.73  
    0.338       438.74          746.06        2447.73         4405.53         5050.81  
    0.344       440.78          759.05        2427.32         4350.86         5049.72  
    0.350       446.82          783.60        2440.46         4242.81         5026.22  
    0.356       455.71          828.07        2604.62         4108.44         4981.46  
    0.363       459.27          869.56        2825.27         4234.70         4880.57  
    0.369       456.94          895.42        2737.50         4383.62         4986.78  
    0.375       452.07          909.84        2612.78         4344.20         5000.21  
    0.381       445.31          915.50        2567.21         4169.77         4888.59  
    0.388       435.42          905.30        2494.03         4012.16         4846.06  
    0.394       417.86          893.98        2432.36         3957.70         4866.04  
    0.400       390.16          895.79        2425.37         3939.61         4801.77  
    0.406       312.87          880.87        2475.24         3910.50         4686.92  
    0.413       259.88          885.04        2489.45         3859.36         4719.47  
    0.419       244.49          924.62        2474.62         3854.32         4720.82  
    0.425       236.72          966.75        2478.75         3935.56         4698.33  
    0.431       232.50          992.62        2472.17         4075.95         4639.23  
    0.438       230.63          981.01        2423.01         3994.85         4638.56  
    0.444       231.85          966.60        2411.95         4031.13         4679.56  
    0.450       238.78          941.98        2414.73         4513.60         4691.90  
    0.456       243.97          934.40        2454.42         4545.41         4713.83  
    0.463       242.09          924.02        2520.19         4393.74         4729.03  
    0.469       237.55          913.04        2561.45         4579.28         4981.74  
    0.475       235.14          928.91        2547.91         4531.40         5382.11  
    0.481       233.27          956.28        2553.17         4454.87         5500.00  
    0.488       225.88          959.91        2556.31         4341.08         5500.00  
    0.494       216.82          962.94        2494.08         4130.64         5107.15  
    0.500       210.11          1027.54        2468.00         4188.36         4824.75  
    0.506       204.74          1086.42        2479.51         4035.83         4814.09  
    