0.025       207.57          589.63        2514.22         4010.07         4939.43  
    0.031       203.29          527.75        2535.03         4085.93         4954.62  
    0.038       92.46          219.74        1302.92         3260.00         4573.07  
    0.044       0          0        231.10         2465.73         4228.83  
    0.050       0          0        234.43         2451.63         4377.03  
    0.056       0          0        231.29         2618.35         4598.58  
    0.062       140.18          315.49        1552.18         3539.09         4771.79  
    0.069       308.47          661.16        2763.16         4155.73         4844.24  
    0.075       357.45          719.10        2767.15         3817.70         4896.89  
    0.081       372.23          708.94        2670.48         3507.17         4942.10  
    0.088       389.13          700.66        2628.87         3444.44         4943.71  
    0.094       410.56          695.81        2643.53         3445.89         4926.60  
    0.100       428.11          694.96        2656.90         3457.95         4904.13  
    0.106       442.98          697.45        2632.25         3459.23         4888.03  
    0.113       460.73          699.18        2600.86         3446.60         4901.87  
    0.119       476.54          703.37        2575.64         3437.50         4954.95  
    0.125       491.46          716.36        2552.81         3441.86         4970.84  
    0.131       507.05          735.92        2545.13         3449.58         4982.76  
    0.138       515.37          783.91        2525.10         3451.24         5045.35  
    0.144       524.43          833.07        2511.51         3432.15         5105.29  
    0.150       532.38          894.20        2523.62         3406.38         5325.72  
    0.156       530.97          955.59        2517.24         3398.27         5351.81  
    0.163       536.09          992.27        2507.93         3401.26         5170.01  
    0.169       540.70          1043.62        2498.05         3414.56         5223.04  
    0.175       544.57          1102.94        2479.77         3433.98         5411.50  
    0.181       552.47          1208.27        2486.90         3438.32         5500.00  
    0.188       554.06          1359.67        2361.84         3419.27         5371.31  
    0.194       256.13          963.41        1830.86         3392.61         5035.00  
    0.200       0          563.71        1460.65         3397.04         4442.59  
    0.206       0          567.20        1433.41         3434.97         3851.55  
    0.213       0          567.33        1396.33         3451.14         3585.12  
    0.219       302.58          980.76        1771.90         3433.45         4167.50  
    0.225       561.36          1352.20        2017.35         3423.59         4736.35  
    0.231       556.67          1375.81        1861.59         3453.51         4895.25  
    0.238       555.73          1415.35        1654.78         3482.37         5001.61  
    0.244       555.23          1392.87        1590.60         3476.90         4935.50  
    0.250       553.13          1376.14        1663.29         3468.18         4862.78  
    0.256       550.21          1478.40        1650.71         3476.99         4799.67  
    0.263       541.05          1494.53        1714.65         3494.87         4752.58  
    0.269       529.54          1396.98        1844.15         3504.64         4730.60  
    0.275       518.85          1347.34        1914.57         3499.31         4716.76  
    0.281       508.58          1360.68        1943.91         3491.34         4720.53  
    0.288       503.94          1392.79        1854.80         3480.23         4709.37  
    0.294       504.04          1424.90        1733.27         3467.36         4695.58  
    0.300       501.44          1440.98        1765.87         3458.60         4730.00  
    0.306       499.18          1436.18        1776.54         3447.35         4776.13  
    0.312       500.04          1411.51        1712.42         3436.30         4802.16  
    0.319       503.71          1423.22        1619.91         3430.28         4805.17  
    0.325       514.29          1230.54        1520.52         3428.25         4758.54  
    0.331       523.91          966.94        1506.76         3422.64         4725.32  
    0.338       534.36          873.00        1565.92         3422.88         4725.37  
    0.344       548.06          774.65        1556.18         3432.45         4638.78  
    0.350       519.19          764.08        2122.15         3444.78         4546.93  
    0.356       468.00          796.30        2605.15         3451.70         4569.34  
    0.363       444.90          789.33        2520.19         3441.78         4699.59  
    0.369       439.67          803.15        2461.36         3420.07         4801.78  
    0.375       438.28          827.25        2440.53         3402.01         4833.84  
    0.381       434.27          852.46        2420.66         3377.70         4759.71  
    0.388       426.42          868.09        2385.95         3367.49         4715.38  
    0.394       417.48          875.96        2376.19         3369.95         4791.59  
    0.400       407.41          881.22        2410.29         3363.83         4773.33  
    0.406       387.82          873.53        2445.61         3413.21         4653.59  
    0.413       322.95          874.97        2458.13         3602.66         4596.93  
    0.419       266.40          870.34        2455.39         3653.96         4713.39  
    0.425       251.58          913.86        2454.77         3424.46         4809.53  
    0.431       247.74          1040.00        2468.40         3149.48         4683.70  
    0.438       251.16          1127.81        2485.10         3115.00         4597.40  
    0.444       257.34          1192.74        2504.03         3528.53         4572.48  
    0.450       120.66          718.20        2389.27         3120.05         4412.92  
    0.456       0          270.50        2157.67         2515.07         4278.89  
    0.463       135.36          740.02        2310.88         3213.05         4366.31  
    0.469       116.83          669.60        2095.92         3117.10         4288.22  
    0.475       0          260.16        1851.84         2505.42         4131.30  
    0.481       0          261.49        1932.73         2503.86         4127.59  
    0.488       0          256.19        1641.66         2511.07         4162.53  
    0.494       0          249.36        1455.05         2515.71         4212.87  
    0.500       0          242.39        1390.57         2528.63         4249.97  
    0.506       0          238.04        1308.10         2552.74         4263.48  
    