0.025       266.25          1045.16        2253.00         3486.87         5500.00  
    0.031       109.82          583.53        1506.68         2816.78         4389.39  
    0.038       0          265.55        1003.39         2351.40         3644.56  
    0.044       0          271.79        1029.44         2335.75         3645.95  
    0.050       0          270.97        1095.23         2322.51         3613.82  
    0.056       0          261.32        1174.39         2334.61         3556.66  
    0.062       0          248.35        1220.26         2374.79         3524.18  
    0.069       0          238.83        1297.03         2354.57         3563.69  
    0.075       0          228.66        1255.18         2288.00         3593.05  
    0.081       133.83          690.89        1814.64         3147.75         4713.89  
    0.088       237.37          1183.20        2298.41         4001.32         5013.94  
    0.094       305.56          1202.14        2294.06         4132.39         4618.05  
    0.100       357.58          969.39        2365.35         3905.42         4799.86  
    0.106       387.49          981.59        2543.57         3661.22         4873.07  
    0.113       421.35          1097.63        2445.97         3625.57         4871.52  
    0.119       447.24          1139.94        2369.02         3761.61         5256.86  
    0.125       188.47          785.17        1708.02         3141.54         4568.18  
    0.131       324.36          895.98        1925.63         3368.79         4845.82  
    0.138       551.35          1144.70        2297.71         3827.63         5045.18  
    0.144       554.28          1169.10        2266.62         3824.41         4821.01  
    0.150       557.84          1222.34        2420.44         3842.43         5247.49  
    0.156       545.71          1213.29        2272.88         3826.61         5004.45  
    0.163       521.91          1183.23        2099.52         3788.64         4528.66  
    0.169       491.85          1189.05        2087.15         3688.61         4504.33  
    0.175       463.63          1209.24        2087.22         3593.11         4588.06  
    0.181       451.83          1228.18        2109.88         3571.03         4586.00  
    0.188       456.34          1236.41        2115.82         3570.27         4548.72  
    0.194       464.39          1224.24        2097.24         3559.95         4535.34  
    0.200       467.54          1205.41        2069.99         3554.01         4572.35  
    0.206       471.08          1195.39        2044.24         3562.61         4620.83  
    0.213       479.82          1199.12        2034.43         3581.67         4611.97  
    0.219       488.99          1209.08        2033.09         3642.08         4572.13  
    0.225       498.80          1233.01        2025.61         3700.36         4574.98  
    0.231       514.08          1234.56        2001.46         3684.41         4552.52  
    0.238       543.98          1214.62        1951.59         3631.20         4476.19  
    0.244       584.46          1298.58        1979.13         3655.57         4867.49  
    0.250       248.24          923.91        1644.59         3293.19         4421.64  
    0.256       0          618.79        1375.74         2892.40         3881.90  
    0.263       0          627.24        1350.73         2933.67         3897.58  
    0.269       368.86          1011.13        1674.79         3165.27         4129.51  
    0.275       622.49          1239.46        2007.25         3330.35         4347.89  
    0.281       624.34          1249.60        2026.51         3371.02         4332.17  
    0.288       259.14          901.24        1593.40         3018.19         4128.14  
    0.294       0          642.39        1325.65         2752.01         3983.90  
    0.300       0          649.58        1365.60         2723.55         4011.62  
    0.306       0          641.35        1408.18         2836.68         4077.09  
    0.312       0          607.69        1422.67         3458.66         3945.63  
    0.319       0          582.16        1441.87         3583.97         4294.85  
    0.325       0          573.65        1480.94         3360.14         4442.50  
    0.331       0          564.64        1496.59         3315.83         4231.88  
    0.338       0          532.01        1491.18         3309.34         4157.40  
    0.344       292.04          981.95        1836.21         3549.85         4436.56  
    0.350       493.07          1241.43        2164.35         3695.47         4757.15  
    0.356       484.38          1176.35        2305.73         3706.59         4810.77  
    0.363       456.86          1174.37        2400.44         3788.91         4715.71  
    0.369       421.03          1211.99        2431.67         3849.48         4835.63  
    0.375       343.82          1234.74        2468.19         3823.52         5275.76  
    0.381       293.21          1236.68        2501.21         3713.20         5500.00  
    0.388       292.08          1244.12        2456.15         3451.53         5291.93  
    0.394       296.60          1244.44        2424.06         3366.75         5133.91  
    0.400       294.44          1243.21        2451.77         3319.19         5115.63  
    0.406       288.16          1252.53        2482.95         3166.34         5117.19  
    0.413       283.17          1267.36        2484.76         3193.53         5137.70  
    0.419       285.00          1283.10        2482.64         3273.17         5177.81  
    0.425       285.22          1300.56        2509.38         3273.63         5184.82  
    0.431       284.88          1319.85        2519.73         3232.49         5175.34  
    0.438       286.46          1329.67        2528.46         3061.49         5173.40  
    0.444       285.23          1323.17        2574.26         2780.82         5162.85  
    0.450       284.06          1300.97        2607.73         2645.92         5168.38  
    0.456       284.16          1290.55        2613.78         2840.41         5195.34  
    