0.025       0          324.21        1312.90         2571.88         4152.54  
    0.031       0          280.26        1173.99         2565.99         4170.52  
    0.038       0          259.99        1049.55         2548.91         4106.75  
    0.044       0          258.36        1047.69         2593.06         3924.82  
    0.050       0          257.07        1018.56         2613.52         3881.69  
    0.056       0          256.18        1016.63         2582.74         3892.31  
    0.062       0          254.44        1010.17         2576.55         3857.19  
    0.069       0          253.68        1012.73         2561.69         3776.63  
    0.075       0          253.59        1008.76         2481.42         3742.43  
    0.081       0          254.35        991.65         2507.06         3615.80  
    0.088       0          256.98        955.79         2584.56         3557.10  
    0.094       0          257.77        951.57         2625.64         3584.00  
    0.100       0          256.55        954.45         2629.29         3631.16  
    0.106       0          259.43        971.51         2602.76         3691.54  
    0.113       0          263.04        994.49         2622.76         3720.18  
    0.119       0          263.45        1008.37         2606.18         3653.20  
    0.125       0          263.85        1023.35         2622.57         3663.19  
    0.131       199.14          821.36        2310.29         3429.39         5062.61  
    0.138       275.19          1148.30        2808.01         3750.09         4780.37  
    0.144       400.55          1098.57        2847.26         3714.75         4437.82  
    0.150       608.84          1002.43        2897.61         3675.40         4338.63  
    0.156       711.94          1279.32        3135.77         3682.43         4355.64  
    0.163       704.96          1398.92        3275.41         3826.49         4454.52  
    0.169       728.10          1479.02        3697.45         3874.54         4417.40  
    0.175       176.63          955.69        2109.66         3590.34         4253.25  
    0.181       0          840.55        1729.46         3505.58         4355.20  
    0.188       0          883.86        1948.25         3544.57         4604.97  
    0.194       661.83          1765.89        2047.20         3581.05         4877.23  
    0.200       849.70          1580.39        2789.75         3584.06         5001.68  
    0.206       816.10          1451.51        3212.95         3567.84         5024.07  
    0.213       793.01          1458.60        3413.31         3644.94         5028.71  
    0.219       774.56          1442.95        3435.12         3634.57         4910.44  
    0.225       760.00          1419.80        3403.46         3629.76         4831.33  
    0.231       754.32          1389.76        3365.35         3630.85         4793.43  
    0.238       755.84          1313.74        3348.75         3655.46         4840.73  
    0.244       760.03          1336.20        3358.70         3705.04         4948.17  
    0.250       761.26          1345.78        3360.51         3699.26         4872.45  
    0.256       759.24          1300.51        3355.35         3626.52         4758.76  
    0.263       758.14          1275.48        3363.18         3568.72         4777.00  
    0.269       756.22          1258.97        3383.38         3547.06         4965.54  
    0.275       753.13          1283.57        3388.60         3552.28         5133.81  
    0.281       750.35          1284.14        3385.96         3545.67         5420.85  
    0.288       749.64          1299.35        3373.89         3529.01         5500.00  
    0.294       753.48          1281.85        3346.47         3531.24         5500.00  
    0.300       754.02          1250.10        3335.92         3556.35         5500.00  
    0.306       751.15          1237.29        3320.98         3574.02         5260.55  
    0.312       757.99          1285.67        3322.14         3590.64         5424.61  
    0.319       775.82          1385.05        3330.96         3630.84         5500.00  
    0.325       804.66          1345.56        3315.74         3639.87         5500.00  
    0.331       857.68          1346.58        3302.33         3653.05         5500.00  
    0.338       907.49          1373.92        3313.04         3598.67         5500.00  
    0.344       934.68          1289.96        3330.27         3465.67         4928.80  
    0.350       954.22          1221.34        3290.20         3523.81         4706.99  
    0.356       991.76          1180.20        3268.13         3614.88         4678.44  
    0.363       1003.95          1107.42        3268.36         3672.47         4663.73  
    0.369       908.91          1159.54        3244.30         3721.12         4631.01  
    0.375       834.76          1231.07        3219.91         3756.98         4683.86  
    0.381       806.76          1254.82        3232.41         3844.92         4758.32  
    0.388       780.87          1251.27        3234.32         3848.02         4653.45  
    0.394       768.90          1247.95        3230.49         3892.24         4427.53  
    0.400       730.92          1258.87        3259.33         3920.91         4107.84  
    0.406       172.28          302.30        1775.92         3220.43         3486.07  
    0.413       327.90          1029.71        2793.78         3589.76         3792.32  
    0.419       149.38          1405.06        3291.99         3562.47         3958.78  
    0.425       14.53          340.30        1890.87         3056.25         3433.06  
    0.431       0          0        1481.29         2569.32         3234.23  
    0.438       131.58          1160.15        2797.66         3074.72         3878.54  
    0.444       185.40          1557.76        3222.09         3293.31         4071.36  
    0.450       180.56          1529.57        3234.66         3267.83         4072.31  
    0.456       150.27          1483.80        3234.18         3505.33         4053.93  
    0.463       155.50          1464.75        3219.50         3882.59         4065.59  
    0.469       189.78          1559.56        3224.71         4048.69         5157.87  
    0.475       47.70          552.23        2054.49         3426.74         4402.18  
    0.481       170.35          1345.48        2835.57         3881.62         5154.35  
    0.488       53.63          578.50        2096.79         3426.11         4455.49  
    0.494       0          222.66        1777.60         3203.99         4117.91  
    0.500       0          215.83        1793.76         3201.92         4047.76  
    