0.025       0          241.83        1587.05         2440.10         3776.67  
    0.031       130.40          680.32        2080.78         3065.48         4753.62  
    0.038       226.45          956.24        2430.51         3435.80         5141.45  
    0.044       221.62          916.98        2391.73         3401.90         4774.87  
    0.050       217.26          946.08        2405.83         3405.86         4790.54  
    0.056       214.99          962.37        2450.60         3480.44         4929.54  
    0.062       216.04          935.11        2461.76         3584.69         5117.17  
    0.069       215.24          910.01        2408.52         3583.78         5098.79  
    0.075       213.78          929.78        2363.24         3534.91         4938.65  
    0.081       213.77          878.05        2348.48         3465.11         4840.97  
    0.088       213.80          808.93        2328.54         3486.21         4772.07  
    0.094       92.58          467.97        2000.35         2992.18         4149.98  
    0.100       0          218.38        1439.89         2588.61         3652.01  
    0.106       123.19          529.98        1942.64         3110.08         4685.43  
    0.113       218.95          1046.85        2463.05         3433.12         5192.68  
    0.119       301.06          1277.17        2438.86         3421.75         4917.49  
    0.125       411.00          1182.59        2444.33         3497.20         4846.52  
    0.131       422.46          957.61        2456.71         3514.52         4744.87  
    0.138       398.96          842.45        2416.38         3497.53         4641.28  
    0.144       406.21          853.41        2355.72         3518.15         4575.17  
    0.150       421.95          881.24        2337.56         3542.86         4502.98  
    0.156       434.75          896.75        2325.18         3556.35         4412.25  
    0.163       449.47          908.33        2312.22         3573.25         4472.79  
    0.169       466.17          920.33        2296.55         3585.66         4596.74  
    0.175       480.15          923.07        2278.78         3593.22         4814.32  
    0.181       476.51          924.18        2290.61         3593.81         5263.08  
    0.188       460.58          928.85        2326.32         3590.48         5500.00  
    0.194       451.08          928.56        2372.53         3604.38         5500.00  
    0.200       448.44          926.77        2378.72         3614.80         5500.00  
    0.206       445.87          929.85        2381.16         3608.58         5500.00  
    0.213       440.99          932.71        2374.34         3611.94         5500.00  
    0.219       427.11          928.57        2346.51         3624.08         5500.00  
    0.225       362.68          916.58        2334.64         3628.43         5500.00  
    0.231       138.62          406.61        1519.71         2908.95         4435.01  
    0.238       0          216.91        902.74         2382.05         3634.83  
    0.244       0          649.66        930.33         2424.90         3643.36  
    0.250       0          845.69        1078.78         2429.73         3640.64  
    0.256       0          822.46        1111.86         2414.03         3641.59  
    0.263       0          661.45        926.59         2437.84         3645.92  
    0.269       0          515.27        878.15         2440.03         3657.12  
    0.275       0          495.73        936.67         2418.89         3664.84  
    0.281       0          478.77        966.93         2392.90         3653.26  
    0.288       0          458.32        1001.52         2361.82         3634.99  
    0.294       246.37          790.40        1733.30         3059.57         4689.29  
    0.300       431.25          1063.30        2253.00         3583.28         5500.00  
    0.306       434.63          1112.29        2277.52         3567.14         5500.00  
    0.312       428.05          1164.26        2233.99         3548.64         4497.94  
    0.319       412.01          1198.60        2198.55         3496.77         3752.31  
    0.325       393.40          1223.11        2298.31         3443.15         3610.63  
    0.331       345.60          1243.10        2378.38         3183.32         3629.18  
    0.338       281.39          1262.79        2426.20         3048.20         3882.32  
    0.344       251.38          1363.52        2516.70         3345.21         4848.14  
    0.350       256.76          1391.68        2492.47         3460.21         5500.00  
    0.356       260.54          1348.11        2408.30         3440.00         5500.00  
    0.363       261.93          1333.74        2421.26         3444.85         5500.00  
    0.369       270.10          1344.95        2487.58         3139.19         5389.79  
    0.375       287.51          1301.82        2350.89         2915.56         5254.19  
    0.381       297.75          1227.53        2183.73         2892.47         5019.82  
    0.388       296.93          1217.20        2191.91         2894.18         4817.02  
    0.394       294.77          1221.59        2233.82         2880.19         4779.72  
    0.400       289.83          1268.78        2225.25         2678.58         4751.41  
    0.406       263.99          1272.87        2234.80         2678.90         4660.45  
    0.413       227.74          1176.02        2212.61         2818.44         4613.41  
    