0.025       230.02          769.52        2641.80         4347.46         5500.00  
    0.031       226.33          812.74        2636.97         4315.41         5407.16  
    0.038       219.16          856.23        2714.08         4287.93         5451.37  
    0.044       203.32          843.64        2712.65         4288.14         5500.00  
    0.050       67.54          374.60        1528.03         3295.50         4699.57  
    0.056       0          146.47        902.63         2821.86         4286.21  
    0.062       0          176.31        951.96         2858.60         4335.95  
    0.069       0          172.33        930.66         2705.60         4303.70  
    0.075       0          355.10        1721.49         2716.09         4402.65  
    0.081       0          560.34        2231.47         2850.41         4456.21  
    0.088       0          572.57        2305.51         3034.37         4403.98  
    0.094       0          507.79        2375.74         3107.63         4014.19  
    0.100       301.45          1018.06        2505.70         3594.51         4923.28  
    0.106       471.87          1377.94        2563.76         3887.72         5500.00  
    0.113       164.46          823.94        1969.26         2971.89         4476.28  
    0.119       0          525.17        1695.17         2468.65         3924.83  
    0.125       0          522.65        1619.17         2477.66         3935.97  
    0.131       333.57          1183.66        2165.84         3401.96         4965.78  
    0.138       174.74          858.38        1882.79         2976.08         4470.20  
    0.144       333.41          1185.59        2177.77         3447.49         4960.55  
    0.150       507.88          1529.84        2531.28         3941.82         5500.00  
    0.156       510.88          1557.69        2550.05         4008.23         5500.00  
    0.163       511.62          1541.94        2514.35         3995.99         5500.00  
    0.169       503.16          1489.82        2474.27         3942.00         5500.00  
    0.175       495.37          1441.13        2452.66         3889.00         5500.00  
    0.181       498.85          1450.72        2480.78         3860.42         5500.00  
    0.188       505.87          1502.72        2523.92         3874.73         5500.00  
    0.194       505.34          1515.65        2515.17         3884.85         5386.70  
    0.200       498.20          1501.49        2483.62         3777.41         5057.24  
    0.206       494.83          1493.82        2494.12         3780.36         4858.41  
    0.213       495.49          1499.80        2515.94         3770.00         4799.46  
    0.219       497.37          1530.97        2528.35         3664.75         4790.36  
    0.225       504.46          1500.37        2525.83         3654.09         4772.77  
    0.231       516.80          1531.67        2507.79         3827.74         4702.33  
    0.238       531.32          1611.21        2520.09         3624.37         4632.50  
    0.244       537.45          1743.67        2628.14         4155.39         5194.83  
    0.250       543.73          1775.98        2723.25         4490.76         4872.49  
    0.256       554.71          1575.83        2613.65         4195.92         4467.70  
    0.263       556.67          1385.95        2568.98         3993.20         4710.34  
    0.269       561.99          1329.65        2660.72         3963.70         4910.49  
    0.275       551.06          1335.92        2699.15         3933.86         4853.82  
    0.281       526.70          1393.34        2603.20         3928.78         4698.56  
    0.288       503.15          1406.53        2519.62         3930.14         4627.76  
    0.294       170.31          807.87        2488.50         3964.52         4202.95  
    0.300       0          508.46        2468.64         3650.89         4013.29  
    0.306       0          532.47        2387.74         3374.50         3997.76  
    0.312       0          550.17        2261.06         3273.09         4022.49  
    0.319       0          538.05        2138.45         3213.79         4137.65  
    0.325       0          498.50        2085.67         3203.14         4236.25  
    0.331       0          490.39        2089.50         3222.03         4206.97  
    0.338       0          499.56        2181.01         3257.90         4149.44  
    0.344       0          512.88        2364.54         3761.48         4171.92  
    0.350       187.26          729.97        2494.19         3914.79         4609.32  
    0.356       98.10          289.02        1112.49         2951.98         4345.24  
    0.363       0          346.41        1707.00         3059.03         4362.62  
    0.369       0          181.47        1047.92         2853.52         3996.89  
    0.375       0          155.85        1787.14         2603.90         4245.38  
    