0.025       174.46          978.22        2318.77         4467.83         5500.00  
    0.031       173.88          926.48        2391.87         4476.89         5500.00  
    0.038       33.84          316.79        1191.87         2870.33         4708.60  
    0.044       0          172.62        893.05         2496.00         4424.72  
    0.050       0          172.89        873.88         2456.09         4388.26  
    0.056       138.79          711.39        2080.72         3196.42         5178.11  
    0.062       174.73          1214.11        2630.55         3372.31         5018.56  
    0.069       218.28          1215.05        2654.08         3418.71         4844.31  
    0.075       451.39          871.49        2544.36         3627.53         4769.80  
    0.081       578.94          804.58        2292.98         3508.55         4725.45  
    0.088       116.24          632.85        1450.21         2924.11         4441.09  
    0.094       0          614.77        1495.98         2771.10         4302.06  
    0.100       0          653.77        1666.69         2656.38         4232.78  
    0.106       0          700.45        1931.73         2716.55         4182.64  
    0.113       0          729.40        2060.68         2660.98         4179.58  
    0.119       0          736.51        1985.01         2704.06         4251.20  
    0.125       0          734.53        2269.82         2442.14         4311.23  
    0.131       0          721.05        1991.77         2725.99         4233.21  
    0.138       0          699.72        1666.26         2862.65         4257.83  
    0.144       0          685.89        1596.35         2865.93         4272.56  
    0.150       0          674.35        1426.23         2798.18         4386.15  
    0.156       541.22          1114.92        2320.01         3865.73         4510.18  
    0.163       684.77          1123.39        2465.49         4008.54         4515.00  
    0.169       703.57          1050.92        2417.32         3850.44         4542.12  
    0.175       709.84          1017.78        2436.61         3798.08         4489.75  
    0.181       716.33          1069.01        2401.63         3868.91         4522.57  
    0.188       740.12          1039.90        2270.88         3913.90         4609.69  
    0.194       727.47          812.96        2191.50         3972.75         4558.12  
    0.200       746.14          946.40        2183.96         4209.95         5313.24  
    0.206       146.42          799.22        1572.80         2450.70         4401.33  
    0.213       0          771.94        1573.95         2223.81         4104.40  
    0.219       651.61          835.64        2239.26         3736.29         5226.69  
    0.225       828.30          870.52        2357.75         4113.80         5318.69  
    0.231       741.01          985.76        2373.47         4128.78         5119.53  
    0.238       719.93          1039.18        2429.86         4144.18         4927.42  
    0.244       710.45          1055.01        2460.20         4159.48         4847.59  
    0.250       666.29          1078.78        2445.61         4190.57         4813.96  
    0.256       599.35          1115.89        2448.67         4257.97         4782.31  
    0.263       536.51          1141.88        2421.05         4249.14         4806.64  
    0.269       453.25          1203.94        2524.99         4288.14         4826.51  
    0.275       382.61          1292.43        2658.28         4324.05         4869.40  
    0.281       344.20          1338.65        2658.31         4353.83         4915.01  
    0.288       336.09          1342.92        2492.43         4353.86         4919.31  
    0.294       324.91          1254.09        2349.20         4325.27         4929.36  
    0.300       313.95          1205.01        2312.93         4318.12         4939.19  
    0.306       295.80          1216.15        2339.64         4315.32         4927.90  
    0.312       284.89          1239.97        2389.30         4319.15         4906.23  
    0.319       277.02          1237.79        2402.10         4321.30         4874.66  
    0.325       273.78          1205.15        2388.37         4314.18         4879.63  
    0.331       297.25          1198.52        2369.52         4304.83         4878.65  
    0.338       312.55          1227.85        2361.56         4279.80         4922.32  
    0.344       313.52          1212.80        2380.92         4265.72         4958.44  
    0.350       299.18          1104.85        2387.53         4280.97         4926.50  
    0.356       280.74          973.01        2364.00         4291.40         4902.84  
    0.363       252.27          1071.47        2392.43         4291.85         4903.60  
    0.369       47.97          214.56        1317.76         2781.07         4414.22  
    0.375       0          0        1093.12         2420.35         4285.94  
    0.381       104.85          914.53        2167.94         3901.60         4799.09  
    0.388       146.84          1141.81        2445.31         4261.36         4901.29  
    0.394       209.19          1151.80        2439.32         4264.68         4869.48  
    0.400       233.58          1166.11        2410.25         4246.37         4903.84  
    0.406       227.63          1171.40        2414.20         4219.39         4802.27  
    0.413       221.79          1160.25        2413.19         4243.37         4725.02  
    0.419       227.05          1146.33        2389.97         4258.08         4844.76  
    0.425       226.30          1142.98        2375.98         4265.78         4932.94  
    0.431       222.93          1155.89        2332.95         4298.39         5009.66  
    0.438       220.36          1201.75        2243.62         4294.90         5031.20  
    0.444       216.78          1296.21        2270.00         4274.26         4971.37  
    0.450       213.38          1273.07        2377.34         4266.43         4944.80  
    0.456       209.80          1184.19        2403.44         4255.55         4946.54  
    