0.025       222.03          1088.07        2348.51         3838.15         4704.54  
    0.031       224.10          973.99        2381.84         3960.44         4565.36  
    0.038       235.91          795.10        2351.77         4002.08         4789.59  
    0.044       253.73          650.37        2328.97         3900.05         5326.09  
    0.050       75.95          179.59        879.22         2669.44         3951.10  
    0.056       201.10          1121.80        1752.71         3012.97         4271.47  
    0.062       376.68          1613.87        2355.43         3441.06         4645.37  
    0.069       440.68          1497.94        2339.89         3606.78         4706.95  
    0.075       435.72          1165.01        2334.53         3613.24         4795.47  
    0.081       433.34          965.26        2301.33         3545.88         4926.05  
    0.088       441.22          871.96        2270.83         3453.18         4998.45  
    0.094       440.00          871.13        2249.67         3389.68         4823.50  
    0.100       440.67          904.36        2254.33         3431.61         4729.63  
    0.106       443.66          947.74        2286.70         3581.95         5272.30  
    0.113       447.93          966.07        2286.04         3638.90         5500.00  
    0.119       451.75          978.24        2287.66         3626.13         5500.00  
    0.125       449.57          996.20        2308.92         3606.83         5500.00  
    0.131       447.56          1100.75        2360.18         3611.00         5500.00  
    0.138       447.31          1239.73        2399.08         3660.51         5500.00  
    0.144       447.52          1335.68        2442.16         3719.35         5500.00  
    0.150       449.58          1357.25        2473.01         3704.23         5177.61  
    0.156       453.42          1344.80        2526.46         3710.63         5028.89  
    0.163       458.15          1347.28        2517.05         3742.39         5039.94  
    0.169       460.33          1346.00        2456.48         3713.12         5243.66  
    0.175       462.54          1320.45        2428.60         3691.52         5448.76  
    0.181       462.54          1286.11        2364.39         3671.79         5077.31  
    0.188       461.96          1274.68        2340.49         3676.65         4800.71  
    0.194       460.24          1251.38        2358.50         3679.26         4748.32  
    0.200       459.85          1219.45        2373.94         3728.12         4843.82  
    0.206       458.79          1164.39        2391.97         3741.53         5050.90  
    0.213       460.71          1093.84        2411.48         3725.27         5126.70  
    0.219       467.90          1039.76        2422.38         3756.76         5391.50  
    0.225       478.31          1026.34        2408.77         3735.86         5044.82  
    0.231       479.66          1006.10        2383.68         3651.15         4633.77  
    0.238       480.05          949.80        2368.63         3605.33         4584.67  
    0.244       485.77          959.20        2370.15         3648.10         4554.94  
    0.250       492.41          992.20        2365.77         3685.76         5217.35  
    0.256       476.43          1016.78        2330.97         3709.98         5500.00  
    0.263       467.07          1036.31        2318.08         3689.45         5167.05  
    0.269       471.38          1028.57        2312.38         3624.12         4821.81  
    0.275       479.29          1018.55        2288.44         3629.99         4589.50  
    0.281       495.07          1047.21        2273.92         3675.15         5215.47  
    0.288       146.67          670.59        1511.90         2679.35         4158.27  
    0.294       352.59          998.55        1947.48         3133.03         3991.02  
    0.300       494.49          1238.85        2259.59         3561.18         3896.34  
    0.306       144.36          711.88        1716.27         2639.26         3694.34  
    0.312       0          432.99        1509.87         2258.48         3651.65  
    0.319       258.75          1081.49        2075.70         3203.13         4330.04  
    0.325       374.04          1357.74        2378.29         3645.81         4499.27  
    0.331       369.97          1355.75        2467.17         3903.92         4464.04  
    0.338       363.73          1366.60        2487.83         3981.91         4438.37  
    0.344       366.98          1450.80        2481.62         4203.11         4400.29  
    0.350       368.47          1463.60        2437.83         4192.11         5174.72  
    0.356       366.79          1424.81        2396.37         4205.22         5500.00  
    0.363       369.98          1403.00        2369.23         3886.56         4899.45  
    0.369       375.58          1388.86        2393.79         4093.73         4594.18  
    0.375       377.56          1378.02        2416.09         3932.31         4652.14  
    0.381       376.38          1371.72        2416.68         3745.13         4710.85  
    0.388       373.20          1369.74        2380.40         3632.36         4768.28  
    0.394       367.35          1378.99        2363.90         3763.45         4814.90  
    0.400       362.44          1380.48        2366.86         3684.73         4832.87  
    0.406       353.90          1377.10        2355.41         3546.77         4788.97  
    0.413       335.40          1395.80        2394.14         3492.11         4774.29  
    0.419       319.26          1445.11        2451.96         3306.91         4787.80  
    0.425       319.61          1446.92        2483.29         3173.46         4787.70  
    