0.025       81.27          845.73        2644.95         3345.56         4804.49  
    0.031       255.87          870.56        2761.35         3387.78         4702.39  
    0.038       373.10          888.05        2790.75         3394.10         4734.58  
    0.044       393.50          865.89        2768.60         3331.40         4768.61  
    0.050       405.89          847.50        2779.43         3297.09         4568.00  
    0.056       414.12          848.57        2796.03         3288.15         4253.24  
    0.062       421.15          853.84        2823.49         3284.71         4333.66  
    0.069       433.43          856.99        2899.78         3286.99         4701.59  
    0.075       446.59          860.42        3041.25         3301.30         4896.16  
    0.081       457.70          861.25        3194.13         3289.53         4863.61  
    0.088       466.73          859.26        3263.90         3353.92         4875.05  
    0.094       464.51          859.26        3209.41         3344.67         4977.23  
    0.100       462.18          866.61        3067.54         3359.65         5049.32  
    0.106       468.77          871.19        2980.91         3387.98         5079.34  
    0.113       473.39          876.62        2977.23         3388.09         5191.34  
    0.119       488.71          879.27        3055.63         3370.76         5203.68  
    0.125       498.67          869.94        3143.61         3364.69         5172.43  
    0.131       486.32          876.99        3175.54         3369.88         5157.01  
    0.138       476.57          878.59        3140.65         3372.25         5149.71  
    0.144       467.29          876.66        3104.31         3389.01         5151.45  
    0.150       467.81          868.92        3096.11         3410.38         5234.84  
    0.156       482.19          851.10        3072.96         3427.51         5358.60  
    0.163       506.18          798.57        3038.86         3449.84         5464.77  
    0.169       500.55          800.91        3015.08         3462.85         5112.30  
    0.175       479.47          831.26        3013.55         3457.34         4782.06  
    0.181       465.25          849.86        3049.48         3457.39         4865.65  
    0.188       448.58          865.35        3094.66         3467.91         5028.52  
    0.194       445.88          866.81        3103.31         3454.66         5180.18  
    0.200       447.03          870.36        3109.85         3445.90         5166.59  
    0.206       446.00          878.77        3082.89         3430.04         4994.90  
    0.213       444.84          876.91        3015.93         3394.59         4955.45  
    0.219       446.99          866.84        3004.84         3373.98         5026.78  
    0.225       443.42          868.67        3075.93         3394.45         5081.82  
    0.231       435.19          868.99        3126.94         3413.74         5139.01  
    0.238       431.61          866.45        3094.59         3425.75         5200.62  
    0.244       430.88          860.35        3041.20         3439.77         5399.80  
    0.250       430.17          850.15        3025.14         3437.02         5500.00  
    0.256       433.09          845.14        3012.15         3426.69         5500.00  
    0.263       432.25          837.50        2997.05         3410.94         5116.65  
    0.269       428.04          832.95        3001.60         3410.83         4833.22  
    0.275       426.26          829.96        3066.45         3432.10         5246.18  
    0.281       429.45          823.31        3099.68         3447.73         5500.00  
    0.288       429.06          806.25        3037.01         3442.15         5500.00  
    0.294       427.07          795.10        2960.72         3430.03         5500.00  
    0.300       429.46          783.55        2978.93         3418.94         5500.00  
    0.306       432.20          775.90        2981.91         3417.98         5500.00  
    0.312       440.58          766.24        2935.40         3415.65         5500.00  
    0.319       455.00          747.34        2914.03         3414.93         5500.00  
    0.325       440.53          771.37        2941.42         3418.26         5349.05  
    0.331       431.88          785.63        2942.29         3418.30         5206.91  
    0.338       446.97          773.26        2906.87         3418.89         5382.87  
    0.344       455.10          770.19        2873.33         3423.24         5500.00  
    0.350       446.38          787.00        2831.20         3429.63         5500.00  
    0.356       440.78          810.59        2788.64         3433.93         5500.00  
    0.363       442.79          833.76        2741.59         3427.39         5500.00  
    0.369       450.33          876.91        2722.26         3440.61         5500.00  
    0.375       454.93          929.71        2731.80         3455.91         5500.00  
    0.381       452.81          965.96        2734.89         3441.28         5500.00  
    0.388       454.64          998.25        2730.15         3383.74         5500.00  
    0.394       457.99          1046.40        2723.48         3333.80         5500.00  
    0.400       454.80          1080.12        2726.67         3415.41         5500.00  
    0.406       450.29          1088.72        2766.59         3543.46         5500.00  
    0.413       161.69          675.95        1705.46         3081.86         4275.77  
    0.419       202.57          879.12        2188.81         3334.85         4811.10  
    0.425       297.55          1122.88        2780.99         3621.37         5052.11  
    0.431       284.94          1118.27        2768.94         3628.27         4521.93  
    0.438       289.88          1123.19        2765.41         3655.44         4338.05  
    0.444       295.31          1147.69        2764.32         3694.09         4807.71  
    0.450       298.54          1221.42        2781.78         3729.46         4771.30  
    0.456       296.74          1222.66        2758.98         3428.81         4081.41  
    0.463       295.60          1210.04        2766.10         3397.11         3757.78  
    0.469       297.82          1203.36        2772.83         3639.97         3958.92  
    0.475       300.77          1216.67        2770.94         3701.63         4336.33  
    0.481       300.83          1238.29        2765.80         3686.58         4457.75  
    0.488       299.65          1245.22        2737.63         3523.49         4430.74  
    0.494       299.83          1269.74        2713.93         3472.81         4219.32  
    0.500       300.19          1315.44        2723.28         3188.66         3793.85  
    0.506       301.09          1355.70        2740.85         2853.39         3640.96  
    0.513       301.87          1362.42        2743.89         2903.56         3690.69  
    0.519       302.13          1357.26        2744.59         3092.68         3731.26  
    0.525       300.54          1318.38        2744.76         3183.60         3756.44  
    