0.025       201.27          765.00        2733.75         4248.68         5500.00  
    0.031       10.04          230.21        860.49         2792.29         4233.22  
    0.038       0          204.69        766.58         2700.03         3997.27  
    0.044       195.13          741.33        2474.63         3845.70         5226.75  
    0.050       10.25          292.74        2170.94         3022.86         4604.24  
    0.056       0          453.65        2291.35         3005.24         4375.35  
    0.062       486.32          642.86        2351.66         4208.37         4524.89  
    0.069       439.18          792.83        2188.71         4276.23         4697.51  
    0.075       449.50          828.69        2226.25         4289.86         4713.99  
    0.081       481.49          848.10        2243.66         4281.60         4693.33  
    0.088       570.68          801.62        2216.46         4274.56         4742.09  
    0.094       28.70          39.87        805.05         2146.60         4312.66  
    0.100       0          706.78        1867.41         4089.64         4307.29  
    0.106       0          754.05        1971.07         4388.98         4513.45  
    0.113       283.48          748.57        2090.54         4173.45         4575.28  
    0.119       680.34          740.33        2350.66         4284.72         4545.45  
    0.125       734.84          752.64        2445.16         4130.86         4635.82  
    0.131       715.39          807.85        2510.12         4119.58         4673.79  
    0.138       624.77          909.42        2592.42         4138.27         4629.57  
    0.144       594.35          928.28        2682.84         4137.19         4603.62  
    0.150       581.81          931.00        2720.87         4199.60         4615.52  
    0.156       572.18          944.54        2681.97         4217.73         4567.81  
    0.163       576.55          966.90        2547.01         4119.21         4466.77  
    0.169       581.96          954.25        2510.92         4144.36         4583.92  
    0.175       565.83          940.80        2563.09         4169.58         4637.23  
    0.181       571.47          942.11        2550.96         4131.34         4641.95  
    0.188       584.09          945.42        2557.05         4143.22         4734.24  
    0.194       570.40          942.68        2575.71         4137.77         4672.42  
    0.200       554.03          952.65        2627.20         4130.74         4650.67  
    0.206       542.92          969.59        2645.02         4184.19         4651.44  
    0.213       535.16          992.17        2620.97         4213.10         4763.71  
    0.219       532.10          1014.33        2605.55         4187.02         4815.40  
    0.225       534.73          1030.34        2604.23         4166.30         4886.18  
    0.231       544.92          1043.01        2577.07         4167.00         5390.14  
    0.238       548.00          1053.46        2553.68         4184.88         5386.64  
    0.244       560.25          1082.71        2580.77         4185.65         5494.27  
    0.250       564.53          1146.12        2596.01         4235.99         5500.00  
    0.256       28.17          589.21        1262.89         2665.27         4320.56  
    0.263       0          570.33        1217.92         2503.08         4248.52  
    0.269       483.17          1197.55        2096.45         4152.00         5437.54  
    0.275       25.37          188.31        1341.29         2099.99         4272.25  
    0.281       0          1292.41        1366.54         2293.27         4211.66  
    0.288       0          842.37        1375.79         2427.57         4202.97  
    0.294       164.29          1346.87        2162.80         4011.16         5435.27  
    0.300       8.63          263.45        1395.53         2998.49         4240.79  
    0.306       0          195.97        1373.18         3164.83         4209.06  
    0.312       0          164.19        1379.56         3015.54         4140.10  
    0.319       0          192.96        1351.54         3018.61         4210.17  
    0.325       0          189.18        1372.71         3160.12         4193.97  
    0.331       0          173.57        1341.55         3216.96         4284.08  
    0.338       187.92          1258.20        2234.02         3512.43         4877.15  
    0.344       217.22          1367.05        2054.38         3688.78         4994.10  
    0.350       204.68          1444.35        2336.32         3716.75         5474.99  
    0.356       196.59          1439.49        2451.68         3885.52         5500.00  
    0.363       196.91          1416.15        1974.72         3810.14         4835.72  
    0.369       191.10          1392.73        2142.30         3906.55         4831.47  
    0.375       187.65          1404.34        2399.75         3562.67         4941.17  
    