0.025       192.68          939.94        2482.18         2819.31         4045.96  
    0.031       202.07          866.95        2373.48         2914.47         4006.29  
    0.038       214.70          721.24        2200.35         3083.84         4014.36  
    0.044       220.40          705.84        2178.97         2914.20         3959.73  
    0.050       77.62          398.02        1553.00         2602.49         3839.25  
    0.056       141.12          616.49        1976.43         2975.70         3687.91  
    0.062       76.25          443.18        1748.94         2828.02         3605.54  
    0.069       0          237.97        1295.53         2645.19         3539.54  
    0.075       0          231.25        1197.14         2632.98         3476.45  
    0.081       133.92          660.51        2139.19         3077.48         4783.59  
    0.088       205.77          859.94        2637.47         3388.19         5096.25  
    0.094       259.23          591.26        2623.24         3491.86         4810.16  
    0.100       326.77          631.77        2581.26         3507.99         4727.93  
    0.106       364.75          742.09        2526.19         3443.43         4443.85  
    0.113       383.66          754.97        2451.72         3398.43         4007.83  
    0.119       401.28          770.22        2397.99         3357.14         3814.62  
    0.125       419.41          792.15        2404.39         3346.53         3751.19  
    0.131       433.43          807.23        2527.14         3447.93         3749.21  
    0.138       440.02          805.68        2569.28         3541.91         3857.60  
    0.144       438.85          793.62        2534.91         3553.04         3966.99  
    0.150       419.70          791.31        2548.26         3534.75         3992.96  
    0.156       405.09          800.58        2612.09         3518.82         3890.46  
    0.163       410.99          806.01        2504.75         3495.53         3855.74  
    0.169       424.76          812.28        2416.59         3470.18         3932.75  
    0.175       434.82          816.21        2393.99         3460.69         4030.52  
    0.181       430.95          815.85        2389.06         3507.79         4091.22  
    0.188       423.87          812.94        2393.55         3557.11         4113.41  
    0.194       425.67          811.09        2363.19         3565.32         4144.34  
    0.200       443.38          814.46        2347.78         3551.16         4189.83  
    0.206       448.89          820.73        2344.16         3549.54         4225.95  
    0.213       436.33          824.31        2328.03         3567.59         4135.73  
    0.219       441.76          832.82        2353.87         3597.56         4078.40  
    0.225       441.20          834.36        2386.31         3606.64         4659.27  
    0.231       440.00          830.68        2404.59         3591.28         4766.36  
    0.238       441.02          832.45        2428.77         3579.52         4733.07  
    0.244       449.07          831.22        2524.69         3559.95         4761.46  
    0.250       457.29          834.40        2675.68         3548.99         4530.66  
    0.256       457.08          864.03        2709.29         3528.98         4051.99  
    0.263       448.33          897.37        2352.28         3443.15         3792.47  
    0.269       443.90          921.16        2033.34         3392.07         3733.02  
    0.275       438.90          935.15        1980.48         3347.51         3719.61  
    0.281       424.22          939.72        2044.06         3259.17         3714.02  
    0.288       398.63          940.68        2215.53         3220.06         3746.72  
    0.294       371.64          976.00        2351.72         3239.13         3853.57  
    0.300       340.29          1046.63        2360.06         3240.22         3931.03  
    0.306       320.99          1104.90        2308.00         3162.84         3921.98  
    0.312       318.19          1106.05        2293.36         3113.69         3936.75  
    0.319       320.51          1096.09        2316.08         3181.74         3926.95  
    0.325       321.60          1138.94        2340.40         3127.59         3933.10  
    0.331       318.42          1178.12        2337.71         2994.02         3948.72  
    0.338       314.02          1206.45        2341.93         2921.77         3986.96  
    0.344       310.04          1230.04        2346.75         2876.49         4050.38  
    0.350       309.11          1233.36        2359.46         2823.74         4057.51  
    0.356       311.37          1237.42        2436.24         2793.29         4061.17  
    0.363       306.22          1220.83        2389.13         2800.41         4052.57  
    0.369       286.16          1208.19        2336.92         2821.68         4009.10  
    0.375       269.97          1304.26        2336.06         2858.24         4018.68  
    0.381       263.77          1453.22        2336.98         3002.16         4043.36  
    0.388       259.42          1423.20        2407.52         3364.66         4045.96  
    0.394       254.17          1330.37        2431.33         3560.44         4053.87  
    0.400       255.58          1273.87        2424.28         3522.49         4063.62  
    0.406       90.29          616.36        2315.60         3064.43         4046.14  
    