0.025       0          248.97        871.83         2099.20         3397.24  
    0.031       201.58          797.01        2255.81         4913.15         5137.14  
    0.038       42.04          428.11        2185.52         3177.89         4993.46  
    0.044       0          594.78        2226.42         2759.61         4850.75  
    0.050       514.46          694.31        2553.30         3436.65         4960.17  
    0.056       537.01          851.44        2395.22         3859.65         5120.42  
    0.062       536.56          890.68        2337.93         3870.30         5439.39  
    0.069       544.94          881.98        2334.77         3507.45         5313.34  
    0.075       563.20          870.91        2342.39         3481.02         5257.07  
    0.081       574.96          878.72        2316.48         3729.37         5131.96  
    0.088       583.39          879.11        2310.06         3791.87         5040.77  
    0.094       593.62          886.41        2310.01         3784.63         4948.06  
    0.100       598.34          898.56        2298.59         3815.60         5053.52  
    0.106       600.98          882.35        2320.75         3815.71         4918.44  
    0.113       593.61          890.64        2360.42         3818.85         4936.97  
    0.119       583.54          892.76        2399.66         3736.88         4999.67  
    0.125       582.47          884.85        2366.56         3671.83         4875.92  
    0.131       595.61          899.90        2309.22         3628.99         4857.64  
    0.138       596.81          921.16        2301.11         3633.04         4853.53  
    0.144       596.69          915.56        2318.76         3637.03         4823.73  
    0.150       585.21          885.67        2393.06         3627.26         4728.20  
    0.156       576.67          865.46        2426.13         3494.17         4632.62  
    0.163       574.29          867.76        2456.67         3429.35         4675.99  
    0.169       573.80          868.45        2462.91         3462.41         4937.72  
    0.175       577.54          866.90        2471.67         3416.29         4910.71  
    0.181       577.08          868.55        2461.23         3500.40         4777.64  
    0.188       576.29          875.06        2453.86         3634.88         4776.08  
    0.194       574.09          880.71        2471.92         3534.27         4961.67  
    0.200       566.16          888.28        2496.46         3344.40         4894.35  
    0.206       565.49          893.21        2522.65         3235.00         4919.09  
    0.213       567.35          889.48        2505.23         3158.54         5054.52  
    0.219       571.00          887.32        2538.07         3184.96         5020.71  
    0.225       567.66          891.97        2547.11         3190.74         4989.06  
    0.231       563.15          890.75        2549.49         3112.69         4954.27  
    0.238       559.03          886.86        2593.25         2995.78         4917.98  
    0.244       557.95          886.67        2560.35         3003.89         4974.92  
    0.250       553.76          885.08        2535.98         3056.77         4968.99  
    0.256       544.94          878.30        2578.00         3138.23         4955.87  
    0.263       543.02          873.64        2567.53         3099.36         5011.13  
    0.269       543.14          872.96        2533.17         3118.48         5013.54  
    0.275       540.98          871.86        2512.16         3183.33         4944.18  
    0.281       534.63          873.35        2511.00         3031.11         4970.24  
    0.288       535.03          877.27        2531.92         2990.97         4991.34  
    0.294       536.34          878.34        2570.97         3097.34         4955.38  
    0.300       537.58          879.85        2598.50         3025.73         4967.77  
    0.306       542.55          876.39        2596.85         3005.93         4959.68  
    0.312       552.57          868.97        2607.21         3013.41         4950.23  
    0.319       568.50          860.76        2595.62         3059.25         4880.26  
    0.325       565.80          852.89        2587.92         2993.11         4785.96  
    0.331       566.41          856.15        2567.81         2987.40         4732.50  
    0.338       567.68          855.69        2555.06         2922.87         4720.08  
    0.344       566.79          846.61        2560.42         2857.15         4722.69  
    0.350       566.75          844.25        2558.14         2823.25         4709.33  
    0.356       569.03          845.41        2528.72         2794.94         4596.54  
    0.363       567.34          839.46        2564.91         2784.57         4466.74  
    0.369       576.06          843.42        2661.25         2928.84         4490.29  
    0.375       583.07          845.42        2692.63         3404.88         4491.51  
    0.381       525.38          808.84        2649.08         4325.67         5325.67  
    0.388       452.60          760.89        2596.24         4421.54         5227.87  
    0.394       395.39          687.00        2558.70         4175.80         4931.68  
    0.400       353.09          701.47        2545.68         3941.61         4979.44  
    0.406       319.58          691.88        2552.61         3949.36         4908.28  
    0.413       298.14          700.96        2586.40         4045.69         5394.60  
    0.419       285.21          743.43        2689.56         4115.39         5500.00  
    