0.025       0          293.91        973.37         2392.48         3558.70  
    0.031       0          332.15        1066.07         2402.25         3556.66  
    0.038       0          394.22        1184.09         2412.14         3685.88  
    0.044       0          386.41        1185.03         2404.18         3771.57  
    0.050       0          334.28        1137.55         2408.77         3805.58  
    0.056       0          277.86        882.48         2429.17         3867.35  
    0.062       0          254.27        758.16         2432.06         3794.30  
    0.069       166.58          574.62        1949.77         3447.39         4996.94  
    0.075       237.81          740.06        2398.33         3723.53         5022.25  
    0.081       248.07          679.85        2271.96         3686.19         4713.34  
    0.088       383.96          729.28        2348.93         3854.61         4547.32  
    0.094       460.15          849.01        2427.16         3878.02         4723.78  
    0.100       525.49          1396.76        2042.48         3785.80         5302.40  
    0.106       158.14          907.73        1687.38         3454.60         4333.26  
    0.113       0          648.65        1582.44         3223.10         3945.60  
    0.119       0          660.15        1559.83         2918.60         3931.29  
    0.125       0          678.94        1658.34         2614.36         3911.11  
    0.131       0          696.08        1606.45         2735.50         3929.19  
    0.138       491.98          1196.79        2322.87         3645.19         5049.05  
    0.144       687.23          1339.25        2458.88         3811.43         5147.23  
    0.150       701.38          1321.18        2328.25         3823.74         5271.03  
    0.156       710.68          1322.37        2305.07         3797.38         5123.35  
    0.163       715.31          1327.73        2277.53         3753.39         4978.47  
    0.169       722.57          1437.82        2328.05         3854.78         5344.76  
    0.175       725.67          1422.59        2290.17         3842.40         5500.00  
    0.181       731.01          1389.21        2274.97         3744.40         5207.54  
    0.188       736.74          1524.15        2276.64         3847.98         5381.45  
    0.194       732.84          1746.29        2271.55         3933.74         5500.00  
    0.200       731.12          1775.82        2242.13         3890.45         5500.00  
    0.206       730.00          1681.09        2203.07         3686.51         5198.05  
    0.213       730.74          1597.92        2168.93         3584.30         4994.53  
    0.219       730.72          1576.49        2163.13         3670.65         4908.13  
    0.225       720.98          1643.99        2223.85         3980.21         5323.03  
    0.231       206.84          990.64        2041.09         2748.56         4448.59  
    0.238       505.09          1353.40        2189.33         3379.25         4940.47  
    0.244       708.76          1484.99        2288.86         3812.32         5252.77  
    0.250       710.92          1451.42        2309.73         3797.77         5421.69  
    0.256       714.89          1434.65        2271.90         3632.53         5241.79  
    0.263       719.46          1412.54        2251.30         3613.02         5041.35  
    0.269       711.57          1420.70        2216.74         3700.54         5159.36  
    0.275       687.76          1469.11        2213.57         3681.52         5153.13  
    0.281       670.44          1589.26        2291.93         3647.83         5385.65  
    0.288       192.30          945.87        1864.47         3097.61         4378.39  
    0.294       0          660.55        1573.70         2800.19         3977.39  
    0.300       0          621.22        1505.06         2874.40         4032.00  
    0.306       248.17          1205.90        2315.24         3677.75         4555.57  
    0.312       343.64          1404.26        2529.58         3625.00         4783.55  
    0.319       359.93          1269.94        2398.16         3414.61         4777.58  
    0.325       369.01          1334.50        2525.31         3187.96         4770.07  
    0.331       363.16          1420.12        2589.02         3253.21         4783.90  
    0.338       364.87          1429.99        2623.31         3345.02         4800.92  
    0.344       372.78          1329.27        2576.96         3370.16         4863.57  
    0.350       391.85          1024.78        2509.74         3381.81         4830.99  
    0.356       377.89          992.23        2517.29         3329.10         4817.73  
    0.363       377.88          1056.63        2578.81         3271.04         4794.99  
    0.369       380.78          1070.93        2626.43         3393.05         4673.45  
    0.375       391.78          1123.01        2642.27         3662.32         4577.01  
    0.381       114.31          608.69        1607.52         2973.03         4378.09  
    0.388       281.04          915.69        2227.35         3755.49         4626.56  
    0.394       390.92          1107.57        2641.40         4147.02         5285.56  
    0.400       377.02          1048.60        2576.72         3598.08         5008.44  
    0.406       107.31          548.89        1452.09         2784.46         4226.86  
    0.413       233.56          803.99        2087.40         3155.60         4635.67  
    0.419       297.32          1006.00        2486.80         3235.49         4938.43  
    0.425       270.98          1069.87        2473.73         3268.40         4930.12  
    0.431       264.28          1156.23        2598.05         3478.15         5046.75  
    0.438       278.91          1139.80        2674.53         3763.24         5384.09  
    0.444       277.30          1049.99        2702.15         3669.79         5233.55  
    0.450       247.01          1211.18        2677.45         3760.31         5228.96  
    