0.025       278.02          1191.93        2537.31         3926.18         4536.38  
    0.031       276.83          1181.26        2550.46         3823.46         4585.77  
    0.038       275.66          1168.41        2523.44         3821.42         4623.26  
    0.044       274.07          1162.04        2476.61         3821.36         4620.49  
    0.050       267.76          1135.24        2428.86         3679.72         4613.85  
    0.056       265.95          1051.04        2419.81         3574.49         4581.15  
    0.062       270.54          1010.13        2445.32         3579.90         4635.11  
    0.069       277.31          1018.42        2419.09         3490.42         4664.91  
    0.075       282.08          997.61        2395.11         3403.30         4631.82  
    0.081       274.19          1020.66        2391.70         3414.75         4625.49  
    0.088       261.80          1024.14        2390.35         3473.98         4634.68  
    0.094       247.69          989.01        2427.39         3550.18         4652.46  
    0.100       239.13          964.18        2469.57         3649.94         4634.79  
    0.106       232.16          913.03        2493.81         3674.13         4694.05  
    0.113       223.31          924.71        2478.97         3616.49         4709.79  
    0.119       212.88          944.20        2486.10         3567.15         4676.41  
    0.125       199.26          922.87        2445.77         3608.20         4614.94  
    0.131       198.12          878.69        2420.10         3588.95         4561.93  
    0.138       200.13          858.04        2421.00         3518.24         4673.51  
    0.144       200.39          847.89        2419.12         3505.03         4776.71  
    0.150       203.52          810.16        2467.80         3575.15         4697.21  
    0.156       212.26          757.05        2477.97         3637.18         4821.92  
    0.163       232.37          1267.04        2655.06         3672.08         4850.30  
    0.169       309.50          1511.80        2727.58         3684.04         4781.36  
    0.175       367.96          1107.01        2677.56         3657.22         4707.52  
    0.181       376.89          811.38        2584.63         3619.84         4549.67  
    0.188       388.74          719.34        2563.80         3596.36         4395.32  
    0.194       413.76          681.35        2636.73         3579.37         4267.09  
    0.200       444.24          643.69        2708.97         3561.55         4179.72  
    0.206       487.70          561.42        2718.01         3577.92         4140.04  
    0.213       455.97          534.93        2660.47         3606.78         4149.94  
    0.219       420.28          540.11        2607.01         3618.80         4191.36  
    0.225       455.05          543.51        2610.18         3615.41         4229.82  
    0.231       512.20          543.87        2645.65         3618.13         4195.87  
    0.238       538.22          575.79        2668.79         3633.52         4155.01  
    0.244       515.67          668.36        2628.82         3646.96         4188.47  
    0.250       497.16          733.75        2558.72         3600.65         4296.10  
    0.256       495.81          771.13        2529.14         3582.61         4328.71  
    0.263       497.81          805.63        2542.23         3576.17         4314.49  
    0.269       495.19          827.30        2556.07         3579.32         4286.81  
    0.275       490.83          827.96        2568.84         3585.59         4264.34  
    0.281       484.93          811.35        2559.17         3586.52         4222.39  
    0.288       474.53          802.13        2502.56         3583.25         4124.91  
    0.294       470.80          810.88        2450.43         3593.55         4072.96  
    0.300       474.35          813.23        2419.50         3613.56         4064.51  
    0.306       486.20          836.10        2406.89         3612.72         4065.17  
    0.312       501.81          884.62        2401.93         3591.71         4087.28  
    0.319       517.09          952.52        2391.42         3580.54         4134.87  
    0.325       524.21          995.35        2488.55         3605.51         4136.04  
    0.331       529.37          1018.69        2607.34         3654.57         4127.79  
    0.338       539.83          1037.95        2593.89         3651.65         4291.85  
    0.344       555.10          1051.03        2645.48         3629.82         4515.80  
    0.350       559.33          1051.30        2665.07         3601.53         4510.92  
    0.356       552.24          1059.41        2508.89         3595.83         4567.33  
    0.363       535.98          1086.34        2470.45         3577.28         5209.43  
    0.369       507.48          1121.80        2486.82         3525.98         5108.56  
    0.375       474.57          1126.62        2460.03         3522.18         4682.53  
    0.381       429.54          1141.46        2493.13         3595.13         4169.16  
    0.388       363.51          1169.71        2496.92         3470.37         3993.39  
    0.394       327.04          1201.37        2524.74         3014.86         4016.85  
    0.400       320.61          1266.74        2596.84         2844.18         4030.18  
    0.406       320.07          1253.91        2648.06         3332.12         3970.07  
    0.413       104.74          626.00        2093.48         2958.08         4025.03  
    0.419       0          330.12        1773.86         2647.84         4075.50  
    0.425       0          342.01        2091.38         2636.03         4129.48  
    0.431       0          344.78        2250.23         2647.18         4136.20  
    0.438       0          322.58        2209.12         2657.77         4124.61  
    0.444       189.59          883.10        2474.17         2706.49         4193.36  
    0.450       282.78          1185.49        2506.32         2760.82         4208.54  
    0.456       297.37          1250.19        2309.36         2735.04         4210.18  
    0.463       99.63          658.02        2217.49         2682.33         4206.65  
    0.469       192.30          965.59        2437.00         2827.15         4215.23  
    0.475       289.97          1001.24        2527.45         2829.38         4198.98  
    