0.025       203.24          655.37        2352.83         3342.16         3895.12  
    0.031       200.82          653.28        2221.38         3082.59         3950.79  
    0.038       195.38          794.18        2026.25         2697.33         3873.63  
    0.044       191.30          788.82        2091.77         2912.17         3788.36  
    0.050       194.52          660.87        2104.35         2954.73         3701.95  
    0.056       50.79          311.81        1473.53         2742.32         3589.68  
    0.062       0          207.11        1204.28         2640.56         3493.05  
    0.069       0          197.02        974.71         2649.03         3430.07  
    0.075       144.71          624.30        2259.03         3079.93         4576.45  
    0.081       217.83          646.41        2663.31         3450.41         4843.95  
    0.088       292.28          678.86        2599.20         3529.91         4745.40  
    0.094       345.55          742.39        2525.65         3445.16         4527.19  
    0.100       371.66          761.51        2429.13         3399.26         4016.11  
    0.106       393.00          778.81        2338.16         3347.97         3801.48  
    0.113       412.95          799.81        2312.82         3316.56         3735.49  
    0.119       427.04          813.70        2495.09         3391.68         3683.57  
    0.125       430.75          814.83        2571.74         3525.27         3797.60  
    0.131       429.75          806.55        2533.67         3556.35         3915.61  
    0.138       417.76          801.75        2523.26         3529.53         3965.36  
    0.144       408.72          808.23        2597.71         3520.87         3874.04  
    0.150       418.42          807.81        2480.80         3504.21         3812.09  
    0.156       437.23          808.74        2404.94         3491.70         3875.35  
    0.163       452.02          812.50        2380.28         3470.48         3993.36  
    0.169       455.32          814.60        2363.06         3496.14         4064.21  
    0.175       452.43          813.58        2361.54         3544.23         4072.85  
    0.181       453.73          812.04        2324.96         3550.60         4102.39  
    0.188       468.98          815.74        2313.72         3539.41         4147.17  
    0.194       478.43          823.21        2324.93         3544.26         4201.84  
    0.200       470.91          827.96        2280.31         3556.61         4098.61  
    0.206       477.94          835.58        2335.39         3598.11         3919.77  
    0.213       481.78          841.87        2405.35         3610.64         5077.96  
    0.219       483.05          841.88        2434.15         3593.65         5500.00  
    0.225       485.93          842.88        2441.19         3585.29         5242.73  
    0.231       497.66          847.54        2540.58         3571.89         5409.99  
    0.238       516.95          850.27        2791.58         3571.04         5500.00  
    0.244       526.99          869.55        2967.73         3564.42         5500.00  
    0.250       523.03          894.20        2170.74         3438.76         4148.14  
    0.256       523.33          921.59        1594.28         3388.76         3677.80  
    0.263       518.09          936.93        1488.25         3360.53         3682.68  
    0.269       504.95          939.75        1509.22         3263.48         3681.38  
    0.275       460.42          923.79        1846.70         3204.63         3712.44  
    0.281       411.91          939.42        2234.28         3207.25         3804.11  
    0.288       355.61          994.65        2341.59         3232.83         3900.36  
    0.294       313.01          1049.12        2309.29         3215.99         3906.98  
    0.300       302.60          1042.62        2291.64         3111.86         3919.54  
    0.306       303.35          1028.80        2312.61         3229.80         3912.90  
    0.312       304.76          1048.01        2337.40         3184.19         3917.01  
    0.319       298.65          1098.92        2336.35         3032.18         3942.45  
    0.325       292.72          1140.35        2341.48         2961.50         3969.26  
    0.331       288.05          1174.68        2342.97         2884.43         4039.10  
    0.338       285.46          1192.79        2350.42         2825.23         4058.14  
    0.344       285.38          1206.63        2428.94         2791.06         4055.67  
    0.350       281.04          1196.47        2394.12         2795.07         4058.60  
    0.356       261.41          1182.52        2333.71         2818.58         4014.78  
    0.363       245.41          1252.99        2349.07         2852.32         4012.25  
    0.369       235.67          1408.37        2330.70         2963.77         4041.25  
    0.375       235.01          1416.94        2394.52         3317.15         4044.76  
    0.381       229.54          1322.41        2435.23         3544.46         4050.84  
    