0.025       386.18          1623.76        2380.78         3495.64         4634.86  
    0.031       413.14          1485.44        2347.06         3622.98         4716.27  
    0.038       423.21          1070.20        2330.22         3609.35         4810.78  
    0.044       428.46          870.00        2292.64         3536.53         4925.66  
    0.050       436.20          780.23        2263.04         3442.60         4989.30  
    0.056       437.30          794.41        2243.96         3388.01         4848.91  
    0.062       438.03          833.38        2248.99         3436.60         4723.91  
    0.069       439.17          885.19        2276.43         3591.19         5293.24  
    0.075       441.66          912.66        2277.93         3642.15         5500.00  
    0.081       443.54          918.07        2280.73         3627.29         5500.00  
    0.088       442.36          936.39        2299.21         3607.15         5500.00  
    0.094       442.95          1056.02        2347.98         3615.71         5500.00  
    0.100       444.45          1208.32        2381.00         3671.27         5500.00  
    0.106       445.50          1301.03        2412.11         3722.68         5500.00  
    0.113       447.29          1320.67        2399.01         3677.54         5188.69  
    0.119       450.12          1313.70        2418.69         3663.69         5049.70  
    0.125       453.88          1314.21        2387.35         3676.08         5063.67  
    0.131       456.58          1303.27        2295.20         3655.38         5389.62  
    0.138       460.11          1272.19        2274.26         3656.38         5500.00  
    0.144       460.20          1230.41        2230.81         3637.49         5019.13  
    0.150       460.51          1211.89        2257.43         3632.21         4761.58  
    0.156       459.55          1190.23        2316.15         3646.13         4722.55  
    0.163       460.08          1166.69        2359.09         3772.96         4890.23  
    0.169       459.40          1126.62        2377.30         3783.70         5357.94  
    0.175       459.07          1083.05        2382.70         3736.92         5500.00  
    0.181       463.27          1051.43        2382.41         3751.35         5500.00  
    0.188       468.14          1038.69        2357.43         3725.10         5220.13  
    0.194       466.15          1019.90        2335.13         3655.92         4731.03  
    0.200       466.95          977.39        2335.07         3624.66         5266.41  
    0.206       478.38          979.47        2332.10         3655.48         5500.00  
    0.213       480.31          982.68        2324.81         3677.29         5500.00  
    0.219       471.11          985.34        2313.11         3704.01         5500.00  
    0.225       465.21          997.99        2308.30         3685.44         5117.09  
    0.231       469.10          991.05        2299.72         3634.37         4952.85  
    0.238       479.62          979.97        2284.66         3647.85         5356.02  
    0.244       124.56          628.63        1338.95         2634.15         4159.01  
    0.250       0          510.66        1064.05         2262.91         3631.59  
    0.256       371.52          956.31        1948.35         3218.27         3995.09  
    0.263       497.83          1151.37        2241.59         3610.58         3795.00  
    0.269       128.20          668.92        1555.36         2597.84         3653.16  
    0.275       0          449.09        1409.22         2279.64         3658.02  
    0.281       273.03          1096.80        2075.36         3305.97         4261.74  
    0.288       374.46          1319.60        2318.68         3580.21         4456.02  
    0.294       370.11          1340.10        2400.92         3844.79         4455.90  
    0.300       366.18          1361.31        2418.62         3900.79         4426.79  
    0.306       370.83          1429.80        2395.39         4078.20         4349.77  
    0.312       372.60          1426.36        2358.07         4154.99         5197.23  
    0.319       96.15          641.78        1646.16         2809.54         4568.12  
    0.325       279.43          1121.86        2089.63         3476.86         4533.25  
    0.331       380.79          1384.02        2369.59         4362.96         5276.49  
    0.338       382.75          1363.71        2397.40         3999.07         4875.39  
    0.344       381.70          1344.83        2400.55         3704.15         4692.25  
    0.350       377.73          1331.78        2368.08         3537.10         4759.34  
    0.356       369.70          1339.20        2352.92         3700.44         4806.43  
    0.363       360.95          1332.46        2350.32         3547.24         4823.32  
    0.369       347.92          1322.09        2343.25         3399.06         4775.90  
    0.375       326.64          1334.25        2394.71         3342.83         4761.93  
    0.381       309.85          1355.35        2457.41         3024.70         4774.56  
    0.388       308.63          1340.85        2488.64         2664.06         4773.27  
    