0.025       209.63          907.72        2429.41         3552.49         5500.00  
    0.031       213.81          865.64        2433.38         3564.17         5500.00  
    0.038       207.70          842.22        2367.26         3480.64         5400.44  
    0.044       205.97          859.63        2400.91         3491.58         5416.16  
    0.050       210.75          846.60        2531.98         3650.19         5487.13  
    0.056       209.79          818.66        2526.95         3746.46         5500.00  
    0.062       208.02          834.41        2495.46         3750.20         5500.00  
    0.069       211.51          876.13        2376.61         3581.10         5500.00  
    0.075       270.26          901.36        2328.79         3498.58         5500.00  
    0.081       405.69          932.27        2392.38         3424.24         5500.00  
    0.088       455.41          972.89        2385.80         3432.01         4792.10  
    0.094       494.91          1077.98        2281.06         3464.44         4610.55  
    0.100       545.91          1077.61        2279.66         3488.33         4561.10  
    0.106       575.00          1250.22        2258.43         3537.39         4860.16  
    0.113       606.16          1258.83        2231.88         3541.23         5092.42  
    0.119       630.48          1278.36        2254.64         3571.13         5070.59  
    0.125       658.66          1282.34        2215.51         3553.56         4749.76  
    0.131       682.23          1203.25        2312.55         3545.15         4726.90  
    0.138       684.25          1148.70        2266.77         3542.46         4841.42  
    0.144       685.73          1165.17        2219.01         3491.40         4856.90  
    0.150       677.44          1162.94        2221.45         3463.23         4885.65  
    0.156       670.21          1162.16        2223.85         3430.24         4805.60  
    0.163       702.95          1095.63        2226.61         3535.99         4859.69  
    0.169       699.34          1048.86        2197.95         3593.28         4929.70  
    0.175       725.18          993.72        2231.65         3607.53         5192.27  
    0.181       745.42          964.07        2283.84         3612.11         5139.45  
    0.188       805.17          878.36        2302.28         3617.66         4745.55  
    0.194       707.61          929.85        2347.36         3613.35         4830.91  
    0.200       671.88          945.16        2364.27         3612.36         4833.67  
    0.206       644.12          959.50        2343.68         3599.60         4658.55  
    0.213       631.76          965.08        2387.61         3604.74         5352.88  
    0.219       621.13          979.75        2351.35         3603.31         5500.00  
    0.225       615.57          998.25        2317.29         3607.24         5500.00  
    0.231       612.55          1004.35        2313.10         3605.81         5500.00  
    0.238       622.13          1016.47        2406.13         3602.14         5500.00  
    0.244       625.25          1024.80        2361.57         3594.63         5500.00  
    0.250       626.12          1032.79        2323.36         3588.75         5500.00  
    0.256       632.32          1057.81        2343.66         3591.38         5500.00  
    0.263       106.45          721.77        1298.38         2577.11         3930.43  
    0.269       0          638.18        1095.68         2352.18         3620.32  
    0.275       517.95          1038.19        2122.93         3408.81         5184.40  
    0.281       104.61          711.05        1356.33         2560.17         3922.46  
    0.288       0          618.56        1181.50         2319.06         3542.09  
    0.294       496.68          1114.48        2114.99         3249.65         5168.92  
    0.300       100.31          713.69        1422.21         2542.74         3673.51  
    0.306       0          583.47        1251.08         2396.66         3186.81  
    0.312       0          399.49        1298.17         2549.55         3344.94  
    0.319       229.90          1276.62        2262.32         3085.54         5144.06  
    0.325       275.67          1475.87        2473.96         3186.06         5500.00  
    0.331       286.46          1506.43        2671.89         3186.30         5500.00  
    0.338       288.97          1507.67        2748.83         3243.45         5500.00  
    0.344       48.57          500.62        2000.91         2897.21         3807.28  
    0.350       0          293.57        1869.65         2867.46         3249.35  
    0.356       228.66          1260.28        2670.60         3078.82         5114.50  
    0.363       46.18          474.04        1793.87         2849.76         3682.96  
    0.369       0          275.83        1882.83         2740.29         3403.92  
    0.375       0          275.24        2038.75         2636.86         3329.73  
    0.381       0          271.84        1811.61         2653.26         3410.17  
    0.388       0          237.31        1678.33         2744.00         3427.91  
    0.394       0          261.68        1902.50         2820.52         3389.67  
    0.400       213.06          1360.62        2693.34         2954.09         5144.12  
    0.406       252.76          1434.49        2497.69         2951.05         5500.00  
    0.413       243.71          1302.33        2431.39         2999.19         5131.25  
    0.419       226.33          1359.77        2426.14         3008.50         5156.89  
    0.425       191.97          1371.56        2326.29         2951.40         5135.84  
    0.431       223.43          1345.51        2279.41         2936.63         5092.99  
    0.438       230.61          1360.76        2270.01         3009.24         5117.57  
    0.444       186.23          1532.39        2252.42         3013.11         5157.86  
    