0.025       0          289.19        1070.33         2278.35         3624.11  
    0.031       247.48          939.36        2075.28         3319.11         5228.19  
    0.038       41.94          392.82        1170.04         2505.48         3871.23  
    0.044       0          286.78        982.98         2353.52         3696.16  
    0.050       242.25          835.37        2113.18         2591.15         3770.40  
    0.056       278.55          900.73        2252.93         2652.96         3756.22  
    0.062       268.97          944.14        2262.45         3020.54         3632.96  
    0.069       38.76          357.38        1254.43         2467.80         3543.01  
    0.075       0          252.69        1314.51         2336.80         3581.45  
    0.081       0          233.07        1199.14         2253.85         3571.97  
    0.088       201.78          966.77        2035.37         3435.01         4956.00  
    0.094       245.40          1354.78        2282.47         3855.83         4772.69  
    0.100       349.36          1328.99        2253.18         4196.17         4564.37  
    0.106       419.02          863.63        2387.89         3850.14         4876.78  
    0.113       409.00          960.24        2549.75         3658.71         4824.73  
    0.119       426.68          1077.66        2458.11         3620.36         4831.67  
    0.125       443.55          1154.03        2385.08         3710.45         5403.78  
    0.131       64.60          588.50        1383.19         2702.71         4092.82  
    0.138       458.40          1043.03        2220.99         3591.58         4853.24  
    0.144       547.73          1119.30        2325.90         3647.22         4794.73  
    0.150       547.21          1167.70        2441.00         3697.02         4768.94  
    0.156       540.02          1195.51        2519.58         3735.84         4923.71  
    0.163       545.87          1149.15        2278.29         3734.53         4825.16  
    0.169       531.16          1122.54        2181.95         3673.63         4643.85  
    0.175       497.75          1192.00        2155.36         3557.86         4635.84  
    0.181       475.48          1252.43        2144.92         3509.95         4651.14  
    0.188       478.03          1271.44        2134.08         3474.58         4610.70  
    0.194       494.17          1223.57        2053.00         3439.34         4576.06  
    0.200       505.08          1130.94        2058.93         3426.14         4563.97  
    0.206       502.02          1086.20        2087.04         3440.26         4625.09  
    0.213       496.26          1067.50        2097.51         3475.11         4690.39  
    0.219       514.78          997.37        2085.14         3477.72         4663.33  
    0.225       525.12          951.06        2091.22         3558.61         4621.01  
    0.231       524.94          1017.21        2101.71         3630.97         4634.87  
    0.238       532.87          997.10        2121.42         3604.42         4615.11  
    0.244       563.34          863.82        2135.90         3522.27         4569.67  
    0.250       587.62          787.86        2195.06         3512.76         4650.31  
    0.256       561.42          970.33        2322.53         3596.81         4492.42  
    0.263       549.98          1086.75        2372.25         3699.62         4377.39  
    0.269       556.10          1075.11        2376.79         3655.19         4316.62  
    0.275       549.36          1029.99        2415.18         3533.20         4434.51  
    0.281       546.21          1033.57        2444.25         3557.51         4504.51  
    0.288       549.60          1065.24        2395.39         3607.35         4518.07  
    0.294       555.76          1078.44        2403.46         3673.27         4516.87  
    0.300       563.82          1078.40        2491.65         3825.72         4464.61  
    0.306       568.24          1103.83        2503.20         3956.84         4845.68  
    0.312       560.16          1112.34        2452.24         3943.35         4966.43  
    0.319       534.32          1160.87        2401.48         3809.79         4849.61  
    0.325       533.82          1236.69        2380.80         3642.52         4744.34  
    0.331       541.65          1369.56        2341.53         3621.12         4737.70  
    0.338       528.57          1394.35        2493.26         3640.62         4777.56  
    0.344       491.22          1455.63        2566.75         3738.51         4762.72  
    0.350       479.61          1434.63        2285.80         3752.23         4667.45  
    0.356       477.45          1306.68        2310.39         3711.63         4803.25  
    0.363       476.83          1228.45        2409.08         3721.70         4822.10  
    0.369       444.90          1186.36        2454.92         3803.61         4706.50  
    0.375       419.23          1212.36        2463.43         3833.49         4792.00  
    0.381       332.59          1217.22        2484.77         3767.82         5043.59  
    0.388       305.42          1236.58        2507.75         3653.42         5205.18  
    0.394       311.86          1276.94        2451.66         3417.86         5148.98  
    0.400       318.33          1273.66        2435.80         3463.77         5128.31  
    0.406       312.56          1262.03        2461.62         3390.73         5112.87  
    0.413       307.37          1264.87        2482.14         3225.84         5119.30  
    0.419       299.42          1287.29        2479.06         3305.65         5144.35  
    0.425       310.27          1307.41        2478.51         3349.81         5180.28  
    0.431       307.88          1337.77        2512.48         3330.03         5181.88  
    0.438       308.34          1368.47        2517.59         3279.39         5173.19  
    0.444       309.12          1371.60        2520.34         3079.28         5171.51  
    0.450       299.75          1379.43        2580.11         2753.52         5160.94  
    0.456       299.77          1369.61        2577.05         2635.34         5168.61  
    0.463       298.25          1350.57        2612.75         2872.51         5197.71  
    0.469       294.08          1377.42        2603.21         3167.35         5196.02  
    0.475       293.34          1400.92        2578.75         3469.10         5187.34  
    0.481       292.90          1363.84        2514.69         3568.37         5263.53  
    