0.025       197.99          937.92        2506.95         4270.07         5500.00  
    0.031       195.39          911.03        2512.25         4182.25         5500.00  
    0.038       71.78          450.70        1463.40         3107.38         4638.87  
    0.044       0          188.54        1021.50         2478.87         4109.43  
    0.050       0          188.01        1144.21         2447.97         4000.99  
    0.056       118.36          592.05        1996.75         3535.52         4924.26  
    0.062       201.13          788.23        2454.55         4024.22         5500.00  
    0.069       268.04          732.50        2406.93         3878.47         5423.68  
    0.075       332.11          720.26        2407.60         3798.75         5311.75  
    0.081       361.70          733.51        2490.94         3615.21         5295.92  
    0.088       374.20          745.63        2563.29         3591.87         5298.13  
    0.094       379.16          752.22        2745.80         3636.23         5290.41  
    0.100       380.55          752.83        2841.24         3818.41         5308.38  
    0.106       380.38          750.87        2759.01         4024.43         5327.94  
    0.113       380.24          748.91        2693.94         4050.44         5319.23  
    0.119       380.56          748.18        2669.89         4048.74         5315.08  
    0.125       381.73          748.25        2662.78         4075.15         5322.07  
    0.131       383.45          748.28        2659.58         4095.90         5312.16  
    0.138       385.50          747.67        2659.84         4109.09         5273.52  
    0.144       388.17          747.18        2660.19         4100.21         5247.33  
    0.150       389.84          746.39        2668.88         4144.46         5264.34  
    0.156       390.46          745.42        2684.18         4179.78         5297.49  
    0.163       393.14          743.40        2695.72         4139.46         5282.05  
    0.169       396.04          741.15        2733.75         4062.76         5244.97  
    0.175       396.87          740.43        2783.56         4081.64         5233.58  
    0.181       396.43          739.70        2764.20         4118.28         5250.14  
    0.188       395.51          737.70        2717.20         4042.02         5263.69  
    0.194       395.01          735.89        2685.07         4036.90         5281.99  
    0.200       394.86          735.12        2660.55         4066.74         5289.44  
    0.206       394.34          735.26        2651.30         4042.89         5294.54  
    0.213       394.89          735.81        2644.21         4010.55         5306.31  
    0.219       399.29          735.66        2681.90         4012.66         5299.77  
    0.225       407.78          734.08        2734.39         4053.12         5354.24  
    0.231       416.05          732.53        2739.29         4075.19         5459.34  
    0.238       423.66          730.81        2722.17         4101.56         5489.51  
    0.244       430.93          730.91        2673.16         4137.46         5493.83  
    0.250       435.40          732.04        2578.11         4130.76         5441.02  
    0.256       440.02          732.70        2547.81         4183.12         5455.71  
    0.263       445.90          732.83        2582.35         4293.73         5494.35  
    0.269       448.26          733.57        2565.31         4251.75         5328.05  
    0.275       449.50          735.42        2523.03         4151.16         5217.65  
    0.281       451.77          737.46        2536.96         4033.98         5243.51  
    0.288       453.79          738.38        2593.14         4149.17         5411.84  
    0.294       452.31          738.31        2588.80         4261.07         5373.51  
    0.300       452.19          738.26        2539.42         4254.38         5252.85  
    0.306       449.07          737.72        2479.20         4331.99         5203.61  
    0.312       444.53          736.69        2461.40         4408.67         5131.66  
    0.319       443.77          734.60        2458.34         4415.46         5065.49  
    0.325       447.48          737.64        2447.89         4410.51         5047.43  
    0.331       451.85          749.07        2425.81         4370.34         5046.95  
    0.338       458.27          771.13        2418.03         4276.07         5032.23  
    0.344       468.15          812.43        2519.52         4133.69         4995.34  
    0.350       473.98          857.81        2796.22         4131.74         4915.69  
    0.356       472.37          889.86        2833.99         4411.44         5007.56  
    0.363       466.49          907.24        2652.52         4398.57         5041.92  
    0.369       458.85          914.77        2585.23         4230.06         4920.73  
    0.375       448.72          908.85        2524.64         4057.91         4846.57  
    0.381       431.89          891.94        2445.89         3965.80         4859.90  
    0.388       407.80          888.93        2416.64         3945.58         4837.66  
    0.394       344.29          881.29        2458.55         3920.35         4717.69  
    0.400       274.38          877.26        2488.58         3888.03         4704.59  
    0.406       247.45          902.47        2481.26         3855.43         4728.83  
    0.413       239.24          942.72        2475.66         3896.26         4712.57  
    0.419       233.73          975.33        2478.11         4046.60         4652.41  
    0.425       231.33          978.82        2437.74         4041.85         4631.05  
    0.431       231.55          969.18        2415.51         4065.37         4666.06  
    0.438       236.43          948.49        2412.38         4467.42         4714.78  
    0.444       243.08          936.63        2439.33         4696.64         4746.89  
    0.450       242.99          926.96        2498.62         4363.93         4746.08  
    0.456       238.88          915.60        2552.67         4483.91         4991.08  
    0.463       235.69          922.79        2554.33         4558.28         5366.04  
    0.469       234.17          950.42        2550.04         4460.27         5500.00  
    