0.025       0          168.80        942.79         2397.32         4450.12  
    0.031       0          167.68        915.01         2424.42         4479.72  
    0.038       0          167.31        894.78         2508.98         4462.38  
    0.044       0          167.87        874.95         2488.95         4367.23  
    0.050       98.00          547.42        1801.78         3234.34         5007.47  
    0.056       171.37          893.09        2525.84         3650.26         5340.79  
    0.062       72.44          803.99        2201.83         3229.19         4975.46  
    0.069       313.66          673.85        2251.93         3380.95         4786.79  
    0.075       520.22          763.01        2360.56         3610.77         4755.53  
    0.081       539.86          878.35        2299.49         3672.86         4762.30  
    0.088       234.78          735.63        1603.58         2969.74         4489.86  
    0.094       0          638.33        1175.25         2395.83         4276.56  
    0.100       404.23          903.62        1842.03         3392.93         4988.08  
    0.106       709.24          1016.33        2323.05         4092.81         5500.00  
    0.113       720.06          926.61        2377.64         4096.57         4849.36  
    0.119       719.32          897.25        2391.78         3893.48         4439.72  
    0.125       716.71          933.43        2431.24         4017.42         4459.04  
    0.131       298.17          809.55        1703.65         3318.66         4280.45  
    0.138       0          700.79        1316.49         2742.31         4247.63  
    0.144       0          701.38        1484.56         2790.84         4360.62  
    0.150       0          704.66        1482.22         2784.10         4516.40  
    0.156       421.41          972.51        2108.82         3009.92         4537.65  
    0.163       732.49          1071.53        2465.12         3180.65         4518.41  
    0.169       739.46          975.35        2382.20         3241.72         4505.95  
    0.175       743.08          1019.44        2388.34         3294.46         4444.46  
    0.181       757.70          1023.42        2290.66         3280.76         4495.27  
    0.188       774.18          916.98        2191.71         3243.31         4569.83  
    0.194       776.22          983.16        2221.47         3575.12         4513.08  
    0.200       322.62          896.40        1710.91         2963.31         4303.85  
    0.206       0          779.37        1426.22         2404.21         4169.24  
    0.213       463.02          912.58        2006.80         3439.79         4938.91  
    0.219       781.17          1007.60        2333.34         4159.30         5500.00  
    0.225       748.77          1033.35        2311.62         4168.28         5500.00  
    0.231       732.14          1063.53        2333.08         4171.70         5169.86  
    0.238       741.60          1075.76        2366.42         4175.29         4874.19  
    0.244       738.12          1080.47        2368.13         4182.73         4820.27  
    0.250       695.16          1090.26        2372.59         4218.39         4800.53  
    0.256       628.80          1103.33        2378.21         4238.17         4823.63  
    0.263       569.38          1131.57        2410.42         4271.69         4855.72  
    0.269       499.35          1208.25        2527.88         4321.80         4885.28  
    0.275       423.70          1287.81        2621.65         4351.69         4905.28  
    0.281       380.71          1308.12        2539.03         4358.15         4915.79  
    0.288       341.86          1222.07        2376.73         4339.46         4936.66  
    0.294       266.53          1115.02        2294.73         4325.49         4945.18  
    0.300       104.31          1064.24        2287.13         4325.34         4932.29  
    0.306       6.75          438.99        1610.40         3161.71         4579.15  
    0.312       0          0        1083.09         2332.11         4335.98  
    0.319       0          0        999.68         2324.09         4333.36  
    0.325       0          0        905.98         2321.58         4315.69  
    0.331       175.03          661.21        1721.30         3468.30         4689.04  
    0.338       308.42          1163.64        2339.30         4284.35         4976.73  
    0.344       302.10          1104.36        2351.08         4295.67         4973.18  
    0.350       122.34          436.55        1377.99         3166.41         4585.43  
    0.356       0          0        749.04         2364.47         4312.08  
    0.363       0          0        831.98         2380.72         4314.01  
    0.369       0          0        910.43         2390.68         4319.62  
    0.375       0          0        1030.35         2404.21         4309.51  
    0.381       0          0        1102.38         2423.58         4293.01  
    0.388       103.05          666.60        1885.84         3515.36         4634.11  
    0.394       211.12          1155.38        2421.48         4280.54         4910.41  
    0.400       228.14          1168.49        2408.19         4252.80         4883.05  
    0.406       217.55          1165.49        2417.48         4253.20         4776.76  
    0.413       220.50          1153.24        2409.95         4281.35         4783.83  
    0.419       226.26          1144.51        2391.84         4282.25         4900.88  
    0.425       224.69          1148.60        2373.03         4297.19         4994.30  
    0.431       221.62          1174.23        2309.45         4316.26         5031.86  
    