0.025       0          227.75        920.37         2750.01         4033.35  
    0.031       0          252.90        1609.23         2932.37         4234.31  
    0.038       0          258.19        1694.81         2988.05         4288.37  
    0.044       0          247.31        1700.30         2933.52         4167.04  
    0.050       200.34          704.48        2655.46         3579.41         5317.84  
    0.056       220.17          742.61        2923.63         3639.41         5500.00  
    0.062       29.42          288.22        1085.21         2946.82         3952.78  
    0.069       0          211.07        824.76         2754.16         3733.89  
    0.075       0          187.27        884.02         2758.53         3772.36  
    0.081       0          187.71        864.63         2867.79         3968.21  
    0.088       160.62          718.37        2471.23         3216.81         5297.67  
    0.094       287.59          760.65        2674.25         3377.84         5140.02  
    0.100       402.75          758.31        2669.61         3461.25         5045.04  
    0.106       468.49          624.45        2494.67         3352.37         5335.06  
    0.113       448.93          903.99        2437.02         3410.12         5030.40  
    0.119       442.37          1108.51        2434.38         3549.22         4985.05  
    0.125       460.27          1154.75        2433.42         3639.44         5088.57  
    0.131       496.17          1128.63        2417.08         3629.63         5131.04  
    0.138       526.77          1186.12        2413.70         3676.13         5450.86  
    0.144       544.70          1244.64        2417.44         3684.26         5500.00  
    0.150       549.44          1285.58        2416.47         3687.43         5269.67  
    0.156       546.63          1354.59        2423.17         3708.08         5275.00  
    0.163       539.17          1417.82        2330.32         3746.90         5277.82  
    0.169       543.36          1414.86        2331.81         3908.02         5470.00  
    0.175       550.13          1402.10        2339.00         3923.32         5500.00  
    0.181       559.13          1382.20        2260.83         3863.44         5500.00  
    0.188       561.78          1355.37        2128.27         3838.16         5500.00  
    0.194       564.10          1448.03        2128.41         3866.54         5500.00  
    0.200       76.02          691.57        1601.20         2366.25         4117.57  
    0.206       491.39          1463.10        1848.27         3711.43         5284.81  
    0.213       76.49          701.11        1657.97         2386.49         4166.13  
    0.219       481.18          1408.82        1926.21         3644.27         5292.37  
    0.225       74.90          693.75        1637.73         2486.05         4152.82  
    0.231       0          566.63        1582.71         2432.67         4025.43  
    0.238       0          569.71        1550.27         2447.72         4031.18  
    0.244       0          571.91        1495.58         2430.95         3944.13  
    0.250       0          571.11        1478.20         2447.64         3884.75  
    0.256       0          556.86        1447.49         2451.43         3874.96  
    0.263       0          551.36        1406.86         2427.52         3870.05  
    0.269       482.05          1123.12        2265.14         3620.77         5280.36  
    0.275       558.81          1038.84        2438.04         3769.99         4888.31  
    0.281       560.13          997.51        2487.74         3787.91         4381.43  
    0.288       575.77          989.90        2549.34         3846.64         4417.83  
    0.294       589.77          918.83        2584.32         3856.80         4152.35  
    0.300       596.01          933.98        2615.15         3812.05         4442.35  
    0.306       614.71          894.75        2622.93         3728.18         4698.33  
    0.312       630.67          884.78        2646.62         3681.62         4893.43  
    0.319       647.11          888.75        2718.03         3634.01         4777.28  
    0.325       646.04          855.61        2717.64         3550.11         4437.95  
    0.331       593.20          874.60        2638.04         3440.69         4171.38  
    0.338       569.53          903.99        2616.21         3305.19         3911.79  
    0.344       619.49          857.99        2650.37         3345.11         3948.73  
    0.350       548.15          910.93        2666.63         3419.78         5292.56  
    0.356       430.51          1001.11        2679.78         3566.34         5500.00  
    0.363       55.78          523.74        1272.73         2834.42         3980.51  
    0.369       0          449.07        1100.99         2720.77         3789.80  
    0.375       0          434.38        1172.39         2706.47         3677.74  
    0.381       0          431.20        679.39         2737.18         3611.65  
    0.388       284.19          827.67        2478.45         3522.81         5244.65  
    