0.025       220.05          1066.74        2417.47         3684.00         5500.00  
    0.031       83.33          534.35        1559.00         2879.85         4385.65  
    0.038       0          201.99        1044.81         2371.32         3750.91  
    0.044       0          200.90        1036.35         2339.34         3833.18  
    0.050       0          207.03        1036.33         2274.32         3763.06  
    0.056       128.50          686.31        1760.82         3043.48         4357.21  
    0.062       207.70          994.60        2214.93         3537.28         4628.11  
    0.069       199.63          1020.61        2163.46         3530.61         4560.85  
    0.075       192.85          1148.19        2196.33         3599.57         4545.38  
    0.081       186.87          1233.20        2186.34         3664.79         4528.71  
    0.088       186.56          1176.67        2064.34         3672.14         4603.94  
    0.094       197.89          1128.57        2035.85         3665.29         4686.85  
    0.100       204.55          1042.22        2122.18         3540.39         4715.92  
    0.106       208.13          954.67        2124.80         3395.02         4714.00  
    0.113       229.98          1146.17        2100.51         3200.74         4933.76  
    0.119       327.18          1469.40        2159.43         3228.21         5082.57  
    0.125       424.17          1227.53        2195.55         3321.09         5078.03  
    0.131       451.12          872.76        2243.28         3192.86         4906.16  
    0.138       488.31          751.00        2274.63         3111.31         4787.36  
    0.144       557.03          640.09        2292.34         3151.59         4859.25  
    0.150       582.12          609.42        2308.87         3154.31         4851.90  
    0.156       574.97          680.40        2316.35         3126.63         4779.93  
    0.163       581.39          696.25        2322.42         3122.32         4732.49  
    0.169       512.15          640.64        2308.11         3187.47         4725.28  
    0.175       176.59          232.45        1273.08         2648.72         3807.09  
    0.181       273.98          408.23        1674.11         2819.49         4310.44  
    0.188       535.84          669.28        2300.70         3105.40         4821.61  
    0.194       577.46          702.95        2328.46         3086.66         4761.66  
    0.200       506.11          730.57        2454.16         3131.91         4861.35  
    0.206       441.92          744.81        2637.24         3277.09         5277.71  
    0.213       490.18          757.64        2745.45         3386.59         5500.00  
    0.219       573.85          777.72        2791.29         3430.82         5500.00  
    0.225       619.54          802.26        2857.49         3457.83         5500.00  
    0.231       638.76          820.34        2911.84         3489.90         5500.00  
    0.238       653.94          844.24        2917.73         3541.08         5500.00  
    0.244       655.09          882.38        2903.04         3609.71         5322.14  
    0.250       646.78          930.43        2936.92         3643.41         5391.60  
    0.256       685.36          947.53        2973.09         3649.51         5500.00  
    0.263       739.47          968.70        2989.22         3701.60         5500.00  
    0.269       727.47          1035.01        2975.92         3699.11         5500.00  
    0.275       706.20          1106.57        2921.62         3742.62         5500.00  
    0.281       266.66          861.93        1918.19         3179.40         4502.31  
    0.288       0          694.93        1635.56         2803.05         4031.01  
    0.294       0          707.22        1702.71         2768.30         4150.74  
    0.300       0          618.91        1656.70         2743.94         4165.41  
    0.306       0          477.99        1620.32         2724.94         4152.76  
    0.312       0          377.76        1598.57         2736.26         4189.91  
    0.319       225.98          1010.20        2311.46         3677.78         5013.60  
    0.325       382.71          1350.24        2734.23         4211.19         5500.00  
    0.331       353.50          1310.26        2743.43         4198.12         5500.00  
    0.338       124.45          688.05        1893.79         3281.68         4718.91  
    0.344       0          320.59        1368.59         2756.63         4218.46  
    0.350       0          327.99        1335.73         2838.31         4132.94  
    0.356       0          305.96        1278.89         2879.31         4002.39  
    0.363       120.64          795.66        2280.51         3513.53         4912.69  
    0.369       170.83          1124.77        2989.22         3910.91         5500.00  
    0.375       202.34          1148.11        2973.59         3924.89         5500.00  
    0.381       220.35          1191.46        2901.11         3897.71         5500.00  
    0.388       211.80          1193.24        2932.66         3827.17         5500.00  
    0.394       177.52          1154.60        2968.16         3865.93         4643.19  
    0.400       59.67          878.19        2129.02         3349.66         4158.38  
    0.406       0          672.16        1430.02         2960.16         4173.64  
    0.413       0          365.29        1232.01         2883.22         4136.64  
    