0.025       0          266.39        1083.67         2657.17         3751.32  
    0.031       169.46          728.50        2097.88         3143.89         4882.21  
    0.038       261.52          1003.74        2627.84         3382.04         5214.31  
    0.044       259.75          1017.92        2581.70         3436.31         5343.93  
    0.050       91.48          528.22        1586.77         2955.62         4214.82  
    0.056       0          258.25        1032.09         2709.47         3583.05  
    0.062       171.15          724.65        2118.99         3358.84         4836.33  
    0.069       262.59          1025.87        2691.70         3597.95         5500.00  
    0.075       282.45          980.69        2684.68         3479.63         5334.50  
    0.081       330.27          916.53        2721.73         3423.76         5052.76  
    0.088       378.46          902.38        2784.47         3429.56         5004.02  
    0.094       409.47          895.91        2829.55         3450.55         5335.54  
    0.100       425.03          883.88        2842.67         3448.08         5500.00  
    0.106       442.55          872.22        2857.42         3443.98         5500.00  
    0.113       466.98          865.45        2889.38         3448.08         5500.00  
    0.119       491.03          869.19        2904.40         3469.50         5500.00  
    0.125       507.64          872.79        2897.49         3475.56         5500.00  
    0.131       520.30          876.88        2898.56         3463.46         5500.00  
    0.138       530.06          878.39        2904.39         3457.96         5500.00  
    0.144       536.37          880.43        2904.68         3457.10         5500.00  
    0.150       544.31          883.24        2924.33         3478.24         5500.00  
    0.156       551.84          884.53        2955.10         3497.57         5500.00  
    0.163       556.70          886.57        2956.97         3517.11         5500.00  
    0.169       560.80          888.89        2938.07         3515.73         5500.00  
    0.175       565.86          892.75        2914.77         3496.19         5500.00  
    0.181       575.74          902.53        2920.33         3532.27         5500.00  
    0.188       574.85          902.04        2941.36         3547.85         5500.00  
    0.194       588.82          907.31        2925.27         3521.85         5500.00  
    0.200       606.25          918.77        2855.22         3513.65         5126.61  
    0.206       614.24          925.21        2816.60         3539.35         4859.30  
    0.213       611.46          933.10        2786.63         3566.58         4713.45  
    0.219       614.77          945.90        2673.19         3556.15         4787.09  
    0.225       637.28          969.12        2601.08         3584.08         4934.94  
    0.231       653.13          977.72        2575.48         3624.36         4962.30  
    0.238       643.80          982.23        2569.56         3641.14         4918.15  
    0.244       628.95          983.73        2607.73         3638.78         4875.69  
    0.250       629.15          999.40        2671.96         3556.29         4804.06  
    0.256       629.94          1001.91        2759.73         3535.62         4752.45  
    0.263       610.20          990.90        2773.86         3606.72         4753.23  
    0.269       596.96          991.42        2761.89         3626.83         4752.09  
    0.275       588.26          989.52        2766.89         3595.72         4785.20  
    0.281       572.97          976.91        2818.55         3598.98         4870.89  
    0.288       561.86          972.01        2852.58         3585.42         4927.58  
    0.294       558.06          985.02        2835.70         3536.22         5161.77  
    0.300       557.16          1008.64        2794.70         3498.91         5423.50  
    0.306       557.78          1034.16        2752.15         3497.00         5500.00  
    0.312       557.91          1057.40        2711.63         3504.08         5111.13  
    0.319       559.76          1080.36        2680.18         3512.13         4495.20  
    0.325       561.90          1126.69        2662.17         3511.60         4334.54  
    0.331       559.76          1175.39        2648.78         3496.61         5099.79  
    0.338       552.91          1206.99        2620.13         3508.02         5500.00  
    0.344       546.93          1223.98        2579.90         3500.68         5296.22  
    0.350       192.63          785.43        1727.87         2960.35         4220.97  
    0.356       0          424.65        1342.88         2749.61         3568.01  
    0.363       218.98          930.70        2274.89         3140.21         4514.98  
    0.369       326.39          1229.07        2754.15         3405.02         4406.22  
    0.375       320.12          1238.94        2738.96         3382.37         4087.42  
    0.381       318.11          1256.32        2735.57         3282.25         4149.30  
    0.388       315.55          1269.50        2737.61         3319.73         3903.04  
    0.394       311.61          1308.56        2737.12         3426.79         3927.96  
    0.400       306.54          1314.95        2746.85         3493.17         4034.03  
    0.406       306.81          1278.42        2749.30         3440.46         3705.48  
    0.413       311.50          1252.22        2736.04         3204.11         3585.52  
    0.419       312.49          1250.79        2739.58         3186.60         3629.16  
    0.425       311.40          1257.87        2745.27         3328.84         3762.88  
    0.431       309.91          1274.86        2738.32         3369.91         3794.24  
    0.438       307.97          1285.23        2730.74         3332.89         3739.90  
    0.444       309.42          1271.53        2741.23         3308.27         3700.76  
    0.450       311.18          1265.42        2764.12         3130.30         3687.75  
    0.456       314.32          1255.68        2762.95         3062.82         3703.32  
    0.463       314.24          1255.67        2763.22         3035.69         3734.89  
    0.469       311.73          1277.62        2749.43         3057.85         3795.22  
    0.475       315.03          1280.19        2723.50         3097.31         3856.50  
    0.481       317.60          1274.07        2687.61         3039.39         3885.10  
    0.488       312.76          1259.42        2658.70         2949.89         3856.44  
    0.494       308.75          1253.79        2747.71         2961.61         3915.83  
    0.500       312.18          1293.92        2729.62         3023.87         4179.68  
    0.506       312.73          1362.24        2625.77         3069.37         4431.95  
    0.513       307.55          1360.33        2737.20         3146.32         4539.91  
    0.519       303.94          1354.48        2821.52         3246.16         4599.04  
    0.525       301.52          1388.66        2834.80         3267.38         4697.05  
    0.531       289.19          1399.82        2881.25         3196.63         4640.13  
    0.537       271.43          1475.69        2909.76         3060.23         4533.45  
    0.544       280.74          1456.47        2832.10         2988.78         4447.90  
    0.550       294.06          1389.94        2727.23         2976.98         4383.37  
    0.556       283.54          1347.72        2782.19         3024.20         4434.90  
    0.562       271.12          1337.80        2836.85         3065.22         4449.10  
    