0.025       0          289.41        1374.62         2689.43         4219.79  
    0.031       0          284.19        1423.46         2595.80         4273.13  
    0.038       245.21          1010.80        2460.95         2605.19         4293.42  
    0.044       267.62          1000.17        2394.23         2624.32         4279.40  
    0.050       261.63          1001.35        2498.03         2573.87         4296.60  
    0.056       16.17          302.14        1112.53         2558.45         4276.08  
    0.062       0          254.59        981.30         2543.21         4109.28  
    0.069       0          259.07        1063.93         2618.63         3854.48  
    0.075       0          258.37        1046.50         2604.27         3874.32  
    0.081       0          257.63        1051.15         2576.71         3885.94  
    0.088       0          255.16        1038.85         2584.23         3812.51  
    0.094       0          257.04        1051.51         2538.09         3744.34  
    0.100       0          256.32        1043.02         2477.65         3708.59  
    0.106       0          257.70        1017.24         2541.20         3553.94  
    0.113       0          259.70        971.50         2618.11         3574.04  
    0.119       0          259.84        972.04         2632.49         3579.54  
    0.125       0          257.83        971.61         2617.17         3645.12  
    0.131       0          263.09        991.62         2601.28         3707.77  
    0.138       0          264.29        1005.74         2618.28         3705.02  
    0.144       0          264.56        1023.91         2588.01         3614.32  
    0.150       0          266.33        1059.97         2601.19         3678.91  
    0.156       244.71          955.97        2577.72         3615.16         5387.55  
    0.163       294.84          1371.06        2838.56         4020.85         5500.00  
    0.169       432.24          1197.92        2742.53         3867.73         4621.40  
    0.175       522.87          1207.01        2689.07         3816.50         4415.91  
    0.181       589.31          1435.97        2687.52         3877.26         4517.14  
    0.188       622.57          1515.39        2745.45         3940.23         4614.03  
    0.194       654.96          1653.71        2839.41         3916.08         4529.46  
    0.200       686.30          1816.74        3462.70         3911.14         4342.93  
    0.206       42.61          794.50        2114.09         3543.93         4586.79  
    0.213       691.51          2032.75        2118.69         3538.03         4809.52  
    0.219       736.96          1959.21        2201.92         3534.59         4980.20  
    0.225       747.27          1800.02        2253.32         3547.33         5044.55  
    0.231       46.30          819.48        2100.53         3529.57         5322.05  
    0.238       0          761.25        2000.17         3462.48         4319.06  
    0.244       702.84          1505.83        3251.56         3445.52         4729.20  
    0.250       741.51          1469.57        3417.84         3474.22         4708.83  
    0.256       741.21          1428.13        3385.65         3709.00         5450.81  
    0.263       745.13          1365.25        3371.96         3801.79         5500.00  
    0.269       46.14          788.24        1815.99         3404.64         3995.97  
    0.275       0          754.48        1655.61         3370.51         3906.67  
    0.281       0          751.70        1552.41         3380.77         3771.14  
    0.288       0          750.25        1713.70         3392.21         3759.32  
    0.294       0          746.40        1763.20         3412.85         3681.34  
    0.300       0          742.75        1732.53         3423.13         3598.65  
    0.306       0          739.12        1868.91         3428.40         3522.46  
    0.312       0          740.86        1741.89         3417.50         3474.75  
    0.319       0          748.51        1666.50         3426.58         3444.97  
    0.325       699.66          1432.07        3301.21         3548.52         5372.67  
    0.331       739.89          1412.88        3399.88         3519.88         5500.00  
    0.338       746.78          1562.11        3410.26         3526.43         5500.00  
    0.344       46.26          811.57        1760.41         3382.17         3745.07  
    0.350       0          790.93        1689.14         3400.82         3539.85  
    0.356       0          839.73        2199.08         3404.36         3637.15  
    0.363       0          876.84        2272.10         3404.84         3765.06  
    0.369       0          882.68        2225.05         3384.53         4404.13  
    0.375       0          887.60        1911.17         3374.83         4112.47  
    0.381       877.56          1367.04        3273.47         3724.07         4435.07  
    0.388       1001.16          1087.93        3337.78         3562.06         4518.87  
    0.394       855.42          1187.60        3241.75         3741.36         4552.65  
    0.400       745.38          1296.36        3212.25         3811.13         4883.37  
    0.406       694.76          1278.35        3237.90         3966.28         5463.17  
    0.413       643.00          1280.27        3236.18         3958.93         4779.47  
    0.419       640.48          1319.24        3263.84         3995.46         5452.45  
    0.425       39.65          1041.78        1677.85         3405.20         4035.48  
    0.431       0          886.84        1730.23         3252.05         3944.88  
    0.438       0          793.83        1687.44         3227.62         3933.63  
    0.444       0          310.23        1730.36         3263.13         4019.41  
    0.450       253.49          1653.36        2285.78         3216.61         4110.58  
    0.456       16.73          417.02        1866.81         3181.81         4140.48  
    0.463       0          304.68        1809.73         3177.16         4128.96  
    0.469       0          263.70        1782.43         3183.16         4112.17  
    0.475       0          248.02        1746.35         3190.78         4125.45  
    0.481       220.11          1588.66        3114.36         3497.89         4131.07  
    0.488       14.53          313.61        1757.70         3215.78         4142.91  
    0.494       0          237.87        1719.53         3198.22         4120.43  
    0.500       0          249.47        1739.75         3189.89         4114.86  
    0.506       0          240.43        1748.13         3179.22         4164.69  
    0.513       0          239.91        1791.07         3200.11         4151.69  
    0.519       0          235.18        1818.90         3187.07         4136.45  
    0.525       0          229.93        1807.83         3192.99         4047.22  
    0.531       0          224.51        1701.04         3214.27         4061.19  
    0.537       0          237.41        1701.70         3223.25         4022.56  
    0.544       0          242.56        1633.50         3191.78         4011.81  
    0.550       0          228.82        1786.35         3213.00         4124.43  
    0.556       0          218.05        1733.12         3189.35         4049.93  
    0.562       0          205.75        1533.91         3085.45         3994.97  
    0.569       0          201.64        1737.78         3101.37         4058.91  
    