0.025       442.34          818.66        2278.39         3127.69         4826.52  
    0.031       460.39          817.39        2280.06         3118.66         4789.83  
    0.038       510.15          796.21        2304.67         3167.52         4862.91  
    0.044       534.69          795.57        2327.56         3177.59         4853.99  
    0.050       534.25          814.34        2337.92         3145.10         4785.96  
    0.056       549.53          819.64        2364.66         3145.57         4736.87  
    0.062       583.35          779.32        2349.82         3225.53         4739.93  
    0.069       623.06          686.44        2335.71         3290.60         4794.93  
    0.075       644.54          666.81        2322.09         3209.85         4904.40  
    0.081       580.27          755.79        2311.67         3114.98         4810.24  
    0.088       550.72          803.27        2334.29         3090.60         4763.23  
    0.094       576.35          805.04        2457.42         3130.03         4824.98  
    0.100       595.48          813.11        2640.78         3252.72         5030.37  
    0.106       593.70          833.56        2753.08         3330.04         5106.41  
    0.113       594.00          855.33        2801.99         3360.38         5093.50  
    0.119       608.48          871.26        2879.46         3393.80         5368.78  
    0.125       624.81          883.63        2943.24         3437.59         5500.00  
    0.131       645.05          904.36        2951.60         3503.16         5500.00  
    0.138       657.13          932.40        2919.65         3589.07         5283.20  
    0.144       658.79          962.92        2950.99         3631.57         5271.97  
    0.150       659.41          980.84        2983.10         3630.19         5440.73  
    0.156       664.46          999.34        2996.05         3674.69         5500.00  
    0.163       662.41          1023.36        2975.69         3653.74         5500.00  
    0.169       662.04          1044.53        2923.56         3697.61         5500.00  
    0.175       674.72          1053.09        2845.58         3775.93         5500.00  
    0.181       709.09          1038.88        2796.72         3892.92         4625.20  
    0.188       230.87          928.67        1503.76         3125.64         4176.60  
    0.194       0          846.92        1213.54         2734.64         4159.05  
    0.200       0          829.20        1493.94         2718.06         4150.40  
    0.206       0          523.79        1547.85         2735.96         4190.44  
    0.213       248.32          1013.65        2360.67         3771.02         5088.22  
    0.219       384.65          1231.60        2731.26         4213.69         5500.00  
    0.225       336.59          1196.33        2743.16         4202.93         5500.00  
    0.231       98.94          579.47        1541.43         3192.49         4641.93  
    0.238       0          307.84        1129.21         2749.89         4218.74  
    0.244       0          316.92        1233.01         2835.75         4136.24  
    0.250       0          289.67        1203.66         2879.66         4006.19  
    0.256       93.08          814.52        2341.28         3574.50         5008.36  
    0.263       43.70          340.90        1676.81         3312.93         4419.26  
    0.269       139.21          767.18        2353.44         3644.25         4992.58  
    