0.025       438.47          873.79        2841.97         3445.75         5500.00  
    0.031       456.45          869.53        2854.88         3444.41         5500.00  
    0.038       488.45          865.97        2885.63         3449.46         5500.00  
    0.044       517.10          874.22        2899.18         3467.56         5500.00  
    0.050       534.02          883.27        2893.26         3475.76         5500.00  
    0.056       543.32          886.78        2895.05         3464.78         5500.00  
    0.062       549.15          885.29        2902.67         3457.81         5500.00  
    0.069       552.59          888.24        2903.37         3456.95         5500.00  
    0.075       557.23          891.32        2913.19         3468.62         5500.00  
    0.081       563.13          890.34        2941.11         3481.51         5500.00  
    0.088       566.83          889.51        2947.98         3496.80         5500.00  
    0.094       568.60          888.16        2930.49         3496.46         5500.00  
    0.100       570.63          888.50        2907.87         3476.95         5500.00  
    0.106       574.72          894.02        2913.46         3503.60         5500.00  
    0.113       575.86          895.80        2931.95         3530.46         5500.00  
    0.119       579.55          897.59        2924.51         3510.99         5500.00  
    0.125       585.13          905.58        2874.76         3502.02         5202.70  
    0.131       586.93          914.43        2840.03         3530.78         4967.61  
    0.138       584.79          923.22        2824.62         3585.28         4788.58  
    0.144       582.84          931.77        2733.09         3571.85         4809.55  
    0.150       587.87          941.24        2642.52         3576.17         4948.42  
    0.156       592.74          946.25        2615.53         3608.30         4977.08  
    0.163       591.33          948.56        2626.05         3630.67         4966.22  
    0.169       587.17          949.66        2664.64         3630.40         4931.25  
    0.175       585.67          955.97        2715.66         3554.11         4828.65  
    0.181       586.56          960.81        2783.80         3512.42         4778.92  
    0.188       579.12          959.66        2809.40         3562.86         4777.28  
    0.194       572.30          961.21        2797.56         3583.10         4760.24  
    0.200       568.39          962.77        2791.92         3559.64         4777.69  
    0.206       563.69          960.98        2816.55         3556.89         4856.53  
    0.213       562.33          964.08        2840.28         3546.62         4905.72  
    0.219       565.69          984.83        2837.89         3521.28         5275.76  
    0.225       570.23          1018.65        2815.50         3500.21         5500.00  
    0.231       574.26          1049.31        2786.20         3492.68         5500.00  
    0.238       577.38          1071.02        2754.61         3491.87         5144.44  
    0.244       580.01          1087.96        2706.10         3496.55         4383.10  
    0.250       585.10          1120.99        2676.34         3505.15         4001.70  
    0.256       583.17          1162.61        2667.32         3505.77         4917.14  
    0.263       575.20          1189.79        2639.18         3524.86         5500.00  
    0.269       570.78          1201.46        2590.74         3529.06         5500.00  
    0.275       575.95          1207.62        2609.11         3581.89         5500.00  
    0.281       221.19          843.89        1744.29         3105.77         4301.56  
    0.288       194.16          955.01        2169.78         3170.89         4760.37  
    0.294       315.35          1169.42        2762.43         3465.66         4596.19  
    0.300       314.76          1180.33        2742.82         3479.76         4017.95  
    0.306       309.47          1191.81        2737.00         3399.25         4055.79  
    0.312       305.27          1198.36        2738.71         3399.61         3844.61  
    0.319       293.31          1204.46        2733.13         3456.71         3778.86  
    0.325       279.73          1211.01        2740.23         3495.42         3999.99  
    0.331       288.13          1210.13        2745.44         3405.91         3773.52  
    0.338       303.35          1207.27        2732.99         3195.38         3600.90  
    0.344       306.16          1208.93        2734.01         3158.36         3631.81  
    0.350       304.10          1214.64        2742.32         3309.28         3742.34  
    0.356       299.56          1224.28        2737.76         3375.56         3818.96  
    0.363       293.57          1235.73        2728.13         3333.06         3793.85  
    0.369       297.86          1232.31        2734.71         3325.74         3737.22  
    0.375       299.23          1227.23        2756.22         3175.76         3704.94  
    0.381       304.65          1225.29        2758.26         3084.43         3706.31  
    0.388       308.57          1225.12        2759.81         3052.36         3731.66  
    0.394       301.54          1233.08        2750.22         3058.91         3787.06  
    0.400       306.38          1237.04        2724.31         3102.36         3851.03  
    0.406       314.30          1240.14        2691.97         3058.70         3888.92  
    