0.025       0          189.19        1773.78         3000.16         4321.43  
    0.031       0          209.43        1665.10         2914.63         4137.62  
    0.038       0          241.01        1794.56         2979.87         4334.37  
    0.044       0          241.53        1945.82         2928.54         4171.64  
    0.050       172.45          795.40        2520.90         3765.80         5213.75  
    0.056       221.46          890.92        2607.27         3974.56         5500.00  
    0.062       211.37          844.29        2654.88         3948.22         5500.00  
    0.069       43.02          353.11        1303.42         3004.66         4335.25  
    0.075       0          251.73        1551.61         2916.19         4204.06  
    0.081       0          261.21        1689.38         2981.09         4268.97  
    0.088       0          252.76        1671.90         2930.52         4161.03  
    0.094       190.54          710.08        2578.80         3642.31         5217.63  
    0.100       229.60          776.70        2915.52         3717.05         5500.00  
    0.106       230.26          795.28        2859.77         3704.83         5500.00  
    0.113       47.70          342.35        1246.69         2939.34         4098.49  
    0.119       0          202.20        880.78         2755.53         3768.32  
    0.125       0          203.77        875.01         2858.16         3946.45  
    0.131       161.32          684.80        2351.50         3173.89         5188.51  
    0.138       281.85          842.14        2687.41         3366.87         5141.87  
    0.144       391.58          840.47        2682.12         3454.90         5031.72  
    0.150       85.59          172.88        954.26         2672.47         3668.74  
    0.156       367.42          515.13        2027.97         3220.74         5049.23  
    0.163       449.47          1088.97        2447.76         3533.56         5115.08  
    0.169       459.75          1221.03        2472.77         3632.76         5102.78  
    0.175       500.69          1107.63        2454.52         3615.78         5227.23  
    0.181       533.04          1199.35        2446.21         3647.88         5449.17  
    0.188       545.11          1316.70        2455.64         3624.27         5319.00  
    0.194       545.43          1346.82        2482.26         3605.27         5099.83  
    0.200       544.14          1408.11        2505.45         3579.19         5069.30  
    0.206       538.44          1504.32        2360.74         3589.23         5033.08  
    0.213       541.42          1521.03        2353.74         3858.97         5401.51  
    0.219       548.35          1515.15        2361.01         3928.83         5500.00  
    0.225       555.36          1453.62        2260.87         3768.94         5154.21  
    0.231       557.17          1376.65        2169.05         3701.51         4969.98  
    0.238       558.23          1502.60        2117.56         3779.10         5078.42  
    0.244       561.04          1596.13        2125.74         3906.15         5420.14  
    0.250       559.61          1562.74        2020.93         3768.01         4501.61  
    0.256       553.06          1689.50        1909.65         3590.07         4272.87  
    0.263       543.68          1500.52        2012.94         3658.12         4628.19  
    0.269       538.85          1434.96        2122.20         3617.19         4598.67  
    0.275       542.07          1685.28        2188.71         3835.02         4446.66  
    0.281       545.10          1667.34        2301.75         4034.88         4775.51  
    0.288       549.41          1523.25        2312.20         3915.41         4750.76  
    0.294       551.57          1540.01        2323.28         3811.82         5339.04  
    0.300       542.74          1541.76        2381.63         3811.29         5500.00  
    0.306       534.11          1544.71        2407.69         3791.57         5500.00  
    0.312       530.85          1420.03        2396.46         3681.55         4942.82  
    0.319       528.91          1159.56        2447.17         3638.79         4690.24  
    0.325       523.30          1088.73        2504.45         3591.99         4440.06  
    0.331       538.51          1115.97        2559.11         3543.62         4327.85  
    0.338       557.13          1069.18        2607.18         3670.56         4250.80  
    0.344       554.19          1087.43        2638.70         3683.66         4475.41  
    0.350       590.26          992.29        2634.99         3663.80         4699.44  
    0.356       628.71          923.01        2645.62         3623.92         4890.39  
    0.363       650.99          864.55        2679.73         3533.69         5012.84  
    0.369       647.23          787.83        2703.65         3469.59         4756.63  
    0.375       623.89          759.60        2671.75         3411.09         4339.68  
    0.381       613.06          734.46        2646.90         3292.53         3996.01  
    0.388       126.22          671.60        1915.08         2803.81         3407.91  
    0.394       359.15          910.65        2486.01         3238.91         5040.29  
    0.400       384.24          1100.59        2684.93         3479.06         5500.00  
    0.406       75.62          551.52        1555.30         2888.07         4121.69  
    0.413       0          420.14        1464.44         2737.51         3872.98  
    0.419       0          415.14        1544.90         2727.39         3758.04  
    0.425       0          400.82        1175.91         2741.36         3644.26  
    0.431       280.97          951.52        2422.49         3460.82         5112.97  
    0.438       340.81          1126.74        2780.47         3700.53         5500.00  
    0.444       299.44          1127.00        2760.70         3656.51         5500.00  
    0.450       254.40          1090.70        2713.77         3688.83         5500.00  
    0.456       248.56          708.36        2554.75         3658.89         5079.43  
    0.463       248.25          752.11        2557.42         3733.18         4970.47  
    