0.025       195.09          859.90        2682.87         4291.22         5500.00  
    0.031       184.52          847.56        2714.75         4286.85         5500.00  
    0.038       76.83          460.08        1676.64         3382.45         4815.52  
    0.044       0          108.85        917.39         2766.08         4283.32  
    0.050       0          119.47        941.44         2842.00         4293.83  
    0.056       0          167.63        984.53         2833.29         4333.91  
    0.062       103.21          807.13        1894.86         3670.64         5002.02  
    0.069       79.65          1055.69        2368.20         3336.65         4898.54  
    0.075       0          678.61        2327.99         2639.70         4408.56  
    0.081       260.48          904.18        2413.47         3290.35         4544.83  
    0.088       448.37          1241.74        2452.87         3801.40         4961.85  
    0.094       443.87          1288.04        2502.08         3856.64         5365.26  
    0.100       462.96          1323.80        2482.58         3897.49         5500.00  
    0.106       494.41          1357.39        2432.05         3912.41         5500.00  
    0.113       222.12          890.33        1830.86         3069.46         4607.23  
    0.119       0          518.27        1388.33         2428.31         3934.93  
    0.125       0          510.80        1403.86         2438.25         3915.16  
    0.131       0          512.75        1418.85         2445.88         3929.89  
    0.138       291.98          1024.39        2003.30         3287.80         4829.49  
    0.144       225.35          908.68        1879.03         3114.56         4657.09  
    0.150       0          522.81        1455.10         2477.37         4004.24  
    0.156       0          522.10        1449.34         2468.87         3979.97  
    0.163       0          512.86        1424.96         2457.27         3952.25  
    0.169       287.51          1018.14        1993.25         3278.08         4822.32  
    0.175       513.37          1425.03        2454.01         3923.13         5500.00  
    0.181       518.57          1431.79        2475.65         3946.20         5500.00  
    0.188       516.70          1426.63        2485.72         4022.02         5500.00  
    0.194       509.44          1437.88        2487.64         4037.04         5500.00  
    0.200       505.23          1439.86        2498.53         4036.26         5228.93  
    0.206       506.10          1425.77        2508.10         3838.19         4828.78  
    0.213       510.94          1400.92        2503.41         3609.48         4657.13  
    0.219       522.57          1354.05        2494.19         3675.00         4622.98  
    0.225       546.70          1368.41        2504.14         4215.77         4641.02  
    0.231       563.48          1374.03        2544.26         4138.57         4597.05  
    0.238       572.34          1372.75        2632.94         4191.24         5084.12  
    0.244       587.27          1348.35        2638.88         4215.33         4935.47  
    0.250       589.98          1269.32        2556.77         3941.94         4542.16  
    0.256       586.16          1269.94        2562.49         3939.86         4621.93  
    0.263       585.89          1275.98        2635.17         3969.86         4666.15  
    0.269       572.13          1248.28        2590.20         3929.69         4648.35  
    0.275       543.72          1231.54        2499.02         3910.39         4617.97  
    0.281       515.65          1190.56        2467.16         3909.37         4607.07  
    0.288       219.85          507.33        1374.79         3090.40         4203.39  
    0.294       0          315.38        1621.93         3281.65         4141.49  
    0.300       0          587.33        2431.16         3829.82         4115.36  
    0.306       0          618.48        2369.07         3620.96         4032.96  
    0.312       0          564.37        2265.96         3333.89         4155.94  
    0.319       0          501.96        2180.94         3225.88         4203.10  
    