0.025       207.14          850.26        2435.27         3571.45         5500.00  
    0.031       200.75          830.31        2358.19         3473.26         5500.00  
    0.038       199.97          854.68        2404.62         3496.82         5500.00  
    0.044       204.37          837.03        2549.58         3675.17         5500.00  
    0.050       9.65          231.42        901.30         2579.38         3845.01  
    0.056       191.54          819.50        2413.37         3691.82         5418.08  
    0.062       203.39          893.42        2361.92         3543.15         5500.00  
    0.069       271.39          915.49        2297.88         3458.63         5500.00  
    0.075       416.59          935.27        2445.37         3428.19         5500.00  
    0.081       468.15          953.39        2433.15         3448.08         4614.18  
    0.088       535.87          1006.49        2281.43         3480.52         4522.43  
    0.094       574.64          1013.45        2334.81         3484.92         4400.50  
    0.100       592.88          1168.68        2319.05         3518.06         4720.09  
    0.106       620.66          1139.05        2235.42         3535.25         5058.01  
    0.113       640.41          1139.53        2236.05         3557.08         4915.29  
    0.119       663.64          1107.36        2222.58         3532.21         4608.23  
    0.125       681.05          1070.81        2278.09         3533.77         4668.15  
    0.131       680.62          1050.42        2216.06         3517.56         4831.97  
    0.138       668.11          1066.27        2192.59         3478.42         4862.14  
    0.144       656.60          1063.45        2193.41         3464.09         4854.73  
    0.150       645.37          1065.20        2184.22         3443.02         4809.96  
    0.156       655.37          1034.59        2197.52         3501.76         4859.82  
    0.163       660.18          1026.54        2186.04         3558.59         4928.02  
    0.169       676.90          1003.51        2217.90         3570.83         5081.19  
    0.175       702.07          994.70        2255.82         3575.98         4980.16  
    0.181       715.31          979.63        2277.90         3583.84         4578.44  
    0.188       691.43          981.94        2329.25         3592.99         4846.42  
    0.194       683.55          981.43        2338.25         3599.95         4796.37  
    0.200       666.11          989.12        2293.59         3589.79         4259.87  
    0.206       674.85          990.31        2396.51         3602.72         5123.04  
    0.213       675.25          999.61        2356.76         3604.47         5484.30  
    0.219       684.29          1016.98        2333.66         3610.41         5500.00  
    0.225       696.60          1021.12        2374.41         3607.64         5500.00  
    0.231       32.88          720.08        1097.57         2589.14         3691.24  
    0.238       0          706.96        1047.29         2427.45         3593.95  
    0.244       0          718.21        1057.16         2404.43         3593.23  
    0.250       0          722.78        1085.53         2435.70         3603.53  
    0.256       0          744.86        1116.40         2473.37         3612.31  
    0.263       0          730.90        1125.97         2452.99         3618.17  
    0.269       0          721.64        1150.83         2425.32         3619.02  
    0.275       0          733.46        1189.03         2426.01         3611.01  
    0.281       0          716.13        1209.47         2380.21         3580.02  
    0.288       0          690.99        1230.41         2377.90         3530.35  
    0.294       0          689.79        1244.26         2426.54         3457.50  
    0.300       0          647.00        1251.89         2487.74         3348.32  
    0.306       0          461.07        1262.12         2605.97         3481.45  
    0.312       236.00          1215.14        2437.57         3208.61         5405.12  
    0.319       248.65          1287.90        2498.45         3228.10         5500.00  
    0.325       255.80          1312.96        2656.94         3250.85         5500.00  
    0.331       258.64          1316.83        2711.09         3264.63         5500.00  
    0.338       255.27          1343.63        2753.16         3313.63         5500.00  
    0.344       246.80          1312.83        2761.79         3148.84         5500.00  
    0.350       245.46          1282.93        2765.79         3136.43         5500.00  
    0.356       238.88          1299.52        2736.16         3232.79         5500.00  
    0.363       210.51          1352.21        2649.46         3314.57         5500.00  
    0.369       218.28          1391.68        2536.83         3250.64         5500.00  
    0.375       229.68          1375.37        2598.60         3346.58         5500.00  
    0.381       222.16          1365.94        2702.85         3335.36         5500.00  
    0.388       10.46          285.85        1555.63         2781.53         3334.30  
    0.394       229.15          1374.03        2695.82         3015.32         5392.80  
    0.400       236.65          1380.13        2514.85         2963.63         5500.00  
    