0.025       0          254.65        874.53         2152.28         3513.46  
    0.031       143.47          597.80        1455.98         2405.17         4680.61  
    0.038       100.72          495.91        1587.93         2598.41         5139.76  
    0.044       0          439.62        1856.48         2731.07         4835.62  
    0.050       0          601.48        2246.88         2801.98         4827.83  
    0.056       339.96          733.22        2424.21         3329.10         4975.59  
    0.062       546.69          858.77        2395.83         3906.00         5299.98  
    0.069       545.57          882.72        2327.35         3774.36         5485.42  
    0.075       576.31          839.33        2336.19         3464.67         5354.50  
    0.081       597.14          830.02        2329.70         3572.53         5397.86  
    0.088       595.59          864.82        2312.45         3763.98         5272.59  
    0.094       598.09          869.51        2300.85         3792.70         5022.48  
    0.100       605.75          888.00        2292.96         3814.28         5115.70  
    0.106       608.61          904.01        2291.06         3834.47         5152.48  
    0.113       617.91          853.84        2310.57         3826.25         4957.82  
    0.119       617.68          842.90        2359.46         3853.23         5074.48  
    0.125       609.98          858.79        2384.06         3784.47         5056.98  
    0.131       607.22          865.47        2344.56         3667.79         4888.98  
    0.138       610.95          891.71        2294.22         3629.85         4865.94  
    0.144       613.05          902.48        2278.82         3630.48         4853.39  
    0.150       611.33          889.82        2315.51         3639.60         4813.38  
    0.156       607.59          859.39        2386.93         3602.49         4709.35  
    0.163       599.56          832.57        2428.18         3432.05         4618.10  
    0.169       602.20          827.33        2454.30         3415.26         4752.13  
    0.175       608.55          829.58        2466.23         3455.24         4943.45  
    0.181       616.22          821.13        2470.70         3434.32         4884.49  
    0.188       622.39          809.99        2460.41         3524.13         4756.14  
    0.194       620.88          821.58        2458.17         3663.12         4850.79  
    0.200       604.59          848.52        2473.09         3529.28         4958.44  
    0.206       586.59          863.92        2502.91         3284.30         4882.75  
    0.213       582.26          865.79        2517.48         3160.12         4959.59  
    0.219       585.86          861.06        2514.71         3147.66         5051.94  
    0.225       593.12          852.76        2537.31         3168.85         5018.01  
    0.231       583.30          850.45        2549.86         3136.50         4983.41  
    0.238       571.22          854.75        2563.03         3055.77         4944.42  
    0.244       569.74          854.49        2584.97         2984.07         4926.91  
    0.250       571.91          841.88        2558.13         2981.27         4973.79  
    0.256       558.94          845.74        2548.52         3051.48         4967.03  
    0.263       546.19          851.10        2572.42         3120.19         4962.20  
    0.269       545.88          841.29        2560.80         3094.60         5010.40  
    0.275       552.41          830.91        2525.94         3109.35         4992.07  
    0.281       549.19          840.25        2513.43         3133.27         4944.39  
    0.288       533.37          855.80        2506.47         3026.05         4974.06  
    0.294       527.81          855.84        2540.13         3007.38         4981.85  
    0.300       532.17          856.43        2580.48         3062.59         4961.82  
    0.306       534.88          859.80        2595.04         3027.86         4960.96  
    0.312       539.37          844.47        2600.00         2985.03         4960.77  
    0.319       562.11          823.53        2603.25         3008.84         4928.61  
    0.325       585.47          814.64        2596.89         3026.82         4864.83  
    0.331       573.50          823.45        2580.14         2999.40         4777.25  
    0.338       560.08          832.80        2561.20         2960.24         4729.90  
    0.344       563.66          831.89        2557.46         2919.74         4721.35  
    0.350       563.44          827.65        2554.76         2872.26         4720.62  
    0.356       555.10          830.80        2538.15         2833.85         4692.54  
    0.363       550.23          835.15        2530.43         2811.44         4569.66  
    0.369       559.26          833.45        2587.87         2826.46         4473.98  
    0.375       573.92          833.85        2666.47         2993.60         4489.22  
    0.381       570.20          820.78        2684.93         3825.67         4496.21  
    0.388       497.17          818.57        2637.93         4406.60         5081.48  
    0.394       437.39          756.59        2583.85         4373.92         5141.95  
    0.400       391.81          732.19        2559.01         4128.71         4896.04  
    0.406       357.80          726.66        2545.08         3925.13         4913.27  
    0.413       333.26          714.45        2554.54         3949.89         4977.78  
    0.419       320.80          746.20        2611.98         4056.17         5300.55  
    0.425       304.18          782.12        2646.59         4077.98         5292.97  
    0.431       279.21          788.22        2561.30         3924.73         4933.25  
    0.438       279.66          782.22        2546.21         3861.61         5204.16  
    0.444       210.02          745.65        2473.07         3865.75         4965.38  
    0.450       64.51          297.55        1426.76         2883.19         4054.40  
    0.456       147.26          488.28        1761.00         3188.19         4283.96  
    