0.025       0          520.80        1381.86         2730.75         3761.28  
    0.031       0          423.12        1277.35         2658.17         3700.23  
    0.038       0          381.54        1273.76         2623.00         3695.72  
    0.044       0          407.95        1195.50         2587.14         3810.06  
    0.050       0          439.67        1331.69         2595.76         3853.94  
    0.056       0          474.01        1587.50         2957.44         4316.89  
    0.062       177.97          568.28        1890.47         3412.40         4734.66  
    0.069       361.40          735.35        2200.77         3597.38         4700.18  
    0.075       414.33          819.26        2336.39         3633.62         4634.64  
    0.081       442.31          881.66        2377.12         3643.45         4511.68  
    0.088       456.93          927.29        2356.18         3625.28         4441.43  
    0.094       472.45          897.91        2388.86         3598.35         4462.29  
    0.100       481.94          885.40        2429.01         3581.55         4383.87  
    0.106       484.08          887.40        2434.95         3585.46         4458.15  
    0.113       495.39          870.90        2418.95         3559.66         4623.37  
    0.119       521.70          844.36        2435.55         3529.77         4667.81  
    0.125       587.33          784.98        2455.94         3545.47         4726.21  
    0.131       642.24          719.01        2406.80         3526.40         4741.57  
    0.138       297.40          316.81        1451.99         2640.64         4086.55  
    0.144       178.84          374.21        1435.64         2815.62         4163.15  
    0.150       149.91          313.69        1317.38         2721.12         4080.81  
    0.156       0          364.11        1295.60         2807.55         3981.88  
    0.163       0          305.22        1159.32         2556.50         3812.98  
    0.169       0          0        619.08         1823.73         3398.75  
    0.175       332.45          355.43        1332.08         2716.33         4143.72  
    0.181       278.68          297.94        1240.22         2605.01         4052.36  
    0.188       0          373.07        1292.84         2766.27         4090.41  
    0.194       226.01          678.89        1867.03         3479.45         4742.80  
    0.200       554.30          697.02        1938.30         3499.28         4867.62  
    0.206       654.41          714.15        1976.71         3474.46         4900.45  
    0.213       627.51          767.11        2014.09         3426.27         4913.46  
    0.219       581.46          915.19        2081.25         3393.13         4927.36  
    0.225       551.12          1025.91        2171.98         3350.95         4945.19  
    0.231       554.40          1061.20        2208.88         3320.95         4965.05  
    0.238       556.74          1087.18        2235.50         3295.99         4992.84  
    0.244       553.77          1128.95        2276.06         3272.79         5013.51  
    0.250       527.18          1178.77        2367.28         3280.83         5019.01  
    0.256       495.17          1226.68        2448.71         3352.01         5032.73  
    0.263       486.95          1306.23        2342.43         3377.00         5052.41  
    0.269       461.69          1364.07        2238.84         3321.61         5075.30  
    0.275       403.64          1350.04        2288.66         3226.00         5120.84  
    0.281       365.56          1334.26        2377.85         3161.55         5167.94  
    0.288       351.64          1349.22        2373.37         3208.62         5192.28  
    0.294       346.16          1363.33        2332.24         3250.26         5207.73  
    0.300       347.57          1375.71        2332.36         3240.74         5223.18  
    0.306       343.03          1380.83        2325.51         3228.53         5229.75  
    0.312       340.26          1384.41        2337.10         3231.42         5229.91  
    0.319       339.97          1415.20        2352.50         3241.65         5236.16  
    0.325       336.95          1442.98        2374.93         3094.31         5232.50  
    0.331       335.10          1423.12        2429.78         3058.98         5235.96  
    0.338       339.46          1424.11        2458.86         3023.46         5233.91  
    0.344       347.49          1473.95        2441.76         2940.00         5250.55  
    0.350       346.60          1455.23        2413.37         3048.49         5306.33  
    0.356       330.81          1395.24        2439.46         3159.24         5306.89  
    0.363       316.25          1380.37        2462.98         3137.62         5286.27  
    0.369       319.31          1409.88        2451.05         3065.45         5321.66  
    0.375       330.61          1458.90        2433.18         3124.51         5431.31  
    0.381       331.99          1457.56        2383.66         3285.30         5500.00  
    0.388       321.60          1431.80        2285.94         3339.65         5427.52  
    0.394       316.11          1461.15        2146.34         3297.10         5327.09  
    0.400       318.29          1483.67        2097.93         3247.86         5254.16  
    0.406       320.06          1579.53        1919.25         3135.34         5218.42  
    