0.025       244.32          708.30        2526.20         4139.47         4762.84  
    0.031       237.78          634.64        2515.90         4031.63         4930.97  
    0.038       225.73          464.86        2522.94         4075.83         4957.03  
    0.044       60.00          111.30        863.73         2957.55         4385.54  
    0.050       0          0        281.84         2477.58         4237.23  
    0.056       0          0        274.29         2443.04         4237.75  
    0.062       0          186.99        1708.32         3061.95         4546.33  
    0.069       0          69.19        894.42         2845.20         4476.49  
    0.075       216.88          483.89        2092.51         3824.90         4733.39  
    0.081       348.50          719.95        2779.24         3987.13         4890.48  
    0.088       380.08          737.42        2693.09         3628.94         4942.23  
    0.094       402.00          720.97        2634.66         3475.03         4944.79  
    0.100       440.61          689.62        2637.08         3464.93         4946.94  
    0.106       481.41          669.85        2656.25         3474.54         4901.28  
    0.113       507.55          669.29        2639.66         3480.44         4897.98  
    0.119       555.70          626.21        2596.38         3486.89         4875.44  
    0.125       578.84          590.43        2579.31         3471.65         4945.25  
    0.131       562.56          649.45        2560.01         3466.39         4984.11  
    0.138       544.86          716.68        2550.71         3476.07         4954.11  
    0.144       529.23          823.45        2524.79         3470.88         5012.55  
    0.150       522.32          915.15        2495.83         3446.95         5050.13  
    0.156       525.77          1006.97        2526.62         3419.70         5151.70  
    0.163       514.78          1040.41        2527.34         3425.51         5160.52  
    0.169       522.13          1026.63        2536.65         3446.33         5086.78  
    0.175       526.09          1017.37        2516.87         3438.63         5046.94  
    0.181       519.25          1019.57        2471.25         3426.49         5056.91  
    0.188       525.96          1032.67        2482.92         3430.36         5029.14  
    0.194       530.83          1137.34        2539.80         3416.54         4961.24  
    0.200       533.11          1284.59        2503.56         3389.38         4893.72  
    0.206       537.41          1368.01        2557.25         3394.48         4844.94  
    0.213       538.30          1355.21        2678.70         3440.47         4905.97  
    0.219       539.36          1281.38        2713.62         3455.83         4945.57  
    0.225       545.42          1279.90        2961.46         3423.09         4855.26  
    0.231       549.47          1315.42        2910.69         3452.71         4744.43  
    0.238       545.47          1342.01        2535.63         3528.43         4852.41  
    0.244       544.68          1372.79        2368.34         3556.29         4991.10  
    0.250       543.78          1400.67        2188.13         3566.54         4974.03  
    0.256       536.65          1409.92        2132.62         3584.91         4907.68  
    0.263       530.23          1436.65        2220.90         3610.76         4857.86  
    0.269       521.40          1453.80        2366.47         3662.84         4793.70  
    0.275       514.72          1428.48        2364.48         3636.45         4752.50  
    0.281       508.79          1411.94        2315.22         3603.00         4737.85  
    0.288       500.90          1383.99        2300.67         3619.48         4738.03  
    0.294       496.03          1391.41        2258.31         3615.09         4734.55  
    0.300       497.58          1405.72        2211.02         3564.40         4703.68  
    0.306       495.96          1377.96        2322.61         3535.61         4727.78  
    0.312       494.45          1343.04        2394.98         3516.28         4780.40  
    0.319       496.99          1302.91        2332.06         3496.27         4829.91  
    0.325       498.25          1249.69        2356.85         3483.39         4834.14  
    0.331       506.45          1273.90        2424.68         3481.83         4856.42  
    0.338       517.22          1334.03        2303.92         3460.11         4731.66  
    0.344       536.55          1252.28        1848.29         3436.96         4738.03  
    0.350       146.55          328.35        879.31         2218.63         3799.95  
    0.356       417.93          605.09        2119.29         2994.24         4223.81  
    0.363       517.68          784.10        2674.89         3463.63         4555.71  
    0.369       464.07          794.34        2535.90         3452.82         4711.11  
    0.375       443.02          824.54        2446.91         3417.85         4856.90  
    0.381       439.53          852.95        2427.04         3388.56         4847.06  
    0.388       437.88          879.08        2422.78         3369.65         4762.52  
    0.394       433.10          895.85        2404.35         3354.77         4702.77  
    0.400       427.46          905.07        2384.24         3363.34         4762.91  
    0.406       424.03          913.97        2414.23         3355.05         4794.33  
    0.413       419.54          917.87        2465.24         3383.18         4686.52  
    0.419       407.01          879.32        2472.79         3624.25         4587.90  
    0.425       307.36          1007.00        2463.60         3770.43         4674.67  
    0.431       274.73          1077.37        2460.14         3587.23         4849.58  
    0.438       270.94          1174.46        2467.05         3311.48         4774.12  
    0.444       275.17          1222.56        2479.39         3167.68         4625.26  
    0.450       282.06          1267.92        2500.68         3333.05         4676.41  
    0.456       292.43          1360.35        2509.52         3341.02         4500.30  
    0.463       79.84          599.76        2265.96         2731.75         4348.11  
    0.469       213.80          1102.13        2431.61         3789.64         4369.61  
    0.475       287.28          1326.73        2534.25         4228.48         4377.81  
    0.481       77.03          564.11        1863.89         2959.55         4220.07  
    0.488       0          296.46        1857.74         2500.13         4136.16  
    0.494       0          291.21        1761.01         2510.80         4152.14  
    0.500       0          284.19        1533.46         2513.15         4187.87  
    0.506       0          273.19        1447.85         2523.99         4238.90  
    0.513       189.18          1024.96        2247.30         3796.86         5163.55  
    0.519       70.00          538.14        1669.01         3041.97         4591.16  
    0.525       0          254.36        1445.38         2563.29         4256.72  
    0.531       183.97          1017.47        2230.17         3365.91         4281.61  
    