0.025       0          208.50        755.32         2705.73         4089.94  
    0.031       0          216.62        755.49         2719.04         4034.61  
    0.038       199.49          651.60        2291.48         3672.05         4863.31  
    0.044       33.62          456.73        2232.63         3105.10         4595.31  
    0.050       406.16          750.73        2421.88         4079.60         4377.56  
    0.056       447.16          798.54        2359.82         4245.15         4555.64  
    0.062       451.56          807.55        2205.68         4281.34         4700.95  
    0.069       469.85          832.18        2228.04         4289.77         4714.23  
    0.075       491.87          855.52        2251.81         4283.10         4699.11  
    0.081       520.16          871.71        2270.45         4267.02         4768.86  
    0.088       586.73          859.27        2332.81         4231.90         4826.85  
    0.094       623.58          847.21        2358.75         4189.71         4831.61  
    0.100       609.12          861.36        2358.23         4247.70         4714.53  
    0.106       586.01          874.40        2364.71         4148.44         4677.57  
    0.113       568.83          887.67        2527.21         4191.17         4669.17  
    0.119       562.81          895.38        2576.32         4133.65         4676.73  
    0.125       561.75          905.58        2612.42         4129.29         4696.47  
    0.131       553.64          912.64        2657.81         4129.69         4635.10  
    0.138       549.06          913.01        2706.67         4137.21         4633.50  
    0.144       543.13          915.51        2717.63         4153.46         4643.34  
    0.150       543.17          920.88        2684.94         4140.58         4560.48  
    0.156       550.63          929.08        2587.35         4104.00         4493.17  
    0.163       553.29          927.54        2556.95         4104.83         4588.23  
    0.169       548.37          920.73        2589.38         4115.83         4623.34  
    0.175       553.19          924.01        2577.50         4105.13         4652.90  
    0.181       561.29          930.27        2570.72         4117.98         4718.28  
    0.188       558.13          936.02        2601.66         4115.97         4683.69  
    0.194       553.77          953.07        2634.74         4116.44         4642.93  
    0.200       552.57          977.24        2646.03         4177.92         4660.98  
    0.206       551.32          1002.56        2617.06         4185.94         4744.20  
    0.213       552.44          1023.53        2599.19         4164.56         4800.81  
    0.219       559.75          1036.07        2601.57         4154.51         5045.53  
    0.225       571.36          1043.43        2569.46         4144.46         5440.23  
    0.231       583.24          1047.95        2542.56         4162.35         5500.00  
    0.238       613.45          1069.55        2571.67         4191.78         5500.00  
    0.244       89.16          698.22        1349.69         2859.34         4433.79  
    0.250       0          627.57        1181.02         2609.49         4257.87  
    0.256       0          612.88        1195.29         2484.28         4246.59  
    0.263       461.39          1115.17        1967.84         3972.11         5318.95  
    0.269       77.75          382.74        1371.94         2290.25         4391.73  
    0.275       0          1131.54        1358.88         2118.98         4208.16  
    0.281       0          184.74        198.63         1402.57         2579.07  
    0.288       157.95          1089.95        1834.39         3639.07         5039.14  
    0.294       26.62          359.43        1425.23         3195.75         4394.36  
    0.300       0          181.30        1330.46         3152.02         4154.10  
    0.306       0          148.89        1338.76         3012.17         4146.64  
    0.312       0          172.98        1321.97         3011.71         4181.37  
    0.319       0          170.43        1334.66         3142.83         4188.53  
    0.325       0          165.51        1302.12         3260.33         4399.04  
    