0.025       0          238.83        973.92         2390.03         3541.89  
    0.031       0          267.28        1100.32         2411.42         3575.54  
    0.038       0          335.57        1173.74         2408.91         3750.09  
    0.044       0          279.23        1137.68         2398.73         3774.20  
    0.050       0          256.06        1031.12         2417.96         3834.15  
    0.056       0          234.52        763.15         2427.11         3893.38  
    0.062       0          232.04        698.57         2439.03         3763.00  
    0.069       0          232.17        705.88         2444.62         3958.28  
    0.075       214.21          687.62        2125.73         3587.41         5137.62  
    0.081       345.31          757.32        2272.56         3781.57         4769.33  
    0.088       408.75          783.71        2379.87         3924.04         4556.27  
    0.094       489.17          845.25        2229.21         3825.34         4996.79  
    0.100       66.25          662.89        1711.98         3729.24         3955.13  
    0.106       0          689.64        1602.47         3360.78         3780.16  
    0.113       0          717.49        1574.93         3097.19         3879.25  
    0.119       0          723.72        1614.55         2805.62         3868.17  
    0.125       0          733.19        1698.40         2704.74         3852.07  
    0.131       0          742.88        1594.66         2762.58         3873.22  
    0.138       0          739.24        1508.76         2784.40         3914.21  
    0.144       643.06          1362.90        2377.63         3655.56         5290.76  
    0.150       98.16          849.03        1685.36         2632.37         4081.39  
    0.156       651.53          1316.20        2214.31         3493.48         5032.06  
    0.163       756.09          1583.30        2416.09         3676.36         5461.63  
    0.169       100.23          876.61        1853.69         2683.65         4112.43  
    0.175       656.07          1626.40        2244.19         3561.76         5288.20  
    0.181       761.11          2086.44        2255.60         2800.22         5386.47  
    0.188       100.89          938.99        2074.86         2580.29         4138.38  
    0.194       0          745.77        2052.19         2528.11         3926.66  
    0.200       0          738.62        2113.98         2591.25         3909.32  
    0.206       633.88          1655.79        2136.19         3007.50         4904.24  
    0.213       728.99          1664.89        2146.80         3111.74         4996.64  
    0.219       723.41          1727.38        2197.48         3304.55         5002.88  
    0.225       95.69          856.74        2054.82         2512.28         4128.10  
    0.231       0          723.47        2038.97         2586.63         3920.38  
    0.238       627.64          1654.92        2181.55         3132.48         4945.79  
    0.244       728.10          1781.30        2245.06         3415.77         5447.56  
    0.250       731.55          1987.24        2246.77         3560.69         5500.00  
    0.256       732.12          1706.84        2229.91         3390.27         5500.00  
    0.263       731.42          1784.72        2233.43         3509.55         5500.00  
    0.269       712.43          1591.20        2254.20         3514.49         5500.00  
    0.275       688.21          1545.59        2320.83         3532.88         5500.00  
    0.281       675.94          1549.68        2497.48         3505.90         5500.00  
    0.288       667.94          1509.99        2662.82         3546.53         5500.00  
    0.294       88.32          780.01        1634.81         2780.15         4081.87  
    0.300       0          621.52        1464.14         2775.18         3994.58  
    0.306       311.39          1371.74        2511.82         3570.58         4602.81  
    0.312       371.25          1471.54        2305.02         2987.36         4796.08  
    0.319       404.21          1235.03        2169.33         3043.86         4777.05  
    0.325       383.46          1431.70        2236.38         2967.32         4775.25  
    0.331       367.08          1483.95        2551.64         2960.36         4771.88  
    0.338       369.83          1439.00        2683.49         2988.58         4790.37  
    0.344       376.17          1259.99        2504.67         3273.76         4888.43  
    0.350       381.12          969.08        2449.37         3351.08         4863.24  
    0.356       375.62          966.34        2495.85         3222.42         4869.95  
    0.363       384.55          1043.59        2641.39         3279.45         4847.92  
    0.369       389.35          1069.17        2673.96         3961.34         5413.16  
    0.375       51.63          491.61        1448.62         2853.16         4487.48  
    0.381       0          400.33        1279.54         2681.29         4208.76  
    0.388       0          398.53        1189.18         2673.90         4135.21  
    0.394       0          387.08        1132.79         2659.55         4078.42  
    0.400       0          361.34        992.42         2580.94         3823.41  
    