0.025       0          229.09        805.69         2787.30         3647.66  
    0.031       0          233.68        835.39         2728.71         3670.98  
    0.038       0          241.53        843.33         2690.96         3691.43  
    0.044       0          241.54        875.89         2714.11         3698.41  
    0.050       0          241.92        898.03         2737.42         3785.04  
    0.056       0          244.95        901.87         2722.17         3841.77  
    0.062       202.89          768.53        2376.76         3629.20         5201.08  
    0.069       44.89          365.37        1235.41         2978.81         4162.42  
    0.075       0          249.60        934.10         2770.93         3834.22  
    0.081       226.28          1110.03        2370.21         3420.82         5196.90  
    0.088       50.07          570.42        1796.43         2945.93         4540.55  
    0.094       394.16          893.37        2624.60         3683.64         4438.86  
    0.100       490.88          1250.70        2809.51         3979.54         4444.32  
    0.106       531.05          1376.73        2697.75         4009.25         4641.72  
    0.113       561.39          1445.55        2703.10         3998.01         4661.07  
    0.119       573.28          1524.98        2740.05         3956.41         4521.89  
    0.125       583.21          1614.08        2764.20         3873.67         4561.99  
    0.131       593.13          1691.36        2623.86         3864.58         4701.02  
    0.138       604.42          1761.83        2448.10         3855.02         4746.19  
    0.144       615.33          1809.15        2431.97         3850.38         4704.44  
    0.150       629.22          1787.66        2743.34         3803.26         4659.27  
    0.156       646.32          1690.28        2863.02         3753.52         4711.27  
    0.163       667.45          1651.00        2929.62         3825.74         4827.48  
    0.169       683.45          1715.10        2842.86         3825.63         4831.47  
    0.175       697.29          1984.49        2355.91         3762.25         4746.45  
    0.181       715.30          2142.23        2377.58         3696.17         4840.46  
    0.188       722.18          2003.35        2300.96         3682.48         4876.31  
    0.194       737.31          1484.93        2474.37         3705.59         4964.77  
    0.200       768.85          1188.73        2529.12         3659.70         5018.32  
    0.206       140.44          207.78        1111.59         2633.29         3884.13  
    0.213       0          653.35        2007.91         3340.71         4354.50  
    0.219       0          788.72        2235.36         3542.55         4361.56  
    0.225       0          791.81        2226.09         3543.71         4401.58  
    0.231       0          804.07        2220.92         3550.01         4157.24  
    0.238       0          817.97        2224.15         3562.64         3967.50  
    0.244       0          831.36        2243.33         3570.97         3953.69  
    0.250       0          842.66        2225.44         3564.74         3748.09  
    0.256       0          866.32        2185.20         3336.07         3773.17  
    0.263       0          873.85        2135.36         3312.99         3822.67  
    0.269       0          872.65        2081.37         3329.39         3846.66  
    0.275       0          866.47        2007.98         3319.45         3800.37  
    0.281       639.33          1271.57        2907.72         3679.65         4730.89  
    0.288       757.04          1398.17        3155.56         3775.33         5398.40  
    0.294       789.90          1286.35        3190.13         3739.29         5500.00  
    0.300       714.74          1192.79        3187.68         3727.16         4956.79  
    0.306       700.13          1200.10        3223.53         3877.91         5379.80  
    0.312       127.01          791.64        1662.95         3464.28         4177.63  
    0.319       0          648.47        1288.49         3406.77         3852.77  
    0.325       480.86          1137.94        2995.73         3651.98         3854.70  
    0.331       552.53          1258.55        3287.51         3418.88         3946.23  
    0.338       532.72          1340.83        3232.33         3521.50         3993.51  
    0.344       526.93          1438.67        3220.95         3786.75         4017.76  
    0.350       506.69          1531.34        3209.71         3734.72         4007.57  
    0.356       432.76          1651.79        3207.05         3498.14         4019.49  
    0.363       346.32          1712.51        3250.72         3633.22         4091.93  
    0.369       335.13          1763.95        3227.73         4013.19         5247.66  
    0.375       323.53          1768.10        3194.60         4152.72         5500.00  
    0.381       58.11          569.00        2033.58         3364.90         4432.30  
    0.388       0          286.05        1764.98         3206.73         4196.74  
    0.394       0          300.14        1760.02         3201.50         4220.43  
    0.400       0          291.24        1805.69         3199.51         4306.06  
    0.406       0          275.31        1711.09         3169.30         4269.57  
    0.413       206.77          1442.04        2185.56         3189.96         4291.00  
    0.419       45.75          514.79        1834.25         3199.37         4318.93  
    0.425       0          268.19        1791.81         3242.72         4331.89  
    0.431       0          269.21        1765.59         3220.79         4342.06  
    0.438       219.72          1418.67        2943.70         3213.35         4360.32  
    0.444       48.62          523.99        2030.71         3243.33         4394.06  
    0.450       0          271.63        1793.55         3246.46         4362.88  
    0.456       0          259.94        1752.96         3221.85         4413.34  
    0.463       0          252.35        1743.77         3210.55         4460.49  
    0.469       0          241.51        1788.05         3209.13         4445.77  
    0.475       0          237.30        1857.49         3206.06         4440.74  
    0.481       0          240.17        1891.04         3287.76         4319.87  
    