0.025       266.54          1016.62        2424.21         3570.03         4579.92  
    0.031       270.58          1010.80        2446.61         3592.69         4646.49  
    0.038       276.47          1019.45        2417.91         3496.28         4670.79  
    0.044       278.34          998.18        2395.13         3413.14         4640.63  
    0.050       269.14          1018.74        2392.10         3427.86         4637.30  
    0.056       256.64          1009.10        2390.63         3486.04         4644.10  
    0.062       243.83          963.73        2429.44         3562.75         4664.00  
    0.069       236.86          899.43        2469.50         3671.18         4645.32  
    0.075       230.48          782.80        2491.33         3701.83         4729.84  
    0.081       221.70          770.00        2479.55         3675.86         4812.08  
    0.088       210.04          848.95        2493.82         3653.43         4899.37  
    0.094       192.53          890.01        2451.64         3666.59         4882.29  
    0.100       183.74          864.49        2426.85         3651.69         4851.96  
    0.106       183.52          842.94        2426.18         3568.57         4928.90  
    0.113       183.46          822.16        2424.82         3544.93         5024.37  
    0.119       187.83          754.34        2491.01         3682.75         5363.15  
    0.125       57.82          221.69        911.03         2872.15         4451.55  
    0.131       155.48          1095.60        2020.55         3564.04         4572.42  
    0.138       293.55          1541.25        2678.93         3690.60         4748.93  
    0.144       352.44          1026.78        2605.87         3593.64         4637.83  
    0.150       362.73          745.96        2566.49         3613.51         4540.29  
    0.156       372.59          683.93        2572.99         3604.23         4429.02  
    0.163       390.44          659.65        2650.95         3585.88         4282.32  
    0.169       408.78          637.55        2711.05         3561.96         4179.31  
    0.175       435.27          591.79        2725.48         3581.55         4141.27  
    0.181       444.06          562.48        2670.18         3610.59         4152.95  
    0.188       447.24          554.31        2617.63         3621.17         4194.28  
    0.194       456.71          558.12        2618.04         3616.62         4232.69  
    0.200       495.89          562.22        2629.14         3616.60         4189.76  
    0.206       520.56          608.72        2637.48         3629.40         4144.92  
    0.213       511.97          688.11        2569.10         3634.22         4176.59  
    0.219       506.09          738.56        2498.51         3586.32         4289.15  
    0.225       508.25          769.82        2486.66         3578.10         4314.87  
    0.231       510.30          797.95        2493.94         3581.94         4279.45  
    0.238       507.98          814.34        2502.36         3588.65         4257.45  
    0.244       503.03          813.14        2525.91         3593.17         4245.17  
    0.250       493.63          798.41        2520.67         3595.58         4182.54  
    0.256       486.37          790.14        2458.06         3597.00         4084.03  
    0.263       493.72          798.59        2389.79         3602.65         4038.74  
    0.269       511.05          811.17        2340.69         3612.04         4005.78  
    0.275       545.42          850.26        2326.79         3609.09         4014.62  
    0.281       569.63          924.69        2292.59         3587.20         4032.12  
    0.288       582.95          995.82        2304.85         3578.39         4032.30  
    0.294       588.57          1032.24        2407.03         3589.69         3956.00  
    0.300       597.62          1050.51        2503.06         3599.71         3850.32  
    0.306       612.41          1061.56        2588.91         3600.27         3855.31  
    0.312       633.40          1068.77        3016.16         3604.71         3811.95  
    0.319       635.23          1067.70        3124.39         3589.11         3785.72  
    0.325       625.63          1076.80        2759.12         3595.23         3988.93  
    0.331       189.55          762.48        1589.37         3164.81         3741.40  
    0.338       0          588.85        1149.75         2884.85         3577.94  
    0.344       356.10          959.61        2132.54         3352.68         4912.52  
    0.350       457.53          1128.72        2502.75         3592.82         4297.12  
    0.356       358.73          1123.63        2462.05         3567.67         3864.84  
    0.363       304.27          1121.06        2494.11         3458.76         3892.97  
    0.369       300.38          1148.00        2558.15         3449.29         3867.16  
    0.375       302.21          1147.89        2631.34         3694.65         4022.31  
    0.381       297.31          1137.11        2652.36         3709.26         3985.39  
    0.388       282.33          1119.70        2639.41         3712.58         3988.56  
    0.394       277.84          921.52        2408.39         2953.36         4116.89  
    0.400       281.84          929.44        2517.44         2624.23         4153.78  
    0.406       275.01          1099.63        2632.82         2941.92         4121.08  
    0.413       257.46          1164.52        2617.85         2892.88         4182.85  
    0.419       256.43          1180.25        2514.58         2791.89         4200.78  
    0.425       267.56          1216.40        2492.65         2734.32         4208.71  
    0.431       82.67          559.49        2291.29         2670.23         4209.90  
    