0.025       255.31          1136.80        2497.55         3621.62         5500.00  
    0.031       52.80          447.09        1872.00         2707.23         4181.23  
    0.038       196.47          893.77        2293.00         3374.44         5156.17  
    0.044       239.36          967.21        2434.20         3442.69         5065.14  
    0.050       232.96          935.19        2393.34         3385.55         4794.59  
    0.056       223.86          961.12        2398.49         3442.55         4793.45  
    0.062       222.45          978.25        2446.21         3419.94         4883.16  
    0.069       223.08          979.06        2472.10         3587.97         5123.92  
    0.075       219.59          960.03        2416.13         3566.51         5055.75  
    0.081       219.50          970.62        2370.47         3567.40         4969.79  
    0.088       220.51          933.56        2345.24         3415.85         4835.02  
    0.094       217.46          843.69        2333.06         3504.72         4781.48  
    0.100       220.35          817.57        2334.84         3518.14         4457.56  
    0.106       45.77          347.54        1614.58         2816.54         3838.37  
    0.113       0          223.89        912.66         2545.04         3555.56  
    0.119       177.55          834.79        2067.16         3198.42         4756.86  
    0.125       298.72          1237.15        2439.23         3417.60         4957.40  
    0.131       431.71          1266.60        2453.23         3497.43         4860.01  
    0.138       443.69          957.56        2460.85         3521.99         4743.00  
    0.144       412.53          841.55        2408.65         3493.44         4681.59  
    0.150       418.34          841.68        2358.46         3512.26         4555.82  
    0.156       432.58          858.82        2345.26         3544.71         4711.44  
    0.163       450.06          860.77        2329.43         3557.54         4817.70  
    0.169       467.98          881.20        2318.06         3572.77         4616.24  
    0.175       485.33          893.95        2298.42         3584.77         4513.03  
    0.181       499.72          900.48        2270.77         3589.39         4658.86  
    0.188       515.81          901.19        2288.57         3596.96         5209.38  
    0.194       503.35          903.90        2315.47         3589.62         5467.36  
    0.200       492.69          903.49        2374.16         3600.36         5500.00  
    0.206       495.56          895.14        2375.27         3617.25         5500.00  
    0.213       499.01          892.29        2378.08         3608.93         5500.00  
    0.219       103.32          577.75        1203.19         2629.41         4000.65  
    0.225       380.18          818.28        2044.07         3367.88         5109.09  
    0.231       417.52          874.72        2328.50         3630.60         5500.00  
    0.238       83.01          842.31        1536.38         2616.23         4008.23  
    0.244       0          844.86        990.98         2374.92         3639.76  
    0.250       0          818.60        1244.64         2426.90         3642.05  
    0.256       0          780.73        1482.88         2437.55         3642.64  
    0.263       0          763.34        1555.58         2426.81         3648.68  
    0.269       0          750.02        1510.75         2435.70         3645.74  
    0.275       0          745.35        1047.16         2449.94         3656.98  
    0.281       0          762.12        1045.51         2429.97         3670.20  
    0.288       0          648.32        927.50         2389.42         3653.55  
    0.294       0          566.09        954.02         2364.67         3634.92  
    0.300       404.27          908.11        2026.81         3355.76         5113.56  
    0.306       518.54          1015.06        2246.66         3582.30         5500.00  
    0.312       532.24          1055.66        2259.67         3562.43         5500.00  
    0.319       506.78          1120.35        2232.87         3555.14         4294.81  
    0.325       486.04          1162.05        2191.09         3487.79         3811.62  
    0.331       463.99          1202.55        2269.75         3445.09         3732.47  
    0.338       416.30          1241.06        2309.09         3115.05         3720.43  
    0.344       345.30          1259.66        2297.98         2929.13         3802.65  
    0.350       295.47          789.14        1969.89         2726.75         3851.00  
    0.356       59.26          439.80        1957.20         2616.59         3660.44  
    0.363       0          349.83        2002.30         2486.50         3610.63  
    0.369       0          318.50        1953.60         2474.82         3737.82  
    0.375       259.82          1615.97        2091.89         2626.53         5142.41  
    0.381       354.52          762.94        2064.46         2774.71         5377.17  
    0.388       345.48          1051.52        2126.96         2865.34         5092.44  
    0.394       336.21          1228.03        2172.26         2887.66         4825.88  
    0.400       345.69          1203.45        2194.00         2865.15         4792.27  
    0.406       72.07          247.27        799.94         2235.95         3150.96  
    0.413       0          339.57        1746.27         2490.35         4113.47  
    0.419       219.83          866.60        2159.24         2780.28         4611.58  
    0.425       245.44          757.02        2149.59         2815.31         4593.01  
    0.431       49.05          437.46        2182.83         2354.25         4094.08  
    0.438       0          257.48        2037.14         2227.09         4060.09  
    0.444       149.43          1105.65        2162.59         2746.10         4677.47  
    0.450       159.25          1389.32        2317.70         2945.15         4878.32  
    