0.025       0          245.69        874.55         2729.60         3617.36  
    0.031       0          246.94        853.51         2895.24         3573.86  
    0.038       0          254.23        869.78         2896.66         3618.38  
    0.044       0          254.57        873.96         2824.53         3613.39  
    0.050       0          252.99        846.72         2807.81         3671.27  
    0.056       0          250.51        839.70         2806.54         3713.14  
    0.062       0          248.32        847.75         2810.69         3679.48  
    0.069       226.87          783.52        2691.03         3437.43         5348.22  
    0.075       263.10          930.23        2675.58         3344.35         4903.20  
    0.081       288.67          898.13        2736.92         3401.91         4690.16  
    0.088       374.64          919.85        2779.82         3436.36         4738.21  
    0.094       392.19          903.15        2765.81         3351.26         4789.58  
    0.100       411.20          881.21        2774.00         3311.39         4593.44  
    0.106       424.26          873.28        2791.34         3309.50         4263.39  
    0.113       428.70          871.75        2798.24         3321.65         4233.06  
    0.119       449.68          874.61        2827.78         3355.95         4765.07  
    0.125       476.61          890.34        2920.75         3421.43         4950.30  
    0.131       504.83          899.68        3006.06         3438.43         4874.94  
    0.138       541.78          898.54        3203.35         3476.48         4808.89  
    0.144       573.58          856.92        3162.78         3526.86         4968.57  
    0.150       539.33          868.69        2976.63         3492.78         5011.95  
    0.156       527.24          925.73        2921.58         3525.49         4940.78  
    0.163       504.34          927.22        2900.65         3534.00         5149.19  
    0.169       506.78          947.13        2977.73         3488.03         5142.40  
    0.175       507.50          892.18        3029.58         3421.81         5028.19  
    0.181       508.36          855.08        3028.31         3395.50         5002.04  
    0.188       488.54          858.43        2962.60         3381.03         4991.25  
    0.194       475.51          847.58        2928.65         3390.49         5018.36  
    0.200       470.74          856.18        2927.93         3387.81         5049.88  
    0.206       472.49          854.09        2885.67         3395.98         5092.70  
    0.213       484.20          785.52        2853.06         3423.77         5067.63  
    0.219       479.64          799.96        2839.28         3454.10         4881.16  
    0.225       461.46          846.52        2844.62         3454.13         4734.98  
    0.231       460.31          844.49        2861.36         3457.53         4866.06  
    0.238       448.74          858.65        2878.72         3475.92         5003.63  
    0.244       449.51          859.50        2854.55         3459.06         5066.81  
    0.250       452.05          873.59        2848.40         3462.64         5079.98  
    0.256       453.28          886.04        2842.45         3438.78         4976.11  
    0.263       447.91          871.22        2822.25         3396.96         4928.57  
    0.269       455.67          845.33        2796.68         3338.12         5010.58  
    0.275       472.87          825.87        2830.28         3353.80         5009.46  
    0.281       455.64          862.98        2872.07         3398.53         5056.87  
    0.288       445.53          864.59        2873.93         3443.97         5086.24  
    0.294       438.59          846.50        2834.12         3462.20         5135.17  
    0.300       429.28          835.18        2833.02         3437.11         5116.50  
    0.306       430.08          819.88        2817.16         3418.90         5219.71  
    0.312       436.59          798.67        2816.51         3412.14         5170.01  
    0.319       428.47          805.92        2833.75         3412.68         5048.65  
    0.325       423.62          803.45        2876.49         3421.29         5461.56  
    0.331       434.21          772.79        2935.98         3440.86         5500.00  
    0.338       430.76          756.03        2886.84         3423.96         5500.00  
    0.344       425.99          762.12        2814.32         3432.72         5500.00  
    0.350       435.99          711.08        2834.10         3429.46         5500.00  
    0.356       434.42          712.89        2835.64         3430.03         5500.00  
    0.363       428.13          767.87        2782.06         3423.15         5500.00  
    0.369       430.52          770.87        2746.87         3424.34         5500.00  
    0.375       414.85          790.88        2733.98         3427.37         5204.75  
    0.381       415.90          790.40        2767.63         3409.78         5111.67  
    0.388       435.51          783.66        2762.94         3418.44         5118.61  
    0.394       446.60          781.28        2754.64         3416.67         5355.30  
    0.400       458.64          787.02        2758.11         3428.94         5489.74  
    0.406       457.72          807.42        2743.67         3424.56         5500.00  
    0.413       454.96          831.61        2700.09         3402.03         5500.00  
    0.419       458.38          870.14        2698.25         3426.49         5500.00  
    0.425       473.16          925.16        2721.43         3442.89         5500.00  
    0.431       463.73          961.45        2726.29         3407.55         5500.00  
    0.438       456.82          978.84        2712.10         3319.97         5500.00  
    0.444       460.13          1026.99        2696.54         3259.75         5500.00  
    0.450       463.88          1089.44        2713.88         3357.06         5500.00  
    0.456       464.20          1113.94        2766.98         3576.44         5500.00  
    0.463       38.63          528.87        1278.11         2863.87         3791.92  
    0.469       387.44          1161.56        2669.38         3563.33         5344.95  
    0.475       312.66          1296.57        2790.32         3663.71         5500.00  
    0.481       293.27          1251.84        2770.24         3643.47         4740.57  
    0.488       303.44          1295.52        2771.63         3684.42         4361.65  
    0.494       310.29          1312.27        2762.71         3723.65         5402.92  
    0.500       25.87          393.13        1626.58         2873.57         3891.80  
    0.506       283.04          1482.55        2667.02         3396.05         3765.08  
    0.513       304.74          1318.49        2768.82         3162.42         3758.12  
    0.519       307.07          1258.26        2784.16         3692.26         3970.72  
    0.525       312.80          1262.93        2767.17         3702.02         4275.17  
    0.531       312.53          1279.66        2774.45         3704.29         4783.88  
    0.537       311.24          1285.64        2743.78         3608.04         4382.52  
    0.544       310.25          1294.65        2710.90         3455.46         4416.80  
    0.550       310.07          1336.95        2723.38         3202.25         3675.14  
    0.556       310.29          1364.71        2700.58         2784.41         3641.61  
    0.562       311.44          1368.15        2739.91         2857.69         3685.92  
    0.569       313.82          1367.77        2746.03         3002.44         3734.30  
    0.575       310.49          1319.23        2743.95         3179.74         3756.37  
    0.581       308.55          1262.39        2758.50         3160.07         3784.91  
    0.588       307.66          1286.39        2750.19         3343.92         3866.92  
    0.594       308.31          1327.80        2761.56         3278.30         3964.76  
    0.600       315.60          1294.71        2791.75         2979.99         3949.35  
    0.606       316.31          1282.19        2768.82         2892.99         3977.21  
    0.613       314.97          1276.60        2776.89         3043.86         4128.24  
    0.619       311.04          1223.08        2742.33         3396.62         4269.58  
    0.625       316.19          1208.91        2753.42         3420.40         4323.65  
    0.631       320.39          1306.06        2780.85         3367.95         4307.87  
    0.638       304.10          1363.55        2762.55         3267.21         4365.11  
    0.644       315.60          1413.22        2731.27         3177.47         4384.01  
    0.650       325.32          1493.95        2672.15         3082.94         4301.32  
    0.656       284.68          1110.98        2664.27         3182.40         4257.06  
    0.663       23.38          89.51        1314.58         2741.24         3267.12  
    0.669       197.22          1922.13        2610.01         2908.82         4308.29  
    0.675       205.53          1924.74        2880.64         3213.92         4395.73  
    0.681       203.73          1751.93        2863.04         3446.37         4362.96  
    