0.025       0          1651.42        2717.81         3848.09         4786.35  
    0.031       1235.90          2376.76        3397.62         3866.17         5026.67  
    0.038       1618.89          2615.34        3239.95         3897.43         5068.95  
    0.044       1648.17          2528.29        3228.42         3958.75         5125.59  
    0.050       1570.59          2438.65        3593.43         3944.10         5253.24  
    0.056       327.64          1976.34        2975.72         3948.04         5016.86  
    0.062       0          1877.63        2895.84         3917.00         4654.03  
    0.069       1365.74          2631.62        2925.40         3900.04         5090.58  
    0.075       1801.59          2220.74        2877.50         3968.02         5121.94  
    0.081       385.09          1850.03        2801.63         3962.13         5234.07  
    0.088       0          1749.38        2781.25         3875.01         5315.25  
    0.094       0          1730.27        2807.19         3780.76         5114.29  
    0.100       0          1721.68        2863.17         3761.24         5079.67  
    0.106       0          1740.06        2906.67         3822.72         4504.24  
    0.113       298.39          1870.75        3213.21         3883.06         5256.32  
    0.119       80.07          752.47        2072.65         3044.73         4387.63  
    0.125       0          478.25        1752.50         2809.49         4474.69  
    0.131       0          502.84        1743.25         2807.34         4675.05  
    0.138       0          513.04        1730.40         2812.45         4696.70  
    0.144       411.06          1467.22        2546.69         4302.21         5329.80  
    0.150       523.95          1739.22        2744.43         4703.09         5500.00  
    0.156       522.54          1734.25        2701.62         4903.50         5085.53  
    0.163       521.25          1727.13        2670.91         4083.40         5117.99  
    0.169       521.89          1724.48        2621.37         3735.11         5235.34  
    0.175       521.38          1705.02        2502.03         3633.52         5223.71  
    0.181       520.53          1698.52        2481.68         3569.70         5197.64  
    0.188       521.67          1702.12        2594.50         3791.08         5154.06  
    0.194       521.57          1732.12        2643.13         4309.74         5424.60  
    0.200       520.14          1755.82        2546.93         4492.08         5500.00  
    0.206       516.78          1741.97        2450.74         4052.76         5415.07  
    0.213       516.31          1735.86        2441.30         3839.36         5435.79  
    0.219       516.61          1743.57        2466.92         3843.34         5488.88  
    0.225       515.83          1754.73        2511.82         4211.37         5500.00  
    0.231       513.66          1779.05        2536.05         3864.84         5235.72  
    0.238       513.12          1757.00        2571.57         3852.61         5093.82  
    0.244       515.14          1744.16        2544.62         4378.88         5180.09  
    0.250       517.77          1747.19        2500.69         4338.28         5438.30  
    0.256       520.60          1760.50        2514.07         4072.23         5500.00  
    0.263       524.79          1752.24        2524.72         3964.68         5500.00  
    0.269       526.10          1735.84        2520.48         4007.20         5500.00  
    0.275       526.48          1724.03        2512.40         4009.87         5400.03  
    0.281       526.27          1723.87        2524.11         4087.59         5473.17  
    0.288       526.58          1728.53        2560.03         4226.35         5500.00  
    0.294       529.38          1740.69        2612.71         4524.88         5500.00  
    0.300       526.60          1741.87        2621.60         4558.16         5500.00  
    0.306       518.96          1731.86        2577.93         4033.62         5289.91  
    0.312       516.27          1700.78        2584.57         3821.32         5242.16  
    0.319       514.49          1688.82        2612.32         3947.01         5289.29  
    0.325       519.15          1685.99        2636.00         4223.96         5457.97  
    0.331       521.30          1701.43        2678.08         4546.62         5500.00  
    0.338       521.13          1704.97        2704.34         4736.92         5500.00  
    0.344       521.65          1696.13        2709.56         4676.11         5500.00  
    0.350       519.44          1693.18        2708.10         4566.37         5500.00  
    0.356       518.91          1680.11        2699.40         4565.10         5500.00  
    0.363       109.79          768.02        1899.75         3111.21         4820.14  
    0.369       0          523.40        1691.27         2736.11         4651.18  
    0.375       0          510.16        1731.59         2906.33         4624.91  
    0.381       0          473.25        1798.51         3453.49         4743.90  
    0.388       332.07          1511.10        2597.41         3894.25         5105.27  
    0.394       416.27          1889.74        2778.54         3978.70         5112.87  
    0.400       376.84          1992.67        2813.22         3899.31         5098.19  
    0.406       77.56          425.93        2235.57         3106.23         4156.83  
    0.413       0          1394.60        2499.66         3721.51         4330.05  
    0.419       0          1756.21        2585.14         3950.91         4425.65  
    0.425       0          370.84        2317.62         3011.36         4030.56  
    0.431       0          1655.42        2675.05         3663.56         4624.10  
    0.438       0          2084.15        2649.20         3872.56         4840.99  
    0.444       0          1941.75        2718.06         3960.43         5362.25  
    0.450       1234.64          1774.25        2849.87         4063.13         5340.64  
    0.456       1296.98          2216.79        2863.90         4071.34         5198.09  
    0.463       259.13          2329.74        2702.00         4009.25         5139.03  
    0.469       0          1874.41        2712.88         3890.21         4866.14  
    0.475       1261.93          2273.78        2783.35         3911.82         5004.69  
    0.481       1549.33          2398.96        2837.48         3920.64         5094.21  
    0.488       324.88          1812.24        2821.53         3911.91         4785.65  
    0.494       0          1712.03        2837.93         3900.10         4592.75  
    0.500       0          1767.54        2891.62         3896.18         4908.56  
    0.506       0          1789.31        2876.97         3893.84         5035.78  
    0.513       0          1831.61        2871.76         3912.17         5029.89  
    0.519       0          1806.63        2823.86         3817.65         4654.84  
    0.525       0          1839.65        2822.76         3814.32         4798.75  
    0.531       0          1798.25        2821.28         3823.40         4598.95  
    0.537       0          1784.97        2795.88         3882.57         4577.82  
    0.544       1279.10          2533.17        2870.14         3898.96         5000.24  
    0.550       1538.76          2696.79        2885.28         3874.65         5153.36  
    0.556       1563.65          2669.30        3013.38         3849.98         5151.47  
    0.562       333.50          2040.42        2824.00         3796.06         4668.62  
    0.569       0          1997.81        2842.36         3785.12         4856.49  
    0.575       0          1884.25        2722.84         3791.59         5006.76  
    0.581       1124.08          2413.73        3309.14         3832.30         5399.36  
    0.588       1408.45          2632.39        3039.02         3883.24         5375.63  
    0.594       1405.53          2550.83        2864.33         3940.89         5206.59  
    0.600       1245.30          2078.25        2797.63         3933.69         5229.11  
    0.606       254.34          1819.20        2771.98         3856.33         5224.47  
    0.613       0          1686.94        2783.77         3829.13         5125.94  
    0.619       1250.99          2230.93        2727.75         3914.20         5051.29  
    0.625       1427.16          1910.97        2683.16         3960.51         5033.75  
    0.631       292.88          1738.34        2635.91         3853.51         4971.16  
    0.638       1100.63          2333.41        3089.63         3740.29         5099.85  
    0.644       1420.60          2521.59        3283.66         3746.27         5227.56  
    