0.025       0          1814.04        2932.74         3584.06         4403.45  
    0.031       0          1902.98        3004.50         3586.74         4402.63  
    0.038       0          1966.15        3019.73         3610.08         4407.87  
    0.044       0          1974.68        2950.87         3643.46         4454.67  
    0.050       0          2074.78        2899.02         3636.30         4470.61  
    0.056       0          1974.53        2900.70         3637.12         4431.27  
    0.062       0          1823.09        2862.60         3675.27         4441.11  
    0.069       0          1811.33        2841.70         3721.84         4439.48  
    0.075       0          1870.33        2860.35         3730.91         4442.53  
    0.081       0          1912.19        2863.33         3700.99         4468.55  
    0.088       0          1920.11        2867.13         3689.35         4445.78  
    0.094       0          1852.89        2849.37         3704.87         4473.19  
    0.100       0          1830.35        2863.40         3783.64         4512.27  
    0.106       0          1869.68        2859.18         3828.71         4479.87  
    0.113       0          1883.48        2826.23         3773.53         4465.22  
    0.119       0          1821.79        2829.57         3729.38         4472.31  
    0.125       0          1751.98        2865.37         3770.29         4472.58  
    0.131       0          1764.53        2839.48         3753.26         4493.91  
    0.138       0          1815.58        2808.09         3690.14         4508.90  
    0.144       0          1796.17        2816.87         3690.14         4522.03  
    0.150       0          1798.07        2848.94         3699.61         4521.69  
    0.156       0          1841.80        2825.46         3667.56         4488.55  
    0.163       0          1815.13        2751.34         3681.73         4475.74  
    0.169       0          1722.43        2721.39         3705.39         4482.65  
    0.175       212.06          1845.19        2781.85         3784.64         4696.74  
    0.181       379.19          1912.40        2812.94         3814.76         5235.39  
    0.188       404.25          1883.95        2801.27         3715.40         5364.53  
    0.194       409.42          1887.42        2809.98         3649.90         5176.72  
    0.200       412.18          1888.80        2802.71         3630.73         5135.36  
    0.206       417.76          1880.34        2768.58         3615.59         5095.16  
    0.213       423.74          1877.39        2744.73         3605.81         5169.01  
    0.219       428.95          1881.03        2737.75         3591.01         5397.28  
    0.225       431.60          1897.47        2751.36         3593.76         5500.00  
    0.231       432.51          1929.29        2788.63         3597.88         5500.00  
    0.238       435.70          1942.45        2812.08         3594.00         5500.00  
    0.244       440.84          1935.11        2803.04         3589.62         5268.43  
    0.250       445.34          1940.03        2779.79         3588.32         5176.85  
    0.256       450.59          1963.10        2778.67         3591.61         5134.78  
    0.263       457.45          1979.98        2860.64         3604.66         5331.84  
    0.269       463.59          1966.73        2893.10         3613.35         5500.00  
    0.275       466.39          1948.50        2842.45         3615.87         5293.19  
    0.281       465.38          1931.15        2787.68         3612.76         5172.82  
    0.288       464.43          1915.41        2767.17         3609.07         5373.86  
    0.294       465.54          1913.27        2763.65         3607.86         5500.00  
    0.300       473.70          1925.75        2772.88         3614.65         5500.00  
    0.306       491.48          1949.40        2778.89         3630.12         5500.00  
    0.312       506.30          1961.70        2756.15         3632.09         5500.00  
    0.319       508.36          1975.62        2742.65         3617.98         5333.20  
    0.325       502.72          1971.98        2758.62         3614.28         5184.43  
    0.331       498.43          1957.25        2786.44         3619.78         5230.30  
    0.338       495.84          1956.57        2790.10         3630.85         5411.12  
    0.344       491.23          1970.86        2747.63         3634.31         5500.00  
    0.350       484.10          1987.47        2725.88         3628.79         5500.00  
    0.356       477.98          1993.71        2732.93         3633.62         5466.95  
    0.363       473.70          1981.68        2744.08         3644.24         5307.12  
    0.369       470.69          1965.82        2747.16         3642.63         5181.22  
    0.375       468.20          1949.36        2737.64         3642.10         5363.54  
    0.381       467.26          1964.62        2741.35         3633.90         5500.00  
    0.388       464.48          1999.07        2723.76         3624.53         5500.00  
    0.394       462.00          1989.29        2714.47         3630.51         5377.50  
    0.400       461.69          1959.50        2727.54         3639.46         5108.49  
    0.406       462.39          1936.71        2737.30         3638.00         4969.06  
    0.413       463.58          1915.77        2728.68         3636.79         5093.54  
    0.419       464.59          1914.50        2733.46         3635.99         5153.25  
    0.425       467.06          1930.23        2752.08         3639.03         5004.22  
    0.431       470.47          1927.31        2751.04         3630.85         4981.16  
    0.438       476.69          1913.81        2751.98         3612.27         5088.36  
    0.444       483.03          1906.58        2776.84         3596.32         5117.27  
    0.450       486.07          1886.74        2771.77         3601.70         5343.22  
    0.456       481.18          1872.39        2755.90         3621.89         5500.00  
    0.463       474.59          1857.10        2753.90         3615.62         5311.79  
    0.469       464.66          1835.84        2751.90         3602.91         5181.24  
    0.475       449.81          1829.78        2746.58         3613.90         5371.23  
    0.481       434.58          1808.55        2735.33         3635.13         5500.00  
    0.488       423.12          1811.53        2706.03         3628.51         5173.28  
    0.494       421.98          1828.61        2676.21         3635.70         4762.52  
    0.500       424.08          1933.83        2798.95         3995.83         5153.94  
    0.506       169.55          1047.55        2449.10         3532.92         4803.29  
    0.513       232.35          1227.54        2554.17         3467.48         4667.62  
    0.519       386.36          1973.71        2912.04         3766.18         4855.72  
    0.525       154.21          1953.58        2849.54         3762.94         4752.31  
    0.531       0          1850.22        2788.41         3732.38         4542.18  
    0.537       0          1839.10        2785.69         3747.59         4448.55  
    0.544       0          1869.43        2810.05         3799.36         4554.33  
    0.550       0          1926.04        2838.21         3792.35         4543.34  
    0.556       0          2013.63        2854.09         3725.80         4333.33  
    0.562       0          2176.94        2610.71         3698.75         4179.00  
    0.569       1004.40          2660.17        3236.95         4114.39         4959.22  
    0.575       668.34          2202.54        3339.37         3998.29         4855.90  
    0.581       0          1753.93        3048.81         3776.28         4296.62  
    0.588       0          1805.50        2976.58         3696.28         4218.31  
    0.594       0          1863.97        2940.72         3606.63         4221.59  
    0.600       1058.67          2378.38        3287.98         3866.89         4988.55  
    0.606       1852.31          2620.71        3486.79         3988.98         4981.60  
    0.613       1838.35          2813.13        3555.11         4126.96         4873.49  
    0.619       1785.15          2915.82        3615.09         4243.98         5312.65  
    0.625       1859.33          2855.20        3583.30         4299.53         5500.00  
    0.631       1879.91          2735.35        3504.89         4214.26         5500.00  
    0.638       1795.96          2633.63        3533.15         4133.83         5500.00  
    0.644       1788.85          2725.11        3648.73         4246.06         5500.00  
    0.650       1774.27          2766.74        3662.48         4354.30         5500.00  
    0.656       1701.88          2763.22        3622.75         4361.64         5500.00  
    0.663       1724.83          2774.23        3567.37         4332.94         5500.00  
    0.669       1733.08          2739.65        3515.27         4357.61         5500.00  
    0.675       1735.06          2745.58        3555.81         4393.14         5500.00  
    0.681       1700.09          2708.13        3567.96         4269.93         5389.61  
    0.688       1639.37          2633.56        3505.50         4107.72         5222.54  
    