0.025       0          1710.66        2735.78         3551.94         4671.10  
    0.031       0          1581.45        2731.51         3524.23         4670.66  
    0.038       0          1552.40        2735.21         3538.93         4614.25  
    0.044       0          1591.27        2721.63         3616.76         4511.16  
    0.050       0          1583.76        2713.31         3660.09         4471.12  
    0.056       0          1823.78        2712.38         3629.24         4495.00  
    0.062       0          1876.17        2698.81         3608.74         4591.54  
    0.069       765.84          2262.01        3154.86         4208.11         5094.91  
    0.075       726.59          2239.12        3162.64         4155.49         5136.04  
    0.081       948.98          2225.97        3187.03         4181.78         5154.69  
    0.088       900.33          2286.86        3168.76         4152.33         5079.68  
    0.094       0          1916.13        2756.11         3568.83         4717.24  
    0.100       0          2091.08        2733.45         3551.47         4767.59  
    0.106       0          2202.02        2727.43         3563.85         4690.98  
    0.113       0          2029.32        2736.52         3585.49         4563.22  
    0.119       0          1876.30        2732.56         3603.02         4550.12  
    0.125       0          1820.16        2724.22         3572.10         4609.82  
    0.131       0          1842.56        2724.70         3552.53         4642.09  
    0.138       176.41          2109.28        2754.42         3669.43         4687.36  
    0.144       365.07          2099.74        2727.99         3667.42         4962.09  
    0.150       386.62          1874.05        2676.59         3492.00         5266.83  
    0.156       392.37          1857.94        2679.71         3406.80         5278.05  
    0.163       400.23          1847.36        2693.19         3380.23         5143.93  
    0.169       403.31          1836.12        2711.74         3405.75         5030.51  
    0.175       405.78          1835.84        2711.05         3472.17         5092.42  
    0.181       411.07          1847.64        2704.69         3492.06         4985.05  
    0.188       415.52          1853.93        2686.30         3479.28         4634.07  
    0.194       417.58          1852.43        2652.44         3457.92         4491.57  
    0.200       419.15          1847.56        2640.31         3444.17         4577.40  
    0.206       421.85          1854.13        2629.58         3438.31         4683.77  
    0.213       421.80          1866.50        2623.65         3451.85         4707.49  
    0.219       420.85          1871.93        2634.20         3499.23         4689.13  
    0.225       424.47          1873.53        2637.78         3522.68         4661.36  
    0.231       427.88          1873.89        2637.67         3505.62         4692.45  
    0.238       429.15          1877.20        2645.59         3497.45         4742.68  
    0.244       429.91          1880.64        2644.45         3491.03         4704.43  
    0.250       431.20          1880.37        2642.25         3470.78         4654.42  
    0.256       433.33          1876.99        2625.36         3461.10         4656.00  
    0.263       432.58          1872.09        2597.45         3463.94         4616.09  
    0.269       429.65          1859.95        2597.12         3460.65         4592.36  
    0.275       427.70          1851.49        2597.74         3463.24         4667.32  
    0.281       428.33          1852.62        2577.94         3470.38         4688.13  
    0.288       431.32          1847.44        2553.33         3482.13         4622.44  
    0.294       433.72          1838.52        2551.79         3492.43         4615.89  
    0.300       434.08          1845.26        2574.33         3495.94         4678.29  
    0.306       434.25          1851.60        2575.31         3498.80         4643.84  
    0.312       435.32          1847.17        2559.60         3500.60         4425.20  
    0.319       437.02          1854.05        2567.07         3501.05         4337.09  
    0.325       435.90          1862.35        2584.81         3495.73         4462.89  
    0.331       434.40          1862.37        2591.95         3493.52         4508.73  
    0.338       435.55          1860.00        2590.17         3502.56         4475.90  
    0.344       435.87          1855.88        2599.41         3511.47         4482.65  
    0.350       435.03          1854.96        2630.59         3519.13         4531.76  
    0.356       433.91          1854.52        2657.93         3522.39         4578.37  
    0.363       430.66          1858.11        2636.77         3520.99         4648.52  
    0.369       426.99          1859.96        2588.30         3518.49         4707.09  
    0.375       423.40          1851.10        2576.62         3449.80         4752.41  
    0.381       420.93          1855.58        2606.19         3376.33         5004.46  
    0.388       416.72          1873.99        2633.37         3373.52         5357.74  
    0.394       408.48          1879.54        2639.89         3392.17         5451.34  
    0.400       405.64          1869.13        2651.71         3435.58         5453.83  
    0.406       407.94          1841.92        2687.75         3482.92         5500.00  
    0.413       400.93          1835.79        2710.13         3514.78         5247.56  
    0.419       388.91          1852.82        2694.53         3552.41         5027.67  
    0.425       382.85          1861.01        2683.30         3636.93         5011.11  
    0.431       378.67          1942.53        2706.42         3801.94         4918.39  
    0.438       377.02          2203.56        2744.61         3926.56         4858.73  
    0.444       183.85          1159.05        2552.31         3308.92         4389.81  
    0.450       0          855.95        2507.17         3150.83         4349.85  
    0.456       0          1640.58        2648.01         3591.82         4725.30  
    0.463       0          1743.34        2657.73         3637.96         4630.36  
    0.469       0          1868.41        2684.04         3567.64         4526.82  
    0.475       0          1855.38        2661.14         3480.59         4514.32  
    0.481       0          1828.01        2632.13         3495.47         4539.69  
    0.488       0          1840.29        2656.27         3498.04         4595.64  
    0.494       0          1871.76        2686.73         3522.04         4621.46  
    0.500       0          1929.44        2700.76         3554.22         4569.41  
    0.506       0          1915.83        2706.57         3550.89         4550.57  
    0.513       0          1791.67        2695.06         3559.42         4589.89  
    0.519       0          1679.98        2692.53         3597.89         4617.57  
    0.525       0          1636.00        2707.48         3593.45         4595.02  
    0.531       0          1673.61        2709.85         3558.96         4559.04  
    0.537       0          1703.92        2690.32         3573.77         4552.20  
    0.544       810.95          2207.02        3146.47         4102.62         5037.60  
    0.550       769.38          2105.99        3144.28         4079.45         5061.16  
    0.556       0          1625.04        2727.77         3593.68         4678.52  
    0.562       840.61          2251.64        3172.03         4188.42         4890.94  
    0.569       1529.64          2762.25        3556.23         4546.48         5001.40  
    0.575       1381.90          2753.40        3523.57         4487.60         4907.06  
    0.581       1428.64          2774.33        3553.09         4704.95         5194.37  
    0.588       736.76          2371.93        3194.36         4180.55         5132.43  
    0.594       0          1907.74        2806.02         3614.20         4795.74  
    0.600       0          1803.91        2800.01         3637.43         4840.46  
    0.606       733.23          2290.04        3221.93         4045.11         4909.13  
    0.613       1449.25          2738.46        3613.17         4242.48         4907.16  
    0.619       1584.95          2702.85        3581.96         3848.84         4861.49  
    0.625       825.39          2263.80        3148.53         3623.10         4906.04  
    0.631       0          1832.81        2752.78         3604.62         4917.32  
    0.638       0          1837.76        2738.53         3607.88         4866.68  
    0.644       0          1927.73        2739.98         3598.85         4780.02  
    0.650       0          1906.18        2753.44         3604.75         4755.07  
    0.656       1027.38          2178.52        2761.03         3659.66         4858.52  
    