0.025       1408.62          2667.65        3689.70         4580.41         5500.00  
    0.031       1258.55          2649.78        3670.07         4668.27         5318.72  
    0.038       390.13          1950.38        2977.20         4039.77         4798.93  
    0.044       0          1546.80        2640.40         3713.67         4485.55  
    0.050       0          1664.58        2683.02         3722.93         4426.54  
    0.056       0          1755.54        2681.28         3768.01         4468.95  
    0.062       0          1700.84        2686.25         3786.35         4387.35  
    0.069       0          1682.09        2702.50         3740.27         4406.10  
    0.075       0          1696.27        2691.95         3690.32         4490.65  
    0.081       0          1652.77        2685.00         3691.13         4471.58  
    0.088       0          1620.98        2648.08         3682.68         4495.00  
    0.094       0          1595.71        2568.58         3665.00         4481.58  
    0.100       174.06          1705.50        2670.86         3742.79         4546.18  
    0.106       85.44          1723.29        2592.91         3764.22         4107.87  
    0.113       0          560.74        1965.39         2964.27         3849.27  
    0.119       176.02          1196.89        2284.66         3399.29         4433.07  
    0.125       325.35          1731.73        2556.37         3757.95         4617.36  
    0.131       414.78          1723.35        2550.58         3575.11         4437.33  
    0.138       465.43          1733.66        2546.56         3608.58         4326.01  
    0.144       473.86          1716.88        2433.63         3579.51         4346.72  
    0.150       478.91          1709.19        2458.95         3536.66         4237.69  
    0.156       487.44          1699.26        2579.71         3753.48         4041.62  
    0.163       491.69          1672.61        2653.40         3740.21         4160.11  
    0.169       493.65          1648.78        2556.37         3576.25         4264.12  
    0.175       488.98          1635.17        2366.51         3550.30         4267.18  
    0.181       483.36          1637.20        2359.26         3582.95         4232.27  
    0.188       480.21          1629.22        2388.85         3483.99         4337.86  
    0.194       488.76          1625.85        2421.61         3506.72         4330.98  
    0.200       490.55          1610.42        2454.01         3524.08         4226.42  
    0.206       483.23          1595.29        2434.43         3464.59         4255.12  
    0.213       478.69          1586.68        2437.51         3491.64         4367.16  
    0.219       475.04          1600.68        2447.12         3541.37         4378.54  
    0.225       470.55          1575.24        2466.47         3466.03         4370.68  
    0.231       459.12          1588.00        2440.66         3418.95         4372.49  
    0.238       462.93          1592.17        2343.48         3417.09         4402.92  
    0.244       468.29          1602.28        2303.21         3478.12         4355.61  
    0.250       466.53          1604.91        2409.46         3526.98         4333.63  
    0.256       461.58          1608.53        2461.38         3509.95         4307.84  
    0.263       455.96          1629.35        2463.46         3507.70         4239.37  
    0.269       456.24          1633.20        2473.15         3506.43         4184.83  
    0.275       458.83          1617.24        2480.47         3555.61         4298.37  
    0.281       454.29          1602.02        2495.07         3654.00         4282.73  
    0.288       440.84          1635.67        2481.48         3605.51         4222.91  
    0.294       425.84          1652.78        2465.18         3622.75         4278.26  
    0.300       409.52          1628.02        2506.87         3707.82         4396.64  
    0.306       371.82          1606.46        2585.24         3784.27         4662.52  
    0.312       272.78          1773.79        2921.54         3742.11         4827.94  
    0.319       76.35          1738.66        2624.07         3738.02         4815.22  
    0.325       0          1289.57        2480.28         3755.63         4632.46  
    0.331       235.35          2047.56        3327.82         4328.59         5188.00  
    0.338       336.58          2442.39        3737.17         4409.00         4985.44  
    0.344       427.94          2445.80        3752.60         4290.06         4798.50  
    0.350       503.44          2528.58        3879.12         4109.65         4846.26  
    0.356       511.53          2597.71        3687.78         3982.23         4936.75  
    0.363       550.93          2646.15        3609.04         3962.57         4961.41  
    0.369       506.53          2661.80        3519.02         4083.37         5013.29  
    0.375       156.27          876.56        2882.45         3584.19         4393.64  
    0.381       389.34          1814.84        3334.05         3912.86         4640.89  
    0.388       602.50          2714.22        3705.62         4305.34         4822.21  
    0.394       633.02          2739.28        3707.41         4252.33         4872.98  
    0.400       578.32          2667.67        3690.84         4190.13         4944.00  
    0.406       550.32          2607.99        3677.04         4219.85         4966.90  
    0.413       598.03          2592.63        3664.83         4231.60         4898.61  
    0.419       633.20          2694.19        3659.97         4330.80         4811.61  
    0.425       613.94          2713.16        3737.32         4371.53         4760.28  
    0.431       628.74          2688.17        3695.13         4283.61         4821.54  
    0.438       614.57          2612.64        3638.56         4296.88         4911.09  
    0.444       607.49          2614.84        3627.12         4334.89         4902.67  
    0.450       604.94          2662.46        3678.15         4198.14         4948.46  
    0.456       580.67          2649.68        3684.89         4122.45         4938.30  
    0.463       609.46          2596.65        3639.79         4076.97         4920.31  
    0.469       693.82          2564.93        3580.69         4046.38         4863.83  
    0.475       740.15          2535.23        3573.35         4190.40         4900.42  
    