0.025       1731.53          2196.77        3323.30         3701.60         5045.08  
    0.031       1418.52          2436.23        3386.26         3754.03         5051.12  
    0.038       1348.71          2417.31        3413.59         3778.12         5009.02  
    0.044       413.22          2332.28        3039.42         3567.33         4712.45  
    0.050       0          2364.34        3228.43         3618.45         4667.73  
    0.056       1495.54          2478.45        3426.21         4170.06         4813.73  
    0.062       2003.39          2531.15        3445.23         4320.35         4830.72  
    0.069       2082.90          2505.86        3428.01         4299.18         4865.74  
    0.075       1974.94          2540.30        3490.47         4271.12         5315.86  
    0.081       1679.85          2549.70        3501.37         4051.53         5111.87  
    0.088       1420.79          2538.92        3427.69         3984.98         4951.43  
    0.094       1239.02          2512.69        3423.66         4022.00         4960.41  
    0.100       357.59          2446.55        3497.10         4202.65         4990.16  
    0.106       768.78          2463.87        3496.70         4074.61         4872.76  
    0.113       1280.22          2476.63        3457.20         3999.92         4996.71  
    0.119       407.75          2244.47        2935.73         3759.89         4647.16  
    0.125       0          2063.06        2811.38         3603.30         4521.47  
    0.131       0          2026.25        2777.71         3586.02         4455.67  
    0.138       0          608.17        2315.81         2908.45         3886.87  
    0.144       262.04          1367.55        2405.42         3344.97         4474.64  
    0.150       399.73          1954.01        2517.41         3647.74         4602.73  
    0.156       421.68          1958.94        2530.64         3663.88         4399.29  
    0.163       429.01          1950.86        2559.43         3669.22         4338.26  
    0.169       433.12          1947.84        2564.04         3689.44         4698.57  
    0.175       432.32          1939.52        2564.97         3691.31         4843.83  
    0.181       435.35          1940.40        2573.24         3682.35         4482.27  
    0.188       440.93          1938.05        2538.48         3694.58         4125.07  
    0.194       445.89          1922.90        2506.93         3732.74         4063.70  
    0.200       450.64          1920.83        2505.42         3737.90         4071.43  
    0.206       452.80          1917.62        2501.67         3736.24         3999.63  
    0.213       456.72          1915.36        2499.36         3743.39         3962.92  
    0.219       460.84          1928.20        2505.64         3746.43         4045.41  
    0.225       462.19          1963.87        2529.60         3758.49         4160.21  
    0.231       461.43          1975.57        2534.56         3758.63         4214.13  
    0.238       461.76          1951.93        2498.38         3757.49         4027.52  
    0.244       463.33          1939.72        2483.23         3771.62         3937.29  
    0.250       462.92          1936.48        2467.48         3746.35         3975.91  
    0.256       461.28          1949.23        2462.25         3705.97         4047.94  
    0.263       457.85          1934.47        2457.15         3696.68         4028.67  
    0.269       460.54          1934.41        2467.37         3682.24         4114.26  
    0.275       460.28          1944.22        2474.43         3605.09         4436.30  
    0.281       435.86          1945.47        2472.43         3611.32         4557.13  
    0.288       402.06          1952.46        2463.23         3668.89         4821.59  
    0.294       359.32          1977.66        2499.69         3690.08         5012.67  
    0.300       286.15          2035.84        2601.25         3769.04         4974.29  
    0.306       78.28          2042.42        2487.45         3673.74         4926.05  
    0.312       0          2064.79        2645.02         3598.48         4874.44  
    0.319       0          2074.46        2679.49         3590.61         4692.09  
    0.325       0          2199.71        2608.87         3585.70         4629.12  
    0.331       0          676.69        2554.32         3460.98         3979.40  
    0.338       0          1741.53        3129.46         3533.93         4557.31  
    0.344       0          2396.52        3076.27         3495.56         4632.31  
    0.350       0          2398.30        3112.38         3349.72         4475.15  
    0.356       0          2417.07        2838.75         3398.69         4809.11  
    0.363       1388.57          2512.80        3209.75         3715.93         4988.85  
    0.369       1900.30          2526.75        3330.55         3775.06         5033.26  
    0.375       1440.65          2474.17        3167.88         3765.64         5058.56  
    0.381       377.96          2398.28        3038.17         3761.76         4921.14  
    0.388       0          2390.55        2996.31         3702.14         4806.43  
    0.394       1387.54          2460.97        3077.16         3988.05         4843.62  
    0.400       2060.66          2500.18        3130.54         4069.09         4938.18  
    0.406       2197.83          2510.19        3193.50         3979.21         5016.43  
    0.413       2325.73          2791.07        3135.74         3829.27         4935.00  
    0.419       1923.29          2523.75        3110.52         3775.65         4786.93  
    0.425       1767.56          2377.09        3108.00         3774.89         4812.15  
    0.431       1971.65          2446.18        3153.85         3861.15         4885.18  
    0.438       1918.43          2494.67        3170.20         3868.96         4953.33  
    0.444       2213.34          2740.98        3365.45         3971.68         4844.71  
    0.450       2247.18          2667.21        3358.58         4020.66         4845.24  
    0.456       2097.06          2475.54        3257.46         3827.75         4843.45  
    0.463       2026.27          2455.03        3191.22         3820.68         4818.95  
    0.469       1985.00          2463.47        3192.99         3936.26         4779.93  
    0.475       1935.16          2447.08        3182.02         4032.23         4897.51  
    0.481       2181.38          2418.15        3162.84         3951.02         4972.27  
    0.488       2229.82          2409.01        3127.34         3791.60         4993.88  
    0.494       2081.57          2464.56        3188.53         3891.27         4972.54  
    0.500       2057.10          2506.40        3267.41         4075.25         4859.94  
    0.506       2050.73          2511.69        3198.58         4038.30         4893.36  
    0.513       2019.44          2504.67        3203.99         3878.08         4950.84  
    0.519       1997.10          2489.82        3157.58         3795.77         4960.87  
    0.525       2019.17          2498.96        3189.26         3802.36         5131.99  
    0.531       2072.30          2488.88        3371.04         3834.67         5411.58  
    0.537       627.49          2476.26        3202.13         3738.38         5024.02  
    0.544       0          2453.67        3027.08         3742.36         4570.34  
    0.550       0          2432.65        2982.04         3427.48         4389.33  
    0.556       1668.17          2823.83        3014.79         3817.03         5157.02  
    0.562       2076.81          2574.32        3029.12         3977.93         5108.14  
    0.569       1859.97          2430.33        3020.41         3941.68         4947.33  
    0.575       2093.08          2416.06        2998.23         3833.92         4939.82  
    0.581       663.13          721.53        2540.63         3385.37         4107.36  
    0.588       1091.46          1655.43        2946.06         3754.62         4541.53  
    0.594       1264.21          2365.05        3116.95         3933.28         4936.22  
    0.600       1439.10          2372.58        3086.28         4006.16         5337.96  
    0.606       470.91          2384.10        2666.62         3393.41         4534.64  
    0.613       0          2400.07        2876.32         3261.81         4154.76  
    0.619       0          722.17        2591.79         3132.88         3918.07  
    0.625       1301.89          1672.19        2868.77         3629.35         4559.70  
    