0.025       1826.04          2851.96        3138.74         4020.41         4973.02  
    0.031       1837.63          2854.50        3160.05         4028.53         4943.91  
    0.038       1841.72          2896.52        3156.18         4063.91         4964.28  
    0.044       1800.04          2836.78        3073.30         4099.28         5010.88  
    0.050       1719.87          2683.86        3076.87         4093.62         5068.72  
    0.056       1683.01          2642.28        3111.92         4068.88         5105.14  
    0.062       1730.02          2747.69        3201.36         4127.95         5063.65  
    0.069       1816.80          2777.68        3247.25         4141.10         5032.22  
    0.075       1924.34          2873.04        3095.98         4081.65         5031.09  
    0.081       1936.92          2928.30        3040.18         4010.52         5006.38  
    0.088       1913.33          2883.04        2999.14         4012.22         5002.12  
    0.094       1919.83          2447.10        3017.40         4039.33         4982.91  
    0.100       718.69          2019.22        3016.23         4013.71         4928.97  
    0.106       819.47          1910.49        2994.67         4004.99         4941.50  
    0.113       1698.18          1959.72        3002.69         4093.48         4935.90  
    0.119       1610.47          2055.97        3010.21         4161.02         4913.93  
    0.125       529.89          782.23        2353.06         3428.87         4326.22  
    0.131       0          1201.19        2603.35         3334.20         4553.71  
    0.138       174.79          1911.06        3009.52         3697.16         4942.36  
    0.144       332.58          1870.69        3021.25         3829.95         5073.06  
    0.150       395.55          1841.13        2943.29         3719.25         5210.75  
    0.156       437.07          1846.01        2801.11         3663.50         5165.97  
    0.163       458.38          1870.36        2888.39         3769.72         5355.29  
    0.169       465.16          1890.55        3080.40         3853.16         5500.00  
    0.175       465.79          1907.56        3105.26         3818.41         5341.43  
    0.181       464.81          1896.59        3010.79         3806.33         4987.47  
    0.188       463.64          1869.39        2970.58         3821.39         4980.57  
    0.194       461.89          1843.43        3021.56         3793.85         5196.53  
    0.200       457.88          1821.28        2973.57         3846.65         5415.19  
    0.206       452.39          1795.38        2839.58         3867.09         5500.00  
    0.213       448.76          1766.83        2885.68         3804.58         5500.00  
    0.219       447.43          1742.42        3022.89         3759.99         5500.00  
    0.225       444.80          1733.53        3077.69         3803.91         5500.00  
    0.231       443.37          1737.97        2979.69         3801.03         5500.00  
    0.238       444.38          1749.79        2998.82         3852.73         5500.00  
    0.244       443.94          1735.70        3056.21         3909.44         5500.00  
    0.250       442.11          1735.99        3035.25         3906.44         5500.00  
    0.256       164.75          924.72        2230.72         3410.40         4555.09  
    0.263       272.64          1260.73        2574.61         3612.43         4937.29  
    0.269       435.30          1792.00        3098.78         3947.61         5500.00  
    0.275       162.54          951.04        2327.57         3521.26         4560.23  
    0.281       272.62          1308.87        2661.68         3680.76         4940.36  
    0.288       435.03          1808.78        3147.11         3957.86         5500.00  
    0.294       434.75          1768.62        2966.07         3907.76         5195.57  
    0.300       434.54          1753.43        2865.23         3867.84         4761.95  
    0.306       433.71          1771.22        2892.46         3871.56         4578.24  
    0.312       434.80          1779.55        2862.18         3860.28         4656.07  
    0.319       435.65          1764.16        2852.99         3864.11         4775.10  
    0.325       434.72          1761.88        2903.54         3876.10         4777.04  
    0.331       435.43          1771.90        2969.21         3864.69         4695.92  
    0.338       437.70          1784.74        3129.94         3893.76         4594.63  
    0.344       438.93          1802.77        3248.00         3945.92         5147.60  
    0.350       438.67          1826.00        3145.71         3979.26         5500.00  
    0.356       435.00          1822.77        2936.37         4024.44         5090.11  
    0.363       427.18          1801.11        2963.30         3975.76         4860.88  
    0.369       413.59          1796.74        3098.22         3990.83         4920.39  
    0.375       402.09          1809.34        3158.69         4024.43         4812.23  
    0.381       395.57          1877.96        3177.03         3792.47         4772.77  
    0.388       383.91          1912.60        2983.39         3793.35         4837.10  
    0.394       328.28          1961.82        2913.52         3935.98         4868.28  
    0.400       111.45          743.52        2374.68         3330.13         4334.01  
    0.406       0          1285.24        2599.57         3644.55         4440.96  
    0.413       0          1999.17        2879.53         4014.78         4619.46  
    0.419       0          2001.05        2895.87         3981.69         4742.27  
    0.425       0          754.10        2514.42         3350.32         4372.07  
    0.431       0          0        2337.21         2954.79         4093.07  
    0.438       0          1228.00        2744.44         3613.18         4515.94  
    0.444       0          1998.19        2955.95         3955.38         4747.12  
    0.450       0          2062.15        2913.81         3934.50         4729.42  
    0.456       0          2137.41        2903.49         4021.80         4846.65  
    0.463       0          2010.47        2918.91         4001.87         4851.32  
    0.469       1244.96          2565.55        3534.59         3969.27         4815.86  
    0.475       741.39          2436.20        3295.23         3982.37         4794.31  
    0.481       0          1978.60        2876.28         3967.98         4730.81  
    0.488       0          1898.33        2851.60         3994.46         4809.79  
    0.494       0          1963.43        2884.57         4019.54         4828.63  
    0.500       0          2077.45        2878.41         3981.34         4736.84  
    0.506       0          2066.71        2846.07         3934.92         4692.90  
    0.513       0          1995.94        2884.83         3921.04         4753.77  
    