0.025       2528.11          2832.01        3309.11         4607.52         5500.00  
    0.031       2499.01          2941.81        3317.52         4383.51         5500.00  
    0.038       2491.23          2685.76        3258.44         4303.41         5500.00  
    0.044       395.36          2510.41        3179.37         3698.08         4643.99  
    0.050       0          2481.57        3130.62         3575.52         4511.75  
    0.056       0          2484.51        3153.76         3649.27         4466.77  
    0.062       0          2480.82        3151.21         3748.18         4415.31  
    0.069       0          2501.61        3199.19         3776.54         4397.93  
    0.075       0          2515.60        3228.91         4080.98         4419.85  
    0.081       0          399.60        2624.29         3327.48         4198.52  
    0.088       0          2062.22        3032.68         3753.82         4888.29  
    0.094       0          2466.93        3064.61         3795.39         4676.39  
    0.100       0          2463.11        3052.37         3715.16         4471.17  
    0.106       0          2437.40        3092.78         3525.09         4474.04  
    0.113       0          2441.95        2798.27         3503.68         4361.85  
    0.119       276.62          2480.28        3335.28         4131.26         4844.64  
    0.125       964.37          2461.12        3409.24         4141.56         5411.10  
    0.131       1303.03          2440.06        3336.52         4216.25         5500.00  
    0.138       213.38          2274.08        2602.53         3540.07         4625.29  
    0.144       0          1950.49        2496.19         3525.53         4462.40  
    0.150       0          1900.68        2575.68         3527.82         4419.38  
    0.156       0          1867.26        2489.65         3476.66         4340.03  
    0.163       237.05          1973.73        2593.00         3602.00         4736.28  
    0.169       349.36          1928.75        2486.91         3437.35         5065.95  
    0.175       374.26          1910.01        2461.81         3412.84         5008.32  
    0.181       395.54          1904.29        2476.47         3439.66         4839.09  
    0.188       412.59          1890.03        2488.65         3458.71         4768.06  
    0.194       417.67          1893.37        2502.44         3499.27         4688.87  
    0.200       415.26          1899.94        2503.26         3522.36         4617.57  
    0.206       408.24          1896.48        2506.28         3511.06         4728.40  
    0.213       409.72          1905.66        2525.76         3553.36         4789.47  
    0.219       414.58          1930.91        2540.92         3596.43         4636.48  
    0.225       412.80          1938.71        2616.34         3584.38         4556.73  
    0.231       412.45          1950.64        2638.16         3590.78         4335.47  
    0.238       411.68          1963.74        2578.41         3606.57         4193.07  
    0.244       408.54          1955.57        2572.54         3622.23         4117.15  
    0.250       409.38          1967.75        2604.27         3635.11         4089.70  
    0.256       407.38          1967.63        2619.36         3635.74         4031.42  
    0.263       401.17          1989.92        2575.66         3579.20         3987.77  
    0.269       401.32          1971.21        2555.81         3552.28         3949.41  
    0.275       406.69          1955.45        2566.85         3582.03         4003.08  
    0.281       411.98          1952.63        2629.37         3586.80         4119.55  
    0.288       419.22          1970.75        2594.40         3578.79         4063.38  
    0.294       423.10          1934.81        2550.28         3566.16         3946.04  
    0.300       425.38          1914.63        2542.98         3539.75         3898.15  
    0.306       429.44          1914.66        2550.37         3573.24         3927.65  
    0.312       433.77          1922.36        2538.14         3578.51         3979.19  
    0.319       435.85          1934.14        2526.91         3589.15         4007.50  
    0.325       437.87          1970.04        2541.46         3555.71         4129.26  
    0.331       446.27          2012.63        2612.99         3520.75         4069.67  
    0.338       449.75          2079.43        2603.06         3480.61         4022.21  
    0.344       427.79          2132.66        2572.24         3455.58         4020.36  
    0.350       386.28          2425.87        3119.67         3659.76         4512.73  
    0.356       60.20          393.60        2362.69         3065.76         3684.15  
    0.363       0          1674.59        2551.73         3270.82         4471.52  
    0.369       0          2050.05        2848.00         3279.11         4564.69  
    0.375       0          2360.77        2588.55         3332.23         4483.22  
    0.381       0          2458.87        2508.22         3335.66         4526.50  
    0.388       0          2463.39        3088.36         3605.94         4917.50  
    0.394       0          2431.85        3162.86         3545.93         4618.57  
    0.400       1007.75          2413.42        3190.80         3680.80         5025.27  
    0.406       2203.37          2502.27        3248.87         3927.39         4994.19  
    0.413       2389.64          2820.15        3313.32         4378.49         4914.49  
    0.419       379.20          2439.81        3049.84         3613.38         4554.82  
    0.425       2018.60          2633.01        3195.80         4213.42         4901.93  
    0.431       2371.10          2984.29        3239.68         4709.04         5417.44  
    0.438       375.51          2478.68        3130.60         3813.76         5104.02  
    0.444       0          2412.30        3080.09         3564.08         4668.56  
    0.450       0          2439.38        3103.46         3388.62         4749.24  
    0.456       0          2471.72        3055.25         3541.80         4691.93  
    0.463       0          2454.29        3043.64         3477.94         4606.41  
    0.469       2073.34          2987.64        3612.15         4383.60         4959.49  
    0.475       391.20          2560.01        3212.11         3913.74         4713.37  
    0.481       0          2477.15        3088.64         3792.24         4645.07  
    0.488       0          2481.65        3095.89         3621.86         4666.65  
    0.494       0          2424.96        3163.11         3547.25         4713.09  
    0.500       0          2386.86        3122.48         3551.45         4575.70  
    0.506       0          2407.53        3090.77         3601.87         4661.31  
    0.513       0          2447.10        3055.87         3643.37         4790.55  
    0.519       0          2411.99        2994.32         3620.02         4691.99  
    0.525       0          2397.45        3043.62         3564.55         4513.72  
    0.531       0          2404.33        3054.27         3607.66         4427.36  
    0.537       0          2405.09        3031.76         3587.66         4444.18  
    0.544       0          2410.16        3085.27         3576.53         4568.86  
    0.550       0          2417.69        3111.76         3645.50         4547.28  
    0.556       0          2430.27        3119.16         3568.59         4449.47  
    0.562       0          2449.14        3116.84         3537.61         4429.07  
    0.569       0          2445.73        3103.19         3546.99         4481.11  
    0.575       0          2424.50        3126.91         3522.51         4527.54  
    