0.025       0          1950.36        2792.72         3791.23         4587.48  
    0.031       0          1964.77        2750.80         3806.91         4655.52  
    0.038       0          2045.76        2607.06         3777.91         4631.56  
    0.044       0          1498.62        2512.88         3783.50         4665.85  
    0.050       0          1636.10        2609.25         3774.39         4533.49  
    0.056       1095.81          2410.91        3639.38         4400.82         4628.64  
    0.062       1357.11          2525.89        3814.36         4161.10         4627.45  
    0.069       1604.06          2654.29        3840.60         4416.85         4611.15  
    0.075       114.74          1878.04        2731.25         3805.04         4610.32  
    0.081       1273.71          2542.65        3604.51         4479.44         4979.89  
    0.088       1297.39          2624.64        3737.83         4482.00         5465.19  
    0.094       1446.90          2682.94        3684.96         4563.65         5500.00  
    0.100       1458.01          2635.73        3679.41         4648.83         5500.00  
    0.106       1403.92          2483.98        3541.62         4359.44         4646.60  
    0.113       1448.34          2483.07        3458.25         4394.44         4867.84  
    0.119       1483.28          2499.82        3520.13         4428.15         5456.82  
    0.125       1490.29          2366.72        3576.83         4351.21         4784.61  
    0.131       1277.26          2187.52        3372.44         4028.13         4848.40  
    0.138       728.62          2100.64        3004.38         3940.15         4798.42  
    0.144       1456.96          2465.22        2633.61         3914.74         4795.40  
    0.150       1706.02          1884.83        2673.83         4027.20         4762.00  
    0.156       1158.35          1982.12        2751.79         4172.22         4767.07  
    0.163       1292.63          1994.68        2710.87         4156.84         4873.56  
    0.169       650.58          2010.57        2639.32         4042.84         4895.28  
    0.175       251.99          2030.44        2682.36         3998.03         4798.17  
    0.181       352.12          2073.90        2833.89         4061.35         4969.64  
    0.188       396.46          2074.29        2882.88         4035.69         4869.05  
    0.194       460.33          1956.50        2709.90         3950.20         4791.77  
    0.200       533.53          1925.04        2692.70         4129.98         4881.37  
    0.206       581.19          1924.88        2692.79         4121.60         5238.32  
    0.213       590.67          1930.19        2844.81         4211.54         5483.37  
    0.219       596.94          1927.18        3042.06         4152.79         5500.00  
    0.225       604.61          1921.26        3081.25         4103.02         5264.28  
    0.231       619.18          1912.07        3104.59         4167.10         5482.05  
    0.238       627.93          1902.73        3128.75         4250.16         4824.38  
    0.244       630.40          1926.24        3145.84         4337.54         4514.96  
    0.250       44.61          727.00        2027.40         3239.90         4402.10  
    0.256       0          640.47        1943.91         3209.17         4410.22  
    0.263       0          650.13        1941.68         3198.06         4331.14  
    0.269       0          657.61        1936.94         3209.65         4211.24  
    0.275       0          661.36        1942.77         3270.36         4134.42  
    0.281       0          667.55        1937.27         3212.29         4165.42  
    0.288       0          677.01        1936.87         3201.85         4282.37  
    0.294       0          684.30        1935.71         3205.45         4261.76  
    0.300       0          689.41        1943.68         3192.61         4364.55  
    0.306       640.93          1856.04        3120.33         4365.20         5420.23  
    0.312       48.80          783.41        2054.50         3315.69         4354.01  
    0.319       0          700.15        1955.83         3252.48         4371.15  
    0.325       0          697.82        1928.69         3210.94         4579.08  
    0.331       644.98          1853.55        3131.45         3627.39         4683.02  
    0.338       693.85          1920.61        3196.63         4526.31         5442.68  
    0.344       682.79          1909.28        3168.81         4377.52         4560.74  
    0.350       688.05          1885.48        3150.97         4406.92         5428.49  
    0.356       48.71          784.78        1969.67         3196.51         4514.82  
    0.363       0          699.08        1857.97         3097.48         4431.41  
    0.369       0          699.69        1850.80         3087.80         4387.29  
    0.375       0          700.91        1843.46         3057.67         4402.29  
    0.381       0          699.91        1828.12         3041.50         4374.75  
    0.388       0          695.12        1804.81         3009.75         4314.15  
    0.394       0          687.67        1805.88         2995.05         4292.55  
    0.400       629.78          1713.42        2896.46         4138.25         5414.48  
    0.406       672.17          1771.02        2898.84         4220.77         5500.00  
    0.413       662.19          1764.61        2812.45         4069.88         4965.38  
    0.419       642.51          1777.27        2720.00         4034.32         5091.76  
    0.425       614.37          1766.20        2628.89         4031.80         4828.01  
    0.431       579.61          1753.37        2591.76         3990.35         4755.54  
    0.438       524.33          1750.54        2576.61         3918.64         4973.00  
    0.444       36.81          617.92        1861.68         2752.89         4894.37  
    0.450       307.76          1719.04        2620.34         4199.59         4939.38  
    0.456       23.43          128.01        1974.10         2900.66         4293.52  
    0.463       0          1478.02        2520.83         3855.25         4803.37  
    0.469       0          832.47        2467.81         3938.59         4900.86  
    0.475       780.94          2090.20        3022.72         4362.98         4932.16  
    0.481       737.53          2093.76        3223.88         4362.17         4755.27  
    0.488       51.62          1990.18        2560.59         3780.55         4704.79  
    0.494       0          1893.56        2503.10         3769.30         4572.19  
    0.500       0          1822.32        2578.30         3824.43         4616.00  
    0.506       0          1559.89        2622.43         3842.16         4586.12  
    0.513       0          1605.84        2586.29         3901.17         4575.61  
    0.519       0          1423.93        2531.40         3926.32         4599.23  
    0.525       0          1480.52        2550.38         3951.87         4547.99  
    0.531       0          1601.79        2621.02         3967.93         4620.37  
    0.537       0          1680.22        2571.62         3925.09         4710.67  
    0.544       1085.94          2474.80        3740.42         4560.42         5444.61  
    0.550       82.68          1376.91        2653.56         3832.19         4596.73  
    0.556       0          1692.99        2505.22         3713.12         4516.91  
    0.562       1146.57          2392.34        3573.30         4476.22         5430.39  
    0.569       1158.48          2501.92        3350.28         4375.45         4887.68  
    0.575       1139.80          2539.81        3302.73         4382.87         4994.63  
    0.581       1143.55          2547.17        3767.40         4473.33         5465.07  
    0.588       1027.25          2313.33        3498.15         4345.41         4927.99  
    0.594       1018.07          2135.63        3371.15         4298.35         4849.17  
    0.600       1209.94          2261.07        3581.46         4350.30         4538.65  
    