0.025       1473.89          2416.43        3738.16         4389.55         4661.11  
    0.031       1204.06          2386.96        3717.36         4331.97         4720.81  
    0.038       1298.32          2495.27        3735.59         4504.38         4660.45  
    0.044       1308.24          2592.16        3754.60         4470.67         5363.41  
    0.050       1261.68          2564.12        3717.64         4318.02         4953.48  
    0.056       1430.84          2649.69        3749.39         4254.83         4865.06  
    0.062       1492.05          2697.68        3708.96         4279.26         4758.30  
    0.069       1483.39          2687.67        3668.46         4361.49         4787.40  
    0.075       1362.79          2713.97        3715.79         4432.12         4952.44  
    0.081       1347.90          2693.90        3758.46         4452.54         5417.09  
    0.088       1444.14          2725.44        3715.87         4578.82         5500.00  
    0.094       1589.07          2814.97        3709.38         4577.73         5500.00  
    0.100       1589.50          2667.80        3578.01         4375.02         4929.14  
    0.106       1697.12          2608.20        3511.44         4328.10         4962.37  
    0.113       1914.70          2598.17        3576.33         4389.45         5418.26  
    0.119       2016.91          2484.08        3612.16         4245.23         4952.43  
    0.125       324.87          2136.00        3130.04         3951.43         4816.59  
    0.131       0          2062.87        2887.77         3888.35         4742.01  
    0.138       1590.30          2562.62        3687.73         4438.81         4774.27  
    0.144       303.12          2134.83        2901.11         4036.56         4644.08  
    0.150       0          2006.44        2725.27         3998.23         4726.51  
    0.156       0          1987.73        2681.26         3928.23         4797.97  
    0.163       0          2008.94        2640.85         3963.56         4840.60  
    0.169       0          322.34        2125.80         2917.94         4155.52  
    0.175       0          0        2053.50         2804.44         4053.14  
    0.181       0          0        2039.82         2799.99         3973.28  
    0.188       459.28          1620.92        2564.67         3796.79         4703.40  
    0.194       604.74          1933.01        2607.87         3946.66         5026.18  
    0.200       626.30          1930.57        2690.57         4064.39         5228.91  
    0.206       611.97          1934.25        2929.43         4129.13         5461.74  
    0.213       611.38          1920.31        3024.35         4017.78         5201.41  
    0.219       622.93          1920.04        3063.67         4022.24         5076.60  
    0.225       637.44          1907.74        3084.16         4107.67         5430.15  
    0.231       643.68          1912.47        3110.11         4232.90         4585.88  
    0.238       646.43          1933.24        3114.95         4304.79         4532.25  
    0.244       649.00          1941.66        3166.91         4404.65         5348.75  
    0.250       652.72          1945.39        3249.18         4371.36         5500.00  
    0.256       104.59          872.84        2153.00         3422.71         4505.14  
    0.263       0          678.30        1940.57         3274.99         4166.03  
    0.269       0          688.57        1942.51         3309.25         4133.22  
    0.275       588.64          1735.49        3041.99         4064.86         5281.06  
    0.281       709.66          1929.10        3265.42         4297.60         5500.00  
    0.288       716.05          1926.70        3254.55         4293.49         5500.00  
    0.294       716.30          1927.30        3244.70         4417.53         5500.00  
    0.300       713.61          1935.27        3268.80         4443.36         4683.74  
    0.306       711.35          1955.97        3303.37         4307.65         5344.42  
    0.312       113.83          910.29        2144.34         3436.48         4649.35  
    0.319       594.44          1727.91        3027.84         4408.61         5337.86  
    0.325       703.62          1923.28        3265.73         4399.88         4806.51  
    0.331       112.52          896.07        2110.48         3402.27         4546.08  
    0.338       585.97          1686.72        2993.69         4266.19         5343.37  
    0.344       708.55          1859.27        3179.86         4399.45         5500.00  
    0.350       113.76          899.73        2053.63         3341.45         4592.88  
    0.356       601.78          1650.13        2919.52         4197.70         5327.10  
    0.363       717.16          1822.33        3103.43         4385.97         5500.00  
    0.369       114.83          893.82        2024.38         3289.70         4562.19  
    0.375       0          716.59        1804.53         3065.42         4347.86  
    0.381       0          712.25        1790.48         3038.31         4306.19  
    0.388       594.51          1619.29        2817.99         4073.82         5307.82  
    0.394       699.31          1782.87        2988.64         4235.65         5500.00  
    0.400       687.43          1765.92        2920.45         4242.03         5500.00  
    0.406       675.77          1768.05        2836.91         4125.98         5164.33  
    0.413       664.74          1774.57        2743.21         4080.18         5067.16  
    0.419       665.20          1761.83        2606.72         4074.48         4839.56  
    0.425       658.50          1756.09        2547.54         4038.80         4881.75  
    0.431       655.28          1764.02        2484.72         4018.62         4990.53  
    0.438       631.35          1789.97        2533.55         4466.76         4929.82  
    0.444       462.04          1807.73        2671.05         4329.21         5039.80  
    0.450       68.94          289.80        2009.51         3067.50         4320.43  
    0.456       0          1295.13        2306.87         3703.83         4733.50  
    0.463       0          1558.96        2249.74         3877.20         4818.20  
    0.469       605.65          1849.25        3471.66         4580.81         4958.97  
    0.475       115.44          304.81        2196.35         3817.11         4360.80  
    0.481       0          1596.66        2685.76         3764.89         4560.99  
    0.488       0          1920.48        2814.45         3801.25         4571.53  
    0.494       0          1886.69        2752.87         3833.82         4580.41  
    0.500       0          1546.58        2602.56         3841.54         4573.45  
    0.506       1200.45          2371.56        3673.48         4449.52         5351.35  
    0.513       1307.97          2473.91        3821.26         4504.50         4973.11  
    0.519       1470.53          2487.64        3820.63         4455.30         4866.07  
    0.525       1522.11          2559.35        3875.16         4593.71         5037.48  
    0.531       1597.08          2356.10        3773.43         4466.23         4918.51  
    0.537       1250.99          2525.81        3757.88         4429.00         4922.41  
    0.544       1379.56          2504.67        3757.10         4480.41         5204.88  
    0.550       1656.18          2296.94        3759.81         4519.03         5461.18  
    0.556       1310.20          2468.87        3757.95         4512.20         5028.10  
    0.562       1222.50          2539.32        3684.69         4406.26         4999.51  
    0.569       1184.60          2569.06        3769.66         4415.31         5046.97  
    0.575       1168.41          2541.37        3792.24         4442.24         4996.34  
    0.581       1145.62          2348.22        3636.66         4335.08         4960.80  
    0.588       1214.07          2191.27        3647.50         4325.65         4897.05  
    