0.025       1857.93          2882.42        3210.30         4059.07         5015.49  
    0.031       1857.25          2908.04        3146.51         4032.25         4996.17  
    0.038       1816.06          2901.17        3120.60         4005.78         5026.36  
    0.044       1854.94          2968.90        3177.42         4026.06         5023.09  
    0.050       1907.73          3012.44        3304.16         4055.32         5004.79  
    0.056       1978.09          3021.00        3412.53         4024.79         5011.11  
    0.062       2002.49          3014.02        3778.93         3952.08         5000.84  
    0.069       1959.03          2984.21        3741.33         3943.83         4990.20  
    0.075       1939.56          3032.27        3471.18         3983.62         4987.34  
    0.081       1879.71          3019.83        3337.75         3980.64         4918.70  
    0.088       1851.90          2998.19        3426.93         3970.31         4917.44  
    0.094       1873.34          2848.60        3122.66         3981.25         4960.02  
    0.100       1832.96          2551.69        3018.84         4011.84         4946.94  
    0.106       719.37          2168.82        3017.11         4034.56         4926.52  
    0.113       88.85          1989.34        3024.01         3892.24         4908.82  
    0.119       0          482.93        2187.66         3233.96         4021.17  
    0.125       230.91          1417.78        2755.14         3679.28         4638.58  
    0.131       347.25          1855.25        3016.47         3891.10         5005.53  
    0.138       401.60          1841.39        3006.50         3705.53         5023.96  
    0.144       441.56          1848.05        2944.68         3760.99         5043.41  
    0.150       458.21          1865.82        3042.99         3836.82         5389.35  
    0.156       462.77          1890.45        3174.20         3846.89         5500.00  
    0.163       463.85          1892.85        3137.52         3813.32         5296.74  
    0.169       463.35          1880.77        3071.81         3814.12         5080.09  
    0.175       461.87          1858.67        3126.61         3794.23         5384.62  
    0.181       457.99          1839.98        3179.54         3826.50         5500.00  
    0.188       451.65          1822.71        3111.66         3855.25         5500.00  
    0.194       446.52          1800.42        3103.87         3834.05         5500.00  
    0.200       109.58          775.84        2100.66         3356.95         4227.51  
    0.206       0          442.11        1762.24         3252.70         3815.45  
    0.213       0          439.40        1756.45         3264.25         3804.02  
    0.219       0          439.71        1761.61         3225.89         3773.93  
    0.225       0          439.39        1756.64         3232.69         3814.73  
    0.231       0          436.93        1742.04         3168.29         3781.15  
    0.238       0          434.30        1735.58         3162.90         3836.56  
    0.244       0          432.62        1748.20         3172.74         3877.02  
    0.250       0          432.24        1761.59         3144.91         3866.73  
    0.256       0          433.14        1787.35         3200.69         3915.28  
    0.263       0          433.13        1802.40         3240.64         3902.31  
    0.269       0          432.63        1772.11         3217.50         3900.71  
    0.275       325.56          1412.48        2779.35         3707.38         5107.19  
    0.281       432.05          1724.78        2981.56         3855.49         4844.43  
    0.288       431.41          1728.04        2959.32         3850.29         4451.54  
    0.294       431.44          1735.52        3167.13         3853.60         4496.57  
    0.300       433.41          1746.18        3337.93         3852.30         4756.64  
    0.306       433.95          1755.19        3115.98         3830.44         4633.24  
    0.312       435.43          1770.45        3023.74         3809.52         4576.67  
    0.319       439.31          1786.63        3347.82         3816.56         4315.65  
    0.325       442.99          1804.78        3595.11         3850.58         5187.45  
    0.331       109.20          780.11        2274.78         3587.30         4271.58  
    0.338       331.99          1495.03        2826.47         3804.29         4297.46  
    0.344       434.84          1822.09        2998.75         3920.80         4922.48  
    0.350       423.17          1819.40        3103.26         3927.09         5396.91  
    0.356       409.37          1811.19        3126.13         3938.45         5500.00  
    0.363       400.17          1796.50        3102.01         3983.92         5500.00  
    0.369       390.18          1773.71        2965.47         3875.46         5035.69  
    0.375       369.36          1836.29        2907.71         3888.04         4875.83  
    0.381       89.42          457.31        2146.42         3171.98         4169.46  
    0.388       0          0        1918.13         2938.72         3968.19  
    0.394       0          1498.93        2675.41         3722.20         4349.30  
    0.400       0          2081.82        2907.90         3954.18         4807.92  
    0.406       456.54          2439.27        2954.99         3970.97         4907.43  
    0.413       1000.38          2665.54        2971.22         4050.47         4902.59  
    0.419       1148.22          2880.04        3247.65         4043.75         4823.67  
    0.425       1577.88          2959.09        3609.18         3959.62         4754.33  
    0.431       1864.79          2966.31        3809.33         3919.27         4734.93  
    0.438       470.74          2357.75        3161.69         3949.60         4789.21  
    0.444       1319.97          2758.74        3488.39         3997.08         4867.55  
    0.450       1781.16          2952.89        3749.14         3975.74         4840.27  
    0.456       1808.48          2952.76        3679.45         3987.54         4827.61  
    0.463       1789.31          2911.67        3690.00         3967.08         4771.69  
    0.469       1656.97          2873.63        3797.70         3968.82         4820.35  
    0.475       1718.45          2907.57        3769.43         4011.17         4846.80  
    0.481       1800.53          2918.99        3829.51         3990.20         4764.33  
    0.488       1934.70          2929.33        3889.71         3944.91         4719.12  
    0.494       1941.45          2935.10        3903.58         4159.93         4758.56  
    