0.025       1792.11          2579.77        3215.54         4412.89         5500.00  
    0.031       1892.95          2562.11        3282.16         4310.58         5234.59  
    0.038       1929.69          2522.39        3314.39         4249.78         5297.98  
    0.044       1814.90          2489.37        3263.38         4325.19         5500.00  
    0.050       756.65          2451.65        2970.03         3716.74         4892.02  
    0.056       0          2367.40        2616.53         3252.27         4441.26  
    0.062       0          2219.80        2575.55         3283.27         4430.35  
    0.069       0          2163.20        2808.23         3346.32         4406.56  
    0.075       0          2246.89        2763.42         3377.68         4416.30  
    0.081       0          2241.02        2773.35         3393.15         4482.17  
    0.088       0          2212.59        2952.59         3349.95         4462.46  
    0.094       0          961.56        2583.34         3163.02         4101.07  
    0.100       0          1359.99        2704.42         3675.31         4791.63  
    0.106       0          2359.53        2998.89         3579.58         4857.67  
    0.113       0          2161.01        2744.07         3308.82         4376.96  
    0.119       0          1972.43        2544.22         3467.67         4408.08  
    0.125       0          1897.31        2497.82         3484.04         4421.87  
    0.131       0          1909.21        2443.00         3450.24         4372.85  
    0.138       0          1864.33        2430.67         3361.82         4392.35  
    0.144       0          1809.55        2464.45         3392.55         4448.40  
    0.150       0          1828.33        2488.53         3466.25         4462.96  
    0.156       0          1892.42        2677.41         3569.65         4441.85  
    0.163       179.77          2009.56        2833.10         3687.35         4580.30  
    0.169       351.78          1970.73        2638.48         3554.53         4706.25  
    0.175       384.98          1890.39        2472.23         3365.45         5159.24  
    0.181       396.42          1882.72        2464.07         3342.06         5154.67  
    0.188       412.59          1881.99        2486.28         3403.82         4804.17  
    0.194       425.45          1878.80        2524.19         3461.03         4718.00  
    0.200       429.18          1866.00        2539.75         3502.88         4689.19  
    0.206       425.46          1859.67        2520.92         3511.10         4679.43  
    0.213       420.51          1872.30        2513.56         3492.71         4742.89  
    0.219       421.70          1885.84        2520.87         3519.94         4971.62  
    0.225       425.07          1908.81        2548.87         3557.51         5119.76  
    0.231       424.51          1926.92        2606.55         3552.71         5113.63  
    0.238       421.87          1942.66        2634.54         3554.34         5203.82  
    0.244       421.32          1966.40        2613.54         3578.05         5198.93  
    0.250       420.94          1976.53        2608.45         3607.02         4929.98  
    0.256       418.88          1983.93        2650.16         3629.48         4832.76  
    0.263       416.53          1999.47        2697.35         3666.02         4812.34  
    0.269       414.25          2021.12        2683.72         3642.44         4564.47  
    0.275       411.83          2000.02        2660.23         3600.96         4418.88  
    0.281       413.79          1970.38        2661.07         3607.93         4609.79  
    0.288       419.13          1972.44        2686.20         3629.52         4716.22  
    0.294       421.64          1986.72        2674.82         3654.09         4621.50  
    0.300       422.68          1951.36        2604.85         3645.37         4272.30  
    0.306       426.03          1910.40        2545.14         3557.22         3973.87  
    0.312       428.79          1907.01        2539.65         3554.71         3982.11  
    0.319       431.05          1910.95        2517.21         3601.03         4073.58  
    0.325       435.06          1912.80        2489.61         3591.92         4144.77  
    0.331       438.58          1907.73        2505.30         3527.80         4274.13  
    0.338       444.76          1941.83        2538.71         3461.66         4232.65  
    0.344       460.77          1939.26        2573.67         3407.12         4111.06  
    0.350       457.99          1954.89        2592.39         3405.53         4108.25  
    0.356       420.24          2159.17        2827.92         3648.16         4594.27  
    0.363       267.95          2198.31        3023.22         3575.91         4860.36  
    0.369       72.87          2078.06        2823.38         3328.20         4773.77  
    0.375       0          881.94        2391.28         3235.18         4539.54  
    0.381       0          1010.71        2328.28         3271.22         4414.45  
    0.388       0          1842.61        2473.86         3320.96         4514.16  
    0.394       768.22          2207.11        2920.64         4008.15         5095.86  
    0.400       1383.87          2422.51        3220.93         4374.31         5500.00  
    0.406       1429.31          2396.33        3283.66         3971.27         5262.19  
    0.413       1776.04          2426.42        3308.70         4246.22         5318.98  
    0.419       876.18          2267.04        2946.37         3933.58         4947.32  
    0.425       0          2211.60        2574.83         3341.50         4468.65  
    0.431       1146.84          2366.07        2919.52         4076.36         4835.88  
    0.438       2198.45          2478.17        3238.83         4834.83         5348.30  
    0.444       1008.94          2437.37        3155.83         4214.05         5234.38  
    0.450       0          2392.99        3091.43         3374.16         4750.69  
    0.456       0          2415.01        3030.11         3139.34         4643.44  
    0.463       0          2443.58        3008.77         3471.65         4705.44  
    0.469       0          2457.41        3055.76         3436.04         4641.07  
    0.475       0          2443.56        3080.31         3564.69         4895.51  
    0.481       0          2439.35        3099.21         3971.68         5334.86  
    0.488       0          2454.97        3097.16         4037.74         5176.28  
    0.494       0          2421.42        3126.81         3615.57         4792.35  
    0.500       0          2355.24        3189.59         3273.03         4565.81  
    0.506       0          2326.57        3200.81         3232.80         4485.97  
    0.513       0          2329.60        3107.59         3396.79         4707.58  
    0.519       0          2301.97        2981.09         3578.51         4907.19  
    0.525       0          2303.20        2931.70         3567.71         4781.96  
    0.531       0          2327.78        3046.03         3403.47         4517.42  
    0.537       0          2346.16        3089.29         3500.45         4306.27  
    0.544       0          2355.56        3062.39         3511.68         4311.90  
    0.550       0          2366.10        3111.67         3529.04         4341.89  
    0.556       0          2363.75        3129.58         3742.06         4284.13  
    0.562       0          2345.57        3134.61         3477.06         4296.78  
    0.569       0          2358.29        3127.28         3383.06         4262.96  
    0.575       0          2387.76        3125.76         3476.01         4289.19  
    0.581       0          2395.75        3144.63         3564.93         4635.58  
    0.588       0          2334.42        3110.11         3674.03         4954.31  
    