0.025       0          2092.58        3096.35         3625.77         4390.17  
    0.031       0          1997.38        3002.47         3648.94         4398.82  
    0.038       0          1993.77        2906.59         3676.42         4379.23  
    0.044       0          2049.95        2874.74         3668.12         4374.11  
    0.050       0          2028.90        2875.89         3652.80         4450.45  
    0.056       0          1964.85        2870.02         3663.29         4455.36  
    0.062       964.70          2466.57        3355.69         3880.79         4490.78  
    0.069       1624.37          2844.88        3733.41         3894.13         4535.14  
    0.075       1663.66          2861.99        3720.66         3787.49         4530.97  
    0.081       1769.23          2859.15        3708.68         4195.65         5115.66  
    0.088       1750.11          2858.20        3694.92         4045.25         4910.98  
    0.094       1574.64          2873.07        3726.33         3764.91         4545.18  
    0.100       1629.56          2882.12        3742.30         4195.57         5127.80  
    0.106       1768.67          2880.58        3694.23         4457.27         5500.00  
    0.113       1741.43          2882.62        3682.43         4416.77         4917.47  
    0.119       1660.39          2868.10        3688.50         4016.16         4515.32  
    0.125       644.77          2273.05        3200.33         3687.60         4468.28  
    0.131       0          1866.95        2848.25         3666.90         4442.03  
    0.138       0          1806.72        2802.78         3696.32         4451.52  
    0.144       211.85          1947.27        2796.44         3692.32         4500.96  
    0.150       377.02          1940.15        2792.86         3674.28         4892.97  
    0.156       400.75          1869.83        2786.19         3613.03         5158.83  
    0.163       400.86          1875.42        2796.82         3571.58         5113.06  
    0.169       397.87          1880.74        2799.14         3565.76         5084.93  
    0.175       401.38          1884.45        2780.34         3569.55         5137.93  
    0.181       408.22          1884.57        2757.49         3574.42         5084.63  
    0.188       415.71          1891.96        2759.02         3578.05         5314.87  
    0.194       420.75          1900.25        2775.90         3584.82         5500.00  
    0.200       423.44          1914.35        2804.84         3581.99         5500.00  
    0.206       426.55          1922.79        2827.87         3569.53         5500.00  
    0.213       431.83          1917.08        2827.07         3558.69         5500.00  
    0.219       438.90          1917.64        2819.97         3556.67         5500.00  
    0.225       448.37          1927.06        2822.84         3561.34         5500.00  
    0.231       460.08          1925.38        2842.55         3569.11         5500.00  
    0.238       472.71          1909.96        2857.74         3581.22         5500.00  
    0.244       483.73          1900.31        2852.89         3595.85         5500.00  
    0.250       491.09          1898.18        2830.84         3601.89         5500.00  
    0.256       497.37          1890.82        2803.16         3594.28         5500.00  
    0.263       504.66          1883.19        2773.98         3582.41         5500.00  
    0.269       517.70          1886.84        2772.00         3583.68         5500.00  
    0.275       534.02          1907.33        2791.69         3602.39         5500.00  
    0.281       540.05          1922.89        2781.04         3610.14         5500.00  
    0.288       535.81          1936.66        2764.15         3598.27         5500.00  
    0.294       527.42          1947.12        2787.95         3598.85         5500.00  
    0.300       517.64          1933.58        2800.98         3603.56         5500.00  
    0.306       509.75          1924.52        2816.58         3609.63         5500.00  
    0.312       503.11          1934.34        2800.32         3617.73         5500.00  
    0.319       494.95          1950.72        2774.80         3614.76         5500.00  
    0.325       487.71          1962.14        2792.38         3619.50         5500.00  
    0.331       481.29          1949.74        2795.04         3628.84         5500.00  
    0.338       476.10          1932.19        2768.58         3619.04         5119.98  
    0.344       472.07          1922.62        2756.98         3613.53         5252.11  
    0.350       470.18          1935.28        2790.87         3616.50         5500.00  
    0.356       467.87          1973.25        2817.89         3617.91         5500.00  
    0.363       465.08          1969.56        2796.63         3621.81         5500.00  
    0.369       463.75          1935.68        2778.68         3627.08         5063.20  
    0.375       464.38          1907.16        2781.73         3626.25         4844.74  
    0.381       466.19          1882.81        2768.22         3620.99         4993.58  
    0.388       468.14          1873.67        2761.08         3614.19         5327.24  
    0.394       470.38          1876.50        2763.16         3611.10         5178.68  
    0.400       473.92          1877.95        2763.85         3610.25         4894.19  
    0.406       480.55          1869.66        2763.29         3600.96         4848.83  
    0.413       488.53          1867.97        2790.76         3589.68         5243.83  
    0.419       492.37          1867.43        2792.68         3588.46         5500.00  
    0.425       484.62          1865.42        2777.73         3611.83         5276.42  
    0.431       468.73          1844.76        2768.76         3610.91         4633.83  
    0.438       448.89          1828.74        2772.47         3595.80         4614.03  
    0.444       427.44          1837.22        2778.38         3594.45         4894.93  
    0.450       413.07          1829.47        2773.07         3610.32         5282.36  
    0.456       407.55          1818.11        2758.28         3606.06         5500.00  
    0.463       414.11          1821.95        2736.69         3602.41         5230.46  
    0.469       425.67          1810.10        2739.99         3637.90         5324.18  
    0.475       429.67          1799.95        2787.59         3708.46         5500.00  
    0.481       423.90          1721.57        2804.12         3682.18         5098.21  
    0.488       422.41          1854.00        2839.22         3668.30         4793.54  
    0.494       167.32          1840.94        2842.64         3697.41         4716.05  
    0.500       0          1785.45        2824.10         3697.22         4356.50  
    0.506       0          1795.13        2826.16         3710.60         4212.65  
    0.513       0          1817.02        2843.93         3764.73         4217.08  
    0.519       0          1859.72        2900.06         3771.44         4070.68  
    0.525       0          1934.29        2934.20         3686.26         4009.38  
    0.531       0          2095.45        2927.23         3642.40         4010.73  
    0.537       996.74          2708.00        3454.37         3749.73         4909.59  
    0.544       1635.84          3120.61        3756.57         3846.42         5500.00  
    0.550       642.95          2295.49        3358.76         3764.59         4594.76  
    0.556       0          1754.90        3083.15         3658.05         3989.91  
    0.562       0          1829.32        3069.11         3606.17         3985.79  
    0.569       1088.30          2567.20        3348.88         3800.66         4903.57  
    0.575       1880.72          2961.29        3465.88         3870.12         4999.40  
    0.581       1856.87          3049.61        3386.44         3806.13         4636.00  
    0.588       1773.22          3097.06        3456.04         3834.85         4815.45  
    0.594       1824.63          3017.10        3491.88         3846.93         4933.28  
    0.600       1875.38          2975.08        3462.75         3861.33         5130.38  
    0.606       1854.12          2909.23        3484.43         3873.87         5407.34  
    0.613       1807.41          2934.74        3573.52         3951.51         5500.00  
    0.619       1776.71          2972.58        3590.91         3885.92         4992.74  
    0.625       1744.01          3013.74        3612.20         3763.62         4692.20  
    0.631       1785.27          3080.44        3593.58         3969.62         4847.47  
    0.638       1851.70          3134.43        3524.24         4222.35         4957.83  
    0.644       1841.60          3183.49        3568.94         4276.89         4922.85  
    