0.025       0          1945.50        3080.51         3790.05         4558.52  
    0.031       0          1917.77        3070.31         3797.92         4584.35  
    0.038       0          1913.85        3079.74         3829.75         4577.92  
    0.044       0          1897.65        3085.36         3875.76         4470.49  
    0.050       0          2023.10        3109.74         3889.44         4303.97  
    0.056       0          2035.06        3476.67         3843.77         3983.63  
    0.062       0          1956.63        3239.75         3951.77         4225.80  
    0.069       0          1931.84        3110.18         3963.66         5280.15  
    0.075       0          1960.65        3103.73         3949.40         4628.04  
    0.081       0          1990.99        3164.08         3966.35         5152.79  
    0.088       0          2017.32        3113.07         3978.40         4610.18  
    0.094       224.23          2025.15        3041.42         4006.74         4514.07  
    0.100       335.36          2005.50        2982.65         3601.14         4273.10  
    0.106       394.80          2004.65        2979.82         3505.15         4170.51  
    0.113       422.13          2001.76        2984.37         3482.89         4124.37  
    0.119       431.61          1984.15        2973.04         3478.38         4183.89  
    0.125       437.28          1981.98        2981.83         3531.73         4235.45  
    0.131       439.01          1993.81        2991.34         3582.45         4220.91  
    0.138       438.91          2006.30        2991.41         3608.01         4217.84  
    0.144       436.53          2018.29        2995.02         3616.38         4235.65  
    0.150       433.69          2023.28        3000.01         3635.48         4259.36  
    0.156       428.66          2017.50        2999.41         3643.48         4247.85  
    0.163       423.94          2005.73        2984.35         3621.70         4228.42  
    0.169       417.52          2000.81        2964.84         3635.58         4206.26  
    0.175       432.87          2003.93        2964.84         3659.54         4221.98  
    0.181       442.32          1993.31        2990.51         3723.35         4254.92  
    0.188       456.66          1983.13        2980.63         3716.32         4270.70  
    0.194       475.32          1980.48        2977.06         3719.77         4258.28  
    0.200       487.96          1978.30        2979.51         3736.23         4243.48  
    0.206       494.23          1968.79        2963.08         3765.51         4256.86  
    0.213       486.63          1965.87        2959.24         3760.06         4275.32  
    0.219       485.51          1966.46        2958.16         3766.84         4286.24  
    0.225       482.40          1957.30        2944.11         3748.45         4286.50  
    0.231       474.41          1949.12        2926.81         3732.13         4275.43  
    0.238       463.40          1955.93        2890.59         3753.43         4270.58  
    0.244       457.78          1953.81        2907.90         3784.41         4278.58  
    0.250       449.39          1940.10        2936.25         3815.57         4261.40  
    0.256       421.38          1942.47        2976.03         3850.78         4254.74  
    0.263       406.09          1946.60        2994.23         3885.47         4349.79  
    0.269       389.65          1997.77        3048.09         3961.16         4538.06  
    0.275       327.43          2020.49        3124.13         3981.65         5034.39  
    0.281       57.30          368.83        2235.93         3262.84         4272.52  
    0.288       0          0        2026.32         3196.41         4006.13  
    0.294       0          1647.81        3127.43         3839.92         4892.96  
    0.300       0          1974.79        3166.67         4007.08         4886.15  
    0.306       0          1875.84        2954.32         4034.57         4797.33  
    0.312       0          1750.70        2965.52         4007.41         4521.51  
    0.319       0          1728.01        3052.92         3956.16         4504.71  
    0.325       0          1803.84        2950.64         3821.36         4519.60  
    0.331       0          1877.34        2900.23         3833.27         4511.54  
    0.338       0          1895.48        3079.82         3895.00         4537.62  
    0.344       0          1854.57        3135.25         3872.31         4489.14  
    0.350       0          1888.32        3117.26         3816.91         4572.50  
    0.356       0          1933.45        3145.25         3850.19         4576.83  
    0.363       0          1820.49        3104.82         3886.57         4581.89  
    0.369       0          1916.08        3226.59         3907.97         4789.35  
    0.375       268.74          2086.31        3466.92         3931.04         5144.30  
    