0.025       1714.25          2697.12        3799.66         4487.47         5500.00  
    0.031       1777.97          2586.63        3775.12         4457.22         5256.47  
    0.038       1771.93          2483.35        3754.54         4473.62         5008.32  
    0.044       1627.69          2496.44        3754.28         4430.06         5215.83  
    0.050       1752.22          2593.68        3836.82         4364.25         5464.00  
    0.056       880.94          2328.58        3307.73         4136.51         5031.08  
    0.062       985.82          2411.05        3405.59         4503.30         5104.03  
    0.069       1714.14          2693.34        3900.14         4673.44         5162.41  
    0.075       744.52          2134.75        3265.80         4107.83         4749.98  
    0.081       0          1857.24        2758.13         3808.63         4644.11  
    0.088       0          1991.39        2757.47         3785.30         4674.15  
    0.094       0          1918.82        2740.59         3805.13         4668.78  
    0.100       0          1816.08        2719.98         3822.00         4657.51  
    0.106       0          1727.20        2711.60         3831.73         4706.11  
    0.113       0          1759.46        2726.15         3872.16         4735.56  
    0.119       0          1821.21        2720.18         3904.31         4725.94  
    0.125       0          1808.07        2682.39         3859.74         4776.90  
    0.131       0          821.82        2302.75         3226.21         4318.52  
    0.138       153.26          1089.03        2595.97         3316.85         4428.03  
    0.144       305.03          2012.06        3008.64         3736.40         5217.13  
    0.150       353.32          2014.94        2932.82         3671.18         4755.09  
    0.156       383.47          1996.85        2907.43         3672.93         4095.09  
    0.163       385.94          1967.77        2843.51         3665.84         4015.10  
    0.169       383.59          1957.38        2782.01         3656.85         3953.52  
    0.175       382.91          1967.03        2758.59         3658.10         3942.48  
    0.181       381.92          1947.58        2687.15         3655.96         3979.71  
    0.188       381.28          1929.74        2627.13         3626.34         4136.05  
    0.194       380.96          1958.27        2627.91         3608.36         4239.73  
    0.200       379.02          1967.99        2610.80         3636.85         4166.81  
    0.206       377.94          1952.89        2579.63         3674.34         4099.52  
    0.213       378.72          1955.13        2568.51         3679.02         4051.58  
    0.219       378.94          1964.28        2574.37         3659.78         4002.74  
    0.225       377.81          1979.75        2584.56         3644.99         3958.57  
    0.231       376.01          1994.85        2578.48         3637.12         3910.49  
    0.238       374.06          2003.79        2571.14         3625.78         3890.09  
    0.244       372.06          2003.55        2564.50         3613.09         3881.40  
    0.250       370.36          1996.16        2542.83         3603.22         3869.17  
    0.256       369.76          1997.53        2539.46         3611.97         3866.76  
    0.263       368.91          2007.73        2552.31         3633.90         3886.32  
    0.269       367.64          2008.19        2539.50         3638.43         3910.14  
    0.275       366.20          2000.03        2514.67         3632.02         3898.52  
    0.281       363.02          1993.72        2502.32         3636.94         3882.49  
    0.288       358.28          1985.68        2505.00         3642.96         3882.60  
    0.294       354.30          1983.45        2528.46         3649.96         3911.69  
    0.300       351.20          1989.94        2546.98         3648.33         3964.26  
    0.306       346.84          1988.26        2572.94         3662.26         3988.08  
    0.312       340.91          1973.88        2618.33         3723.36         3976.05  
    0.319       335.98          1962.35        2647.38         3791.31         4132.23  
    0.325       335.22          1955.31        2636.30         3829.82         4438.61  
    0.331       322.08          1966.64        2648.65         3860.72         4737.93  
    0.338       246.23          2002.14        3223.29         3851.64         4905.96  
    0.344       243.61          2064.89        3727.52         4328.62         4940.46  
    0.350       318.15          2121.39        3758.30         4779.39         4915.42  
    0.356       350.77          2112.65        3724.83         4736.04         4978.61  
    0.363       331.12          2082.50        3780.88         4664.91         5295.63  
    0.369       260.51          2066.06        3881.48         4557.64         5239.45  
    0.375       201.32          2072.63        3882.02         4465.54         4914.35  
    0.381       279.59          2255.42        3839.19         4465.14         4833.58  
    0.388       344.32          2299.47        3796.46         4584.30         5002.22  
    0.394       246.67          2117.59        3804.19         4591.62         5182.53  
    0.400       249.68          2148.11        3830.99         4481.00         5120.86  
    0.406       328.95          2372.96        3833.61         4422.65         5032.12  
    