0.025       1426.81          2693.18        3615.96         4475.14         5500.00  
    0.031       1478.72          2777.49        3627.77         4428.61         4989.34  
    0.038       1472.90          2787.40        3559.03         4422.07         4906.23  
    0.044       1767.41          2782.69        3575.26         4293.19         4939.56  
    0.050       1850.25          2778.12        3568.30         4393.10         5015.41  
    0.056       1819.70          2799.80        3564.24         4490.71         4936.41  
    0.062       1917.24          2775.16        3532.99         4522.81         4834.87  
    0.069       1999.48          2773.68        3552.79         4354.61         4900.81  
    0.075       1904.05          2772.49        3571.64         4492.98         4846.25  
    0.081       1809.32          2783.45        3608.41         4569.99         5483.81  
    0.088       1729.63          2770.85        3576.58         4630.07         5500.00  
    0.094       42.70          1712.51        2775.83         3561.16         4702.58  
    0.100       0          1916.96        2764.52         3591.49         4687.20  
    0.106       364.27          2332.18        2741.98         3619.49         4868.32  
    0.113       389.47          1895.64        2744.85         3560.94         5242.82  
    0.119       391.11          1871.73        2748.63         3506.98         5210.92  
    0.125       405.08          1852.88        2731.41         3489.06         5156.70  
    0.131       405.77          1827.08        2746.59         3500.27         4966.42  
    0.138       409.10          1834.42        2734.74         3519.23         4896.86  
    0.144       414.92          1848.38        2726.01         3522.69         4908.98  
    0.150       420.33          1860.20        2713.86         3510.13         4680.23  
    0.156       422.69          1861.48        2691.99         3500.52         4583.86  
    0.163       425.08          1858.55        2673.27         3493.94         4645.12  
    0.169       429.18          1864.52        2654.35         3487.02         4713.91  
    0.175       429.46          1873.89        2632.34         3493.86         4676.92  
    0.181       428.62          1873.91        2638.79         3502.09         4630.55  
    0.188       432.89          1874.80        2629.25         3510.78         4596.03  
    0.194       433.96          1874.71        2641.23         3504.07         4602.38  
    0.200       435.01          1881.36        2653.56         3506.88         4681.19  
    0.206       435.82          1885.26        2648.48         3500.07         4590.57  
    0.213       436.78          1884.62        2653.35         3491.90         4537.86  
    0.219       439.05          1883.20        2636.81         3490.31         4565.71  
    0.225       439.29          1882.24        2602.57         3489.16         4512.70  
    0.231       435.94          1869.89        2601.75         3480.10         4515.63  
    0.238       433.52          1856.64        2600.47         3476.68         4486.65  
    0.244       433.85          1865.65        2588.47         3479.12         4608.82  
    0.250       437.60          1864.69        2565.41         3491.75         4425.36  
    0.256       438.40          1850.95        2560.18         3506.99         4308.67  
    0.263       438.00          1860.14        2583.18         3517.00         4364.64  
    0.269       438.72          1863.52        2578.53         3523.57         4513.04  
    0.275       439.17          1856.66        2560.84         3523.92         4169.17  
    0.281       439.35          1858.46        2560.10         3515.41         3846.89  
    0.288       440.03          1872.98        2588.02         3518.05         4233.83  
    0.294       437.14          1869.01        2602.76         3519.74         4358.75  
    0.300       440.79          1871.30        2601.26         3524.19         4305.53  
    0.306       440.95          1864.81        2616.70         3532.28         4319.87  
    0.312       441.21          1863.00        2651.14         3536.17         4404.30  
    0.319       440.59          1858.98        2673.47         3537.05         4436.54  
    0.325       437.90          1864.66        2646.96         3532.20         4458.25  
    0.331       432.96          1864.68        2538.38         3533.38         4610.68  
    0.338       430.36          1853.98        2539.91         3498.05         4687.49  
    0.344       428.63          1862.73        2568.55         3443.15         4795.92  
    0.350       425.92          1903.55        2602.19         3444.79         5482.66  
    0.356       415.32          1900.25        2603.75         3451.63         5500.00  
    0.363       409.58          1900.23        2602.97         3457.19         5500.00  
    0.369       416.96          1894.14        2653.59         3477.58         5500.00  
    0.375       403.61          1879.83        2672.74         3478.73         5500.00  
    0.381       391.03          1869.74        2667.98         3499.95         5086.81  
    0.388       384.71          1870.79        2667.18         3531.05         5028.03  
    0.394       380.04          1904.60        2693.53         3839.23         4806.53  
    0.400       342.43          2125.44        2740.70         3984.74         4761.89  
    0.406       8.44          52.67        2541.14         2825.34         3854.83  
    0.413       0          1849.78        2624.20         3573.20         4639.14  
    0.419       0          46.88        2599.47         3561.71         4504.61  
    0.425       577.99          2423.23        3551.37         4323.68         4663.15  
    0.431       1590.98          2180.83        3512.68         4247.30         4601.93  
    0.438       2015.97          2550.65        3499.89         4488.24         5477.76  
    0.444       1358.89          2533.62        3499.21         4513.71         5500.00  
    0.450       33.17          62.61        2605.43         3489.45         4180.77  
    0.456       0          0        2646.71         3485.53         4022.18  
    0.463       0          0        2612.44         3557.46         4517.28  
    0.469       1411.84          2632.34        3517.89         4378.69         4841.57  
    0.475       1361.27          2695.31        3562.13         4484.63         4772.96  
    0.481       1365.89          2701.66        3604.19         4475.03         5031.31  
    0.488       1605.36          2722.30        3581.73         4371.41         5023.87  
    0.494       1664.01          2718.30        3539.68         4305.76         4981.37  
    0.500       1699.53          2700.34        3543.67         4449.15         5487.15  
    0.506       1565.27          2685.59        3571.58         4455.11         5263.33  
    0.513       1531.12          2719.93        3580.00         4391.20         5092.65  
    0.519       1382.52          2740.85        3595.21         4464.14         5098.49  
    0.525       1654.56          2798.50        3573.72         4369.59         4859.98  
    0.531       1720.70          2893.72        3528.14         4216.00         4940.11  
    0.537       1557.96          2870.81        3533.10         4247.66         5018.43  
    0.544       1430.07          2802.37        3547.99         4386.76         5034.81  
    0.550       1684.29          2839.21        3620.37         4713.01         4954.24  
    0.556       1697.61          2815.71        3608.35         4661.98         4842.68  
    0.562       1645.36          2796.45        3631.17         4773.46         4870.54  
    0.569       1481.16          2802.28        3621.53         4200.19         5048.86  
    0.575       1374.33          2760.63        3611.51         4365.62         4991.98  
    0.581       1571.19          2702.20        3632.40         4457.87         4821.72  
    0.588       1661.66          2760.52        3646.60         4115.62         4952.87  
    0.594       1678.55          2747.04        3576.10         4039.36         4971.47  
    