0.025       2266.72          2508.14        3242.14         4374.59         5198.30  
    0.031       2255.28          2469.63        3169.70         4325.08         5045.77  
    0.038       2221.41          2521.24        3181.75         4272.52         4948.20  
    0.044       2252.51          2564.86        3219.36         4297.89         4916.22  
    0.050       2248.07          2578.49        3256.50         4242.06         5016.04  
    0.056       2225.42          2567.16        3293.33         4185.01         5069.83  
    0.062       2228.50          2557.54        3261.59         4138.03         5015.17  
    0.069       2159.49          2534.59        3382.01         4122.73         5069.58  
    0.075       2262.51          2522.17        3496.15         4258.31         5421.63  
    0.081       2347.84          2542.39        3509.99         4329.33         4953.23  
    0.088       2390.42          2524.52        3346.43         4266.48         5372.48  
    0.094       453.35          2369.62        2820.78         3440.45         4530.00  
    0.100       0          441.54        2384.11         3153.86         4130.03  
    0.106       0          299.57        2299.82         3225.41         4149.00  
    0.113       0          393.33        2277.91         3254.49         4166.94  
    0.119       0          442.34        2234.77         3113.69         4135.55  
    0.125       0          477.25        2259.43         3071.26         4108.69  
    0.131       0          488.90        2324.49         3117.29         4199.66  
    0.138       0          489.04        2365.83         2968.94         4182.76  
    0.144       0          483.69        2301.05         2801.33         4152.45  
    0.150       0          477.83        2099.25         2883.05         4143.48  
    0.156       0          468.26        2130.16         2839.31         4180.63  
    0.163       0          454.67        1935.71         2664.21         4183.16  
    0.169       0          442.99        1686.30         2652.63         4169.18  
    0.175       343.33          1410.99        2540.41         3922.42         5247.77  
    0.181       80.07          656.97        1804.91         3073.61         4481.80  
    0.188       0          455.11        1599.62         2840.77         4247.24  
    0.194       374.46          1402.26        2599.74         3931.40         4711.18  
    0.200       463.41          1598.42        2836.64         3619.66         4366.38  
    0.206       515.10          1621.28        2894.99         3455.93         4266.57  
    0.213       587.14          1640.01        2912.40         3370.90         4302.69  
    0.219       639.19          1600.49        2886.70         3719.72         4288.56  
    0.225       637.45          1617.42        2803.26         3967.71         4268.52  
    0.231       627.28          1635.20        2774.88         4115.33         4261.47  
    0.238       618.46          1596.33        2800.85         4218.03         4260.77  
    0.244       608.21          1576.57        2818.38         4211.10         4421.02  
    0.250       607.04          1577.11        2810.89         4148.63         4455.22  
    0.256       608.02          1585.26        2795.91         4183.85         4512.77  
    0.263       607.32          1583.63        2763.14         4184.57         4607.42  
    0.269       601.38          1572.95        2778.29         4184.81         4451.03  
    0.275       597.41          1566.71        2821.88         4123.97         4441.57  
    0.281       593.16          1564.82        2838.03         4080.86         4438.60  
    0.288       586.02          1572.19        2798.87         3912.93         4385.62  
    0.294       576.77          1586.40        2616.81         3754.99         4400.64  
    0.300       543.70          1591.84        2588.44         3749.31         4412.38  
    0.306       519.18          1586.65        2804.37         3741.58         4392.42  
    0.312       508.45          1585.07        2999.74         3870.70         4348.38  
    0.319       505.27          1594.14        2835.35         3887.56         4367.26  
    0.325       517.07          1606.89        2655.74         3762.23         4376.78  
    0.331       525.64          1615.03        2693.66         3633.12         4384.65  
    0.338       471.60          1627.84        2899.03         3775.03         4394.16  
    0.344       452.94          1666.49        3014.17         3925.45         4386.45  
    0.350       444.17          1713.77        3043.85         3962.68         4413.55  
    0.356       441.52          1756.90        3061.54         3941.64         4485.97  
    0.363       83.46          724.63        2625.34         3488.00         4314.44  
    0.369       386.52          2311.46        3352.13         4168.90         5267.55  
    0.375       489.99          2733.78        3550.52         3899.31         4947.81  
    0.381       488.61          2732.99        3442.99         4046.02         4720.83  
    0.388       291.72          2708.89        3400.57         3881.42         4675.83  
    0.394       46.53          511.23        2726.30         3485.16         4248.64  
    0.400       0          0        2652.78         3360.45         4287.45  
    0.406       369.80          2221.28        3114.20         3934.89         4735.87  
    0.413       86.24          2775.52        3149.51         4232.80         5373.86  
    0.419       0          526.49        2805.84         3509.43         4542.74  
    0.425       0          2219.47        3081.59         3404.96         4386.29  
    0.431       0          2693.84        3220.71         3489.31         4374.19  
    0.438       0          2712.39        2917.26         3497.55         4405.27  
    