0.025       0          1924.06        2870.67         3855.21         4633.91  
    0.031       0          1902.77        2887.99         3855.22         4599.58  
    0.038       1449.04          2721.63        3673.23         4502.97         5364.75  
    0.044       1559.33          2872.71        3823.80         4575.02         5065.47  
    0.050       1661.02          2860.13        3803.32         4652.20         5423.80  
    0.056       251.16          2038.28        2973.07         3918.26         4784.81  
    0.062       0          1912.00        2813.32         3770.31         4614.20  
    0.069       0          1908.58        2826.98         3759.69         4632.33  
    0.075       0          1913.06        2838.29         3767.07         4679.34  
    0.081       0          285.59        2056.17         2997.13         3921.46  
    0.088       352.27          1646.31        2612.25         3639.45         4519.80  
    0.094       420.38          1906.15        2702.88         3693.85         4448.65  
    0.100       428.40          1891.16        2691.34         3630.99         4549.70  
    0.106       437.31          1874.52        2708.92         3425.46         4746.46  
    0.113       445.16          1872.34        2720.80         3384.81         4671.74  
    0.119       448.69          1875.28        2719.21         3387.47         4493.00  
    0.125       450.03          1869.91        2702.41         3371.14         4421.08  
    0.131       434.61          1882.29        2711.90         3393.39         4333.41  
    0.138       373.70          1896.10        2743.52         3466.37         4348.97  
    0.144       368.03          1910.23        2758.03         3457.24         4387.11  
    0.150       377.99          1918.13        2789.09         3416.13         4868.82  
    0.156       412.25          1920.76        2760.90         3349.30         5418.28  
    0.163       396.77          1919.10        2745.80         3332.89         5016.79  
    0.169       382.52          1927.08        2768.86         3348.17         5415.26  
    0.175       388.98          1930.89        2779.03         3350.09         5500.00  
    0.181       426.40          1923.63        2755.71         3315.31         5339.56  
    0.188       442.92          1918.80        2739.24         3332.31         4820.29  
    0.194       416.72          1927.49        2737.38         3433.06         4605.48  
    0.200       421.29          1967.50        2747.41         3470.11         4627.10  
    0.206       454.05          1972.69        2728.99         3498.01         4626.25  
    0.213       463.53          1942.85        2720.03         3577.73         4472.83  
    0.219       444.84          1953.54        2722.87         3640.94         4545.98  
    0.225       434.87          1987.25        2742.76         3699.23         4830.00  
    0.231       422.76          1993.95        2758.69         3787.45         4887.14  
    0.238       407.44          1987.65        2791.07         3826.95         4946.16  
    0.244       388.86          2106.40        2865.35         3950.96         5017.14  
    0.250       57.59          1494.65        2681.35         3847.53         4720.39  
    0.256       0          1741.00        2713.53         3765.16         4650.84  
    0.263       0          2194.83        2777.30         3808.19         4733.11  
    0.269       0          2310.48        2825.71         3848.69         4702.67  
    0.275       0          2180.38        2837.71         3872.60         4639.48  
    0.281       0          2345.74        2820.52         3841.38         4630.50  
    0.288       0          2527.87        2796.26         3900.34         4656.72  
    0.294       0          2465.00        3093.19         3883.62         4617.75  
    0.300       0          2360.46        3301.04         3893.91         4607.98  
    0.306       0          2258.04        2963.00         3893.01         4591.25  
    0.312       1355.35          2715.76        3733.26         4196.34         4903.25  
    0.319       1216.59          2863.52        3791.98         4475.17         4964.46  
    0.325       911.98          2904.98        3744.00         4618.94         4858.92  
    0.331       958.74          2913.08        3762.25         4502.90         4885.91  
    0.338       1265.70          2920.78        3800.41         4516.79         4997.60  
    0.344       1326.84          2927.80        3828.56         4546.00         5065.79  
    0.350       1490.12          2854.23        3849.43         4635.85         5023.86  
    0.356       1491.40          2824.92        3832.60         4569.64         4874.74  
    0.363       1415.02          2884.87        3816.64         4459.23         4955.06  
    0.369       1555.51          2983.38        3775.80         4480.92         4888.52  
    0.375       1665.95          2911.74        3755.60         4332.59         4977.07  
    0.381       1720.36          2862.50        3742.68         4356.67         5028.09  
    0.388       1597.33          2829.89        3735.47         4488.18         4954.68  
    0.394       1338.55          2837.21        3757.53         4335.52         5041.60  
    0.400       1452.63          2855.98        3774.68         4218.09         5121.68  
    0.406       1544.97          2894.82        3788.74         4219.73         5069.80  
    0.413       1631.78          2899.63        3762.28         4305.37         5062.09  
    0.419       1695.79          2878.31        3742.11         4334.65         5048.17  
    0.425       1662.09          2857.97        3727.65         4358.28         4949.18  
    0.431       1636.92          2845.01        3674.97         4325.76         4898.16  
    0.438       1605.53          2878.72        3656.96         4304.39         4903.09  
    0.444       1744.42          2932.30        3695.97         4379.55         4892.09  
    0.450       1817.46          2921.46        3676.01         4344.75         5015.10  
    0.456       1725.42          2859.94        3667.19         4209.04         4972.69  
    0.463       1597.60          2894.39        3702.85         4146.66         4938.34  
    0.469       1639.67          2886.90        3713.05         4358.12         4921.52  
    0.475       1733.28          2894.35        3726.15         4503.11         5024.07  
    0.481       1746.47          2898.89        3735.80         4468.87         5005.66  
    0.488       1693.54          2888.64        3685.32         4460.26         4972.20  
    