0.025       953.90          2160.85        3655.58         4189.56         5059.34  
    0.031       748.99          2123.63        3523.00         4170.00         4992.93  
    0.038       539.87          2063.42        3390.53         4171.29         4934.04  
    0.044       188.26          1713.49        2976.21         4042.78         4879.44  
    0.050       650.09          2061.36        3485.46         4133.72         4918.45  
    0.056       1225.42          2385.37        3643.13         4088.78         4939.33  
    0.062       512.16          1998.69        3045.83         4039.02         4984.86  
    0.069       0          1852.68        2850.23         4108.28         4982.77  
    0.075       0          1972.94        2905.24         4130.05         4855.64  
    0.081       0          2151.90        2568.59         4053.24         4695.14  
    0.088       477.85          2259.67        3014.82         4218.31         5026.89  
    0.094       752.23          2192.24        3467.08         4323.25         5116.34  
    0.100       1032.39          2128.68        3717.58         4347.19         5001.16  
    0.106       1364.93          2362.47        3889.83         4534.29         5303.75  
    0.113       1250.02          2401.50        3751.84         4559.01         5158.61  
    0.119       935.05          2230.23        3614.65         4380.49         5009.21  
    0.125       832.64          2141.93        3508.45         4273.12         5052.61  
    0.131       836.26          2123.64        3397.84         4253.56         5050.33  
    0.138       818.18          2097.25        3400.47         4244.37         5046.19  
    0.144       311.22          2056.95        3358.70         4135.88         4943.50  
    0.150       0          2010.29        2986.98         4024.39         4818.07  
    0.156       0          2107.19        2593.72         4029.91         4854.95  
    0.163       0          1956.63        2508.58         3914.20         4737.56  
    0.169       0          1621.71        2605.98         3906.41         4673.43  
    0.175       837.95          2119.41        3198.71         4008.93         4762.07  
    0.181       1210.38          2292.19        3447.29         4099.81         4861.30  
    0.188       974.30          2073.75        3251.54         4056.19         4916.31  
    0.194       340.94          777.78        2454.91         3086.08         4385.77  
    0.200       685.89          1246.83        2434.58         3452.47         4582.70  
    0.206       612.19          2013.98        2787.96         4034.28         4885.03  
    0.213       352.34          2034.43        2865.27         4045.85         4905.50  
    0.219       383.71          2018.35        2704.94         3951.29         5005.75  
    0.225       404.97          1993.27        2647.65         3886.81         5327.76  
    0.231       411.55          2006.42        2687.06         3911.56         5500.00  
    0.238       393.71          2058.22        2695.18         3934.71         5500.00  
    0.244       390.39          2093.38        2734.55         3950.21         5500.00  
    0.250       396.86          2117.40        2736.22         3934.85         5500.00  
    0.256       396.30          2131.88        2760.01         3924.51         5500.00  
    0.263       389.60          2130.01        2793.19         3941.03         5500.00  
    0.269       388.16          2129.98        2803.63         3917.60         5500.00  
    0.275       388.05          2143.64        2865.83         3901.95         5500.00  
    0.281       383.69          2157.23        2895.33         3924.42         5500.00  
    0.288       382.16          2164.39        2862.27         3939.72         5345.63  
    0.294       384.66          2168.33        2833.80         3952.39         5403.44  
    0.300       388.44          2164.62        2855.70         3944.78         5462.49  
    0.306       393.25          2157.49        2929.70         3933.06         5142.75  
    0.312       402.78          2152.66        2938.84         3938.91         4769.54  
    0.319       408.26          2145.91        2842.81         3924.79         4720.77  
    0.325       408.85          2135.48        2800.66         3916.52         4696.01  
    0.331       410.81          2138.25        2796.66         3899.59         4536.85  
    0.338       416.51          2137.48        2813.10         3913.72         4435.61  
    0.344       421.19          2118.81        2851.12         3937.70         4504.33  
    0.350       426.45          2118.72        2771.12         3935.06         4558.79  
    0.356       429.63          2107.08        2658.53         3919.58         4597.75  
    0.363       433.64          2071.97        2636.98         3904.56         4730.83  
    0.369       441.55          2040.04        2685.21         3929.09         4942.58  
    0.375       447.24          2011.46        2732.90         3961.17         4851.07  
    0.381       450.01          1985.27        2757.61         3997.71         4791.43  
    0.388       449.68          1970.63        2776.78         4026.70         5240.29  
    0.394       445.15          1946.87        2702.37         4011.30         5500.00  
    0.400       437.70          1942.35        2643.43         3985.19         5380.94  
    0.406       420.72          1959.72        2685.34         4008.35         5213.85  
    0.413       344.72          2028.87        2848.97         4081.02         5143.18  
    0.419       116.44          795.54        2449.76         3676.24         4512.96  
    0.425       197.71          1226.70        3049.78         4064.64         4731.28  
    0.431       123.67          767.31        2619.18         3765.23         4663.42  
    0.438       0          1172.98        2702.42         3940.76         4445.74  
    0.444       0          1879.33        3007.47         4082.12         4500.49  
    0.450       0          716.60        2336.02         3694.17         4519.70  
    0.456       426.00          1276.97        2953.79         4122.74         4992.32  
    0.463       667.05          2064.21        3544.97         4396.05         5068.00  
    0.469       250.57          791.55        2593.50         3855.64         4455.72  
    0.475       0          1167.58        2483.11         3784.38         4472.54  
    0.481       0          1752.69        2818.93         3959.09         4647.44  
    0.488       0          1779.37        3017.87         3929.99         4675.55  
    0.494       0          1882.30        3345.63         4176.50         4728.95  
    0.500       0          1893.46        3301.55         4321.03         4652.66  
    0.506       0          1920.37        3086.01         3969.62         4609.77  
    0.513       0          1956.26        2951.56         3834.04         4643.53  
    0.519       657.89          2122.87        3272.84         4271.01         5176.23  
    0.525       969.33          2236.98        3510.60         4482.49         5300.02  
    0.531       930.45          2395.79        3741.17         4373.58         4885.11  
    0.537       917.98          2288.66        3658.30         4536.32         4735.04  
    0.544       899.57          2078.97        3436.36         4384.34         4758.32  
    0.550       345.84          2014.64        2547.25         4041.25         4666.46  
    0.556       0          2002.59        2462.17         4034.69         4643.70  
    0.562       362.24          2139.84        3210.20         4258.89         4790.80  
    0.569       544.61          2258.32        3548.79         4343.72         4894.88  
    