0.025       2014.99          2705.33        3769.81         4820.33         4917.21  
    0.031       1994.90          2673.71        3754.45         4386.86         4952.37  
    0.038       2005.10          2638.98        3772.48         4229.35         4954.94  
    0.044       1995.31          2624.54        3764.30         4497.88         5422.30  
    0.050       1966.89          2578.50        3740.72         4477.88         5500.00  
    0.056       1994.54          2688.79        3820.01         4517.77         5500.00  
    0.062       2007.18          2638.20        3762.49         4502.15         5159.56  
    0.069       1949.66          2528.49        3758.99         4429.94         5089.53  
    0.075       2068.10          2678.05        3852.29         4266.47         4949.86  
    0.081       2068.34          2820.25        3900.11         4714.12         5418.41  
    0.088       294.04          2120.41        2951.65         4087.43         5011.13  
    0.094       0          1987.50        2542.84         3987.08         4948.10  
    0.100       116.65          2042.67        2985.42         4075.76         5059.75  
    0.106       325.09          1981.75        2553.61         4359.62         4977.86  
    0.113       363.16          1949.89        2454.98         4447.73         4956.86  
    0.119       361.10          1967.86        2447.99         4400.17         4807.44  
    0.125       359.85          1978.86        2447.83         4395.35         4711.13  
    0.131       364.33          1963.21        2450.56         4383.73         4752.00  
    0.138       364.14          1951.65        2436.34         4406.70         4725.80  
    0.144       363.12          1944.92        2422.27         4405.80         4725.86  
    0.150       360.22          1962.69        2417.59         4396.53         4729.17  
    0.156       352.27          2004.44        2444.97         4392.42         4752.95  
    0.163       340.53          2039.90        2480.94         4397.57         4826.23  
    0.169       336.54          2057.02        2559.73         4407.68         4839.55  
    0.175       345.86          2059.88        2568.09         4398.41         4765.61  
    0.181       345.66          2062.38        2598.18         4401.73         4868.96  
    0.188       349.51          2057.47        2597.72         4398.48         4915.85  
    0.194       352.15          2066.00        2648.11         4405.33         4943.65  
    0.200       362.71          2077.99        2784.43         4412.81         4983.23  
    0.206       368.21          2074.51        2787.30         4426.85         5081.21  
    0.213       367.34          2058.41        2755.24         4439.46         5025.77  
    0.219       364.81          2048.08        2781.84         4432.90         4897.78  
    0.225       366.50          2044.26        2784.15         4424.64         4910.41  
    0.231       353.09          2045.61        2835.10         4416.00         5025.58  
    0.238       328.87          2052.30        2821.99         4403.50         4986.28  
    0.244       314.97          2062.72        2806.06         4387.39         4906.56  
    0.250       239.02          2081.55        2863.53         4374.80         4981.62  
    0.256       32.28          296.83        2194.39         3023.55         4446.33  
    0.263       0          0        2076.49         2784.68         4346.23  
    0.269       0          0        2014.12         2753.29         4309.20  
    0.275       0          0        1970.53         2782.15         4313.17  
    0.281       165.87          1679.79        2687.67         4097.02         4738.07  
    0.288       283.95          1972.61        2833.49         4244.98         4628.11  
    0.294       340.52          2001.46        2812.48         4209.63         4564.55  
    0.300       343.52          1991.05        2859.17         4235.71         4614.71  
    0.306       351.16          1973.05        3052.49         4231.39         4735.24  
    0.312       351.62          1966.77        2902.06         4227.96         4962.27  
    0.319       351.51          1973.98        2906.77         4236.34         5155.55  
    0.325       278.35          2028.58        3167.86         4277.91         5222.68  
    0.331       37.91          2029.17        3352.69         4336.78         5461.47  
    0.338       0          2018.41        2848.84         4019.77         4867.27  
    0.344       0          2118.92        2766.74         3970.82         4630.72  
    0.350       0          2326.39        2779.42         3934.54         4642.36  
    0.356       0          2065.75        2883.92         3943.78         4694.25  
    0.363       0          1973.18        2961.12         3944.17         4700.92  
    0.369       1684.23          2897.15        3619.41         4489.13         5386.18  
    0.375       279.67          2241.61        3449.75         3874.40         4704.45  
    0.381       0          2227.24        3353.84         3862.02         4571.37  
    0.388       0          2187.61        3336.28         3840.71         4600.36  
    0.394       0          1982.75        3382.74         3888.68         4673.16  
    0.400       0          1944.33        3269.67         3924.69         4641.91  
    0.406       0          1931.39        3231.62         3897.73         4638.15  
    0.413       0          1879.15        2860.04         3854.08         4649.30  
    0.419       0          1875.23        2796.89         3862.08         4578.98  
    0.425       1607.10          2618.40        3743.61         4427.42         5367.14  
    