0.025       0          0        2106.61         4085.40         4406.06  
    0.031       0          1470.15        2917.61         4099.77         4715.25  
    0.038       0          1481.58        2788.94         4049.09         4797.37  
    0.044       748.97          2123.76        3660.08         4583.07         5004.01  
    0.050       1118.04          2333.10        3989.21         4506.75         4979.04  
    0.056       1177.95          2386.51        4029.61         4781.70         5033.02  
    0.062       293.83          2181.88        3244.63         4304.02         4882.42  
    0.069       0          2096.64        3262.57         4094.80         4789.85  
    0.075       381.64          2188.44        3865.42         4538.11         5321.08  
    0.081       707.79          2280.91        3992.24         4506.45         5344.88  
    0.088       633.38          2195.46        3881.90         4533.82         5136.36  
    0.094       1027.94          2115.68        3881.59         4525.17         5091.53  
    0.100       1349.76          2313.58        3966.82         4617.38         5399.25  
    0.106       1310.90          2416.15        3918.74         4657.62         5217.06  
    0.113       317.26          602.03        2473.22         4092.13         4575.47  
    0.119       633.69          1603.04        3431.39         4239.73         4905.30  
    0.125       803.49          2131.66        3878.78         4292.11         5067.61  
    0.131       196.11          2060.16        3854.83         4175.13         5002.86  
    0.138       0          2031.33        3620.54         4067.54         4789.00  
    0.144       0          2022.81        3531.65         4005.47         4737.87  
    0.150       0          2090.28        3480.46         4023.85         4831.55  
    0.156       0          2161.44        3755.02         4485.45         5341.50  
    0.163       1068.22          2396.87        3878.18         4654.14         5208.17  
    0.169       1366.29          2362.07        3939.75         4572.45         4897.37  
    0.175       1192.29          2151.14        3903.70         4393.01         4922.04  
    0.181       910.75          2050.41        3873.34         4357.18         4927.95  
    0.188       207.10          2031.00        2724.72         4051.80         4811.87  
    0.194       0          1793.13        2116.82         3982.43         4813.12  
    0.200       0          1955.55        2386.93         3970.43         4778.14  
    0.206       0          504.79        2180.64         3958.45         4462.44  
    0.213       256.13          1553.41        2535.93         3958.10         4889.17  
    0.219       373.60          2054.84        2670.38         3937.57         5196.91  
    0.225       388.51          2073.42        2683.58         3941.36         5338.40  
    0.231       376.69          2120.67        2731.11         3941.61         5333.13  
    0.238       375.02          2138.46        2770.32         3934.14         5136.13  
    0.244       380.54          2149.61        2800.13         3917.53         5226.68  
    0.250       378.11          2149.83        2829.24         3905.38         5260.09  
    0.256       353.43          2146.13        2871.91         3925.77         5208.94  
    0.263       354.57          2147.78        2942.65         3903.27         5424.06  
    0.269       359.34          2155.52        3016.22         3895.80         5323.78  
    0.275       352.99          2168.05        3001.36         3917.66         5164.72  
    0.281       355.92          2179.94        2971.86         3930.58         5094.04  
    0.288       361.23          2183.05        2925.81         3946.05         5104.06  
    0.294       368.13          2175.54        2926.17         3934.17         5019.11  
    0.300       373.96          2167.92        2980.98         3917.74         4848.90  
    0.306       387.33          2161.36        2954.54         3923.46         4703.45  
    0.312       389.10          2157.65        2895.00         3906.85         4707.33  
    0.319       394.83          2151.18        2914.35         3902.98         4695.74  
    0.325       403.96          2154.66        2900.94         3887.43         4554.70  
    0.331       411.14          2145.60        2861.54         3900.43         4489.42  
    0.338       415.15          2121.79        2921.68         3932.99         4607.05  
    0.344       420.04          2123.64        2766.28         3926.70         4598.09  
    0.350       421.20          2109.56        2625.14         3917.64         4610.62  
    0.356       424.84          2078.05        2625.90         3907.03         4763.51  
    0.363       432.52          2043.26        2668.87         3931.71         4866.93  
    0.369       436.10          2018.33        2712.24         3952.51         4717.27  
    0.375       437.36          2007.04        2730.26         3992.63         4745.96  
    0.381       434.21          1974.61        2697.70         4022.98         5070.70  
    0.388       430.26          1956.76        2661.80         4002.05         5110.07  
    0.394       427.03          1985.02        2668.92         3982.45         5164.32  
    0.400       417.44          2031.81        2955.30         4004.69         5182.96  
    0.406       347.85          2110.91        3414.56         4047.89         5172.12  
    0.413       80.84          1168.17        2498.86         3903.90         4958.86  
    0.419       0          210.82        2070.83         3815.30         4703.86  
    0.425       0          0        2036.83         3832.21         4535.52  
    0.431       0          1512.87        3143.98         3923.14         4540.77  
    0.438       0          2023.56        3537.63         3921.26         4535.83  
    0.444       0          1987.32        3677.17         4295.70         4542.57  
    0.450       0          489.72        2405.05         3881.31         4521.41  
    0.456       0          0        1999.54         3723.60         4462.72  
    0.463       0          1497.66        3304.71         4233.84         4851.51  
    0.469       0          2030.13        3778.59         3966.30         4742.97  
    0.475       0          1939.43        3641.44         3898.95         4660.34  
    0.481       0          1903.86        3651.09         3932.74         4702.80  
    0.488       0          1899.82        3702.99         4062.16         4707.14  
    0.494       0          1900.59        3652.54         4252.44         4642.21  
    0.500       0          1942.78        3661.93         4048.13         4626.32  
    0.506       0          1997.15        3768.81         3963.63         4661.78  
    0.513       816.14          2176.20        3826.89         4391.45         5066.44  
    0.519       984.67          2266.39        3774.20         4487.20         5161.17  
    0.525       902.40          2330.48        3806.04         4576.26         5007.49  
    0.531       817.57          2165.36        3756.86         4610.06         4963.36  
    0.537       197.20          2000.06        3767.27         4424.31         4770.16  
    0.544       0          1947.81        3878.85         4532.94         5303.06  
    0.550       0          481.76        2487.93         4048.91         4787.37  
    0.556       0          0        2146.06         3846.14         4478.51  
    0.562       0          0        2230.94         3870.46         4472.04  
    