0.025       0          2347.08        2786.11         3671.09         4618.76  
    0.031       0          2314.23        2759.28         3609.31         4631.41  
    0.038       0          2395.99        2766.53         3547.07         4789.43  
    0.044       0          2444.23        2763.16         3666.91         4850.25  
    0.050       0          2522.19        2743.25         3640.91         4660.62  
    0.056       0          2424.84        2726.86         3598.37         4685.90  
    0.062       1975.27          2611.16        3493.27         4697.11         5353.33  
    0.069       444.44          2565.58        2845.71         3856.00         4988.61  
    0.075       0          2501.64        2681.15         3660.89         4879.85  
    0.081       0          2539.54        2655.60         3619.01         4868.61  
    0.088       0          2481.15        2746.42         3556.38         4746.23  
    0.094       0          2449.38        2779.05         3623.97         4647.32  
    0.100       0          2365.75        2759.71         3720.57         4643.14  
    0.106       0          2255.81        2748.86         3686.65         4673.72  
    0.113       0          2243.49        2702.41         3699.36         4662.73  
    0.119       738.28          2549.14        2989.67         4056.04         4765.60  
    0.125       802.55          2678.73        2767.58         3921.78         4914.19  
    0.131       565.21          2309.97        2767.45         3835.08         5034.07  
    0.138       444.99          2419.07        2742.29         3681.86         5132.80  
    0.144       78.76          452.39        2057.38         3008.38         3927.89  
    0.150       0          0        1845.19         2869.58         3636.78  
    0.156       311.67          1540.94        2638.93         3472.15         4972.72  
    0.163       395.25          1863.44        2763.28         3412.44         4742.29  
    0.169       418.39          1848.60        2735.53         3367.51         4503.40  
    0.175       433.48          1842.52        2734.64         3442.42         4522.37  
    0.181       431.67          1845.34        2725.36         3536.86         4552.47  
    0.188       424.97          1852.03        2725.87         3622.32         4499.38  
    0.194       419.00          1871.14        2791.24         3544.22         4397.22  
    0.200       410.79          1869.28        2797.01         3359.98         4357.24  
    0.206       408.59          1863.63        2734.69         3273.58         4326.93  
    0.213       406.98          1860.72        2642.91         3231.98         4275.23  
    0.219       409.92          1859.06        2624.15         3219.74         4267.17  
    0.225       403.91          1857.89        2617.71         3229.54         4282.56  
    0.231       402.67          1861.50        2647.90         3242.66         4290.81  
    0.238       398.23          1859.29        2687.66         3232.75         4305.73  
    0.244       395.77          1856.65        2633.12         3215.19         4296.12  
    0.250       397.24          1853.00        2614.50         3206.33         4305.57  
    0.256       399.00          1850.04        2602.40         3193.70         4300.40  
    0.263       401.87          1856.68        2600.89         3177.12         4282.33  
    0.269       404.53          1857.99        2631.28         3178.32         4277.88  
    0.275       408.95          1846.13        2649.79         3183.23         4285.43  
    0.281       413.52          1842.06        2618.50         3181.16         4273.44  
    0.288       417.28          1844.14        2607.30         3171.29         4262.57  
    0.294       419.14          1849.87        2588.03         3162.96         4258.30  
    0.300       418.29          1858.56        2536.94         3162.17         4247.12  
    0.306       417.74          1854.34        2477.43         3164.63         4247.58  
    0.312       417.96          1843.25        2543.32         3146.18         4222.39  
    0.319       418.36          1835.56        2505.90         3159.35         4200.73  
    0.325       420.12          1830.53        2461.36         3174.24         4225.48  
    0.331       422.97          1818.99        2492.53         3180.68         4230.36  
    0.338       423.55          1806.69        2507.81         3185.00         4224.46  
    0.344       422.83          1810.46        2489.07         3186.47         4225.28  
    0.350       424.00          1819.51        2468.77         3192.42         4249.61  
    0.356       427.38          1826.62        2501.64         3185.05         4263.84  
    0.363       432.13          1821.42        2707.40         3198.64         4259.78  
    0.369       433.73          1818.69        2691.37         3217.73         4251.15  
    0.375       428.23          1829.23        2408.35         3217.08         4237.43  
    0.381       417.59          1826.56        2278.39         3225.49         4223.59  
    0.388       386.27          1827.48        2285.66         3246.99         4258.27  
    0.394       373.11          1821.40        2311.32         3261.07         4324.66  
    0.400       387.48          1827.45        2313.01         3276.46         4304.86  
    0.406       377.78          1837.27        2285.23         3284.54         4239.98  
    0.413       363.39          1817.01        2288.29         3295.47         4206.53  
    0.419       358.51          1829.67        2319.18         3304.63         4177.34  
    0.425       356.16          1843.26        2334.58         3307.04         4195.84  
    0.431       341.46          1858.67        2488.33         3314.37         4274.21  
    0.438       313.11          1886.63        2689.72         3502.53         4797.03  
    0.444       302.54          2034.73        2726.19         3862.38         4901.69  
    0.450       55.37          379.61        2507.03         2951.76         3958.68  
    0.456       0          1726.05        2619.41         3220.85         4528.82  
    0.463       0          2238.83        2659.25         3276.81         4577.00  
    0.469       0          2570.10        2709.18         3629.75         4578.01  
    0.475       0          2589.39        2744.50         3540.20         4900.08  
    0.481       0          2418.05        2786.09         3495.46         4879.32  
    0.488       0          2456.81        2778.31         3548.29         4863.00  
    0.494       0          454.34        2707.17         3266.92         4162.67  
    0.500       0          0        2660.45         3222.29         3896.27  
    0.506       0          2196.30        2689.31         3371.27         4547.87  
    0.513       0          2538.07        2726.65         3424.87         4650.60  
    0.519       0          2634.92        2732.95         3425.02         4578.48  
    0.525       0          2686.62        2738.82         3459.18         4600.20  
    0.531       0          2612.21        2738.15         3566.08         4682.32  
    0.537       0          2585.88        2737.04         3526.23         4649.25  
    