0.025       1472.21          2625.98        3743.81         4371.65         5500.00  
    0.031       1655.86          2674.59        3737.65         4401.84         5500.00  
    0.038       1738.41          2647.36        3748.12         4343.89         5474.23  
    0.044       1684.18          2703.30        3738.36         4199.64         5279.03  
    0.050       1658.61          2665.65        3693.79         4204.44         5223.13  
    0.056       1639.31          2643.49        3657.40         4401.67         5415.67  
    0.062       1610.26          2729.70        3658.43         4445.17         5500.00  
    0.069       514.70          1996.80        3041.06         3911.15         4803.42  
    0.075       0          1619.71        2625.18         3669.32         4451.22  
    0.081       0          1666.73        2519.92         3668.97         4430.08  
    0.088       0          1691.96        2464.44         3668.58         4288.65  
    0.094       0          1668.21        2460.61         3648.28         4439.83  
    0.100       119.63          1726.43        2580.79         3690.94         4589.97  
    0.106       291.42          1729.50        2565.42         3683.20         4586.36  
    0.113       411.47          1729.80        2530.86         3657.92         4531.64  
    0.119       468.40          1728.76        2483.16         3672.42         4449.02  
    0.125       482.16          1714.61        2261.79         3604.86         4383.61  
    0.131       488.81          1714.06        2241.25         3523.18         4244.96  
    0.138       495.56          1686.28        2390.88         3494.64         4047.69  
    0.144       499.61          1652.33        2336.54         3488.55         4105.40  
    0.150       502.58          1620.45        2233.62         3510.40         4241.75  
    0.156       499.07          1607.15        2112.00         3536.92         4290.81  
    0.163       495.44          1615.60        2125.54         3538.81         4268.74  
    0.169       495.36          1610.75        2104.17         3489.38         4335.78  
    0.175       505.87          1599.26        2162.18         3491.53         4306.56  
    0.181       505.12          1592.88        2188.02         3495.50         4220.73  
    0.188       495.36          1584.28        2134.09         3468.26         4241.40  
    0.194       487.97          1592.60        2111.08         3474.83         4295.15  
    0.200       482.95          1606.94        2088.34         3510.02         4402.79  
    0.206       474.04          1591.77        2251.57         3452.71         4405.64  
    0.213       465.05          1593.30        2260.02         3444.02         4431.45  
    0.219       470.55          1583.85        2088.56         3460.59         4488.32  
    0.225       477.09          1599.17        1998.92         3490.17         4406.02  
    0.231       476.61          1601.85        2251.89         3521.90         4503.53  
    0.238       471.84          1616.64        2422.78         3533.94         5201.61  
    0.244       467.01          1638.12        2466.07         3551.48         5500.00  
    0.250       465.77          1626.31        2440.42         3584.30         4786.09  
    0.256       464.37          1596.61        2443.21         3622.32         4398.57  
    0.263       457.95          1585.92        2482.00         3695.63         4329.93  
    0.269       444.79          1619.90        2450.20         3634.71         4265.59  
    0.275       430.57          1635.78        2373.48         3658.83         4311.34  
    0.281       415.97          1630.69        2445.10         3741.94         4513.40  
    0.288       375.49          1626.12        2765.66         3816.28         4731.95  
    0.294       213.17          1690.01        3445.80         4009.15         4827.35  
    0.300       46.38          1721.42        2908.77         3872.61         4715.34  
    0.306       0          1758.61        2518.95         3797.23         4602.66  
    0.312       0          1926.94        3381.80         4378.24         5203.42  
    0.319       0          642.58        2469.55         4038.20         4765.19  
    0.325       0          0        2158.80         3775.86         4342.88  
    0.331       0          0        2440.61         3843.55         4230.34  
    0.338       0          0        2497.66         3831.21         4126.72  
    0.344       362.11          1915.90        3371.82         4067.31         4710.47  
    0.350       171.61          908.00        3211.56         3824.26         4422.26  
    0.356       0          1249.67        3381.97         3923.19         4609.85  
    0.363       0          592.26        3118.00         3841.92         4465.18  
    0.369       353.90          1968.25        3458.03         4167.21         4717.76  
    0.375       562.68          2947.39        3725.17         4286.50         4957.97  
    0.381       287.91          2924.74        3721.59         4213.56         4981.57  
    0.388       343.86          3206.16        3698.46         4256.98         5004.01  
    