0.025       0          1995.83        2892.53         4000.53         4828.02  
    0.031       1892.53          2918.03        4148.46         4903.86         5489.18  
    0.038       1814.09          2888.67        3135.59         4488.09         4977.41  
    0.044       1890.18          2886.06        3568.98         4918.98         5377.35  
    0.050       1692.61          2876.68        3669.10         4938.32         5030.28  
    0.056       1593.42          2850.54        3695.99         4913.30         5492.34  
    0.062       1626.14          2865.23        3437.02         4945.50         5500.00  
    0.069       1345.96          2854.76        3550.53         4891.37         5500.00  
    0.075       21.60          1948.80        2930.74         3707.66         4828.58  
    0.081       0          1877.52        2856.14         3725.65         4821.61  
    0.088       0          1782.13        2858.60         3696.38         4831.53  
    0.094       0          1978.38        2846.11         3679.17         4803.76  
    0.100       0          2036.44        2856.45         3666.36         4786.43  
    0.106       0          1941.38        2914.43         3629.31         4806.99  
    0.113       0          1959.00        2860.35         3642.39         4804.77  
    0.119       0          1928.43        2823.17         3635.90         4806.09  
    0.125       0          1886.90        2847.11         3581.93         4762.81  
    0.131       0          1910.34        2852.54         3587.75         4756.99  
    0.138       65.15          1993.36        2930.74         4134.67         4870.08  
    0.144       307.14          1821.11        2909.96         4081.75         4977.20  
    0.150       370.31          1780.49        2860.58         4580.74         4910.39  
    0.156       419.12          1799.16        2878.23         4797.14         4871.16  
    0.163       429.61          1811.93        2823.90         3496.02         4843.76  
    0.169       431.74          1798.64        2888.41         3704.61         4857.10  
    0.175       438.41          1794.95        2893.31         4788.50         4908.30  
    0.181       441.86          1800.97        2879.02         3490.99         4914.84  
    0.188       445.61          1802.79        2835.74         3460.52         4995.38  
    0.194       453.84          1835.01        2796.43         3152.58         4930.39  
    0.200       461.04          1873.25        2400.94         3394.43         5002.90  
    0.206       464.58          1842.69        2458.60         3482.13         5131.32  
    0.213       465.78          1800.58        2506.27         3453.26         5060.64  
    0.219       466.36          1773.47        2729.38         3304.74         4892.73  
    0.225       462.32          1777.68        2612.85         3435.94         4851.55  
    0.231       452.34          1803.82        2549.03         3542.82         5205.28  
    0.238       449.51          1835.61        2517.95         3442.94         5103.55  
    0.244       449.85          1794.43        2528.94         3509.75         4985.34  
    0.250       449.30          1779.58        2585.37         3544.26         5017.36  
    0.256       447.21          1776.97        2593.26         3494.61         4887.32  
    0.263       446.46          1791.52        2624.50         3519.83         4905.64  
    0.269       445.82          1780.10        2651.99         3638.44         4904.41  
    0.275       441.57          1782.52        2611.75         3655.36         4889.24  
    0.281       437.91          1790.87        2570.34         3511.87         4928.03  
    0.288       436.02          1776.84        2563.25         3490.47         4957.36  
    0.294       433.58          1778.97        2555.30         3542.15         4951.11  
    0.300       431.95          1794.12        2628.50         3593.37         4961.30  
    0.306       429.96          1800.52        2614.00         3481.38         4967.83  
    0.312       425.88          1788.71        2616.85         3498.45         4936.58  
    0.319       423.86          1776.31        2621.80         3534.59         5012.47  
    0.325       424.16          1783.20        2596.19         3517.63         5055.26  
    0.331       423.26          1806.23        2535.96         3523.54         4947.93  
    0.338       422.02          1811.88        2616.66         3535.71         4922.94  
    0.344       422.29          1793.89        2691.25         3679.04         4979.44  
    0.350       422.06          1764.82        2692.05         3556.95         4989.02  
    0.356       420.72          1717.06        2671.87         3493.78         5151.84  
    0.363       423.34          1731.57        2588.27         3491.22         5062.03  
    0.369       426.16          1751.95        2552.29         3429.26         5053.73  
    0.375       429.34          1778.63        2516.97         3358.03         5102.03  
    0.381       427.60          1738.05        2288.00         3267.55         5142.19  
    0.388       414.19          1686.34        2270.07         3257.83         5125.59  
    0.394       399.53          1677.89        2572.13         3232.35         5139.68  
    0.400       357.41          1716.15        2910.85         5463.48         5494.20  
    0.406       283.01          1758.27        2833.81         3896.42         4949.89  
    0.413       256.61          1830.22        2851.15         4505.45         4809.38  
    0.419       253.79          1874.02        3002.92         4636.90         4771.74  
    0.425       4.09          30.18        1796.52         3049.25         4718.97  
    0.431       0          1739.07        2955.36         4469.85         4803.38  
    0.438       0          1813.80        2917.21         4418.72         4811.28  
    0.444       0          1855.01        2901.14         4391.84         4826.27  
    0.450       0          1861.74        2940.47         4130.89         4799.27  
    0.456       0          1827.28        2986.64         3976.02         4834.40  
    0.463       0          1800.62        2932.50         3856.75         4829.58  
    0.469       0          1823.61        2898.00         3823.47         4837.48  
    0.475       0          1793.07        2914.80         3838.36         4746.00  
    0.481       0          1895.02        2904.22         3841.24         4691.40  
    