0.025       0          2374.61        2662.66         3503.71         4683.28  
    0.031       0          2326.06        2682.81         3498.18         4531.76  
    0.038       0          2161.88        2700.35         3472.83         4414.04  
    0.044       0          2057.28        2710.64         3470.01         4414.15  
    0.050       0          2008.46        2739.56         3475.88         4507.78  
    0.056       0          2018.21        2764.87         3509.06         4497.26  
    0.062       0          2092.38        2771.51         3516.15         4400.21  
    0.069       0          2208.34        2673.94         3507.03         4346.19  
    0.075       0          2134.59        2652.47         3539.37         4391.26  
    0.081       0          1977.04        2640.62         3530.97         4452.30  
    0.088       0          2004.44        2584.47         3540.38         4549.42  
    0.094       0          2100.29        2573.86         3579.71         4578.78  
    0.100       0          1980.99        2610.67         3606.44         4574.12  
    0.106       0          1887.99        2615.49         3576.08         4543.21  
    0.113       292.52          1954.38        2674.10         3750.94         4655.51  
    0.119       469.88          1783.57        2636.76         3735.62         4661.46  
    0.125       491.73          1629.10        2574.59         3545.57         4544.72  
    0.131       510.02          1671.33        2556.49         3576.53         5159.38  
    0.138       516.54          1715.95        2550.46         3648.26         5500.00  
    0.144       516.33          1711.84        2538.63         3697.77         5181.41  
    0.150       522.08          1680.35        2514.83         3825.37         5247.31  
    0.156       524.90          1675.21        2499.85         3909.52         5454.52  
    0.163       523.32          1666.88        2483.09         3878.24         4966.26  
    0.169       520.44          1654.83        2462.55         3787.78         4592.00  
    0.175       520.30          1652.33        2456.67         3762.06         4587.86  
    0.181       524.12          1666.67        2478.64         3816.74         4726.37  
    0.188       525.36          1690.43        2499.19         3926.75         4817.18  
    0.194       523.18          1696.04        2501.52         3923.61         4800.07  
    0.200       521.30          1683.22        2492.95         3796.53         4778.94  
    0.206       521.06          1666.41        2461.71         3814.24         4810.33  
    0.213       525.14          1660.12        2444.61         3831.77         4754.52  
    0.219       527.87          1662.07        2452.74         3735.05         4743.00  
    0.225       528.29          1666.48        2468.24         3660.07         4772.92  
    0.231       530.06          1669.41        2450.68         3666.59         4768.43  
    0.238       532.41          1674.79        2431.09         3722.73         4792.39  
    0.244       533.49          1668.03        2413.74         3687.28         4779.60  
    0.250       533.88          1650.70        2386.62         3635.28         4800.65  
    0.256       533.35          1655.09        2377.18         3739.65         4992.45  
    0.263       533.79          1666.79        2392.66         3841.32         5357.55  
    0.269       535.98          1669.63        2400.68         3815.98         5500.00  
    0.275       537.99          1677.25        2395.18         3789.80         5500.00  
    0.281       540.41          1682.37        2384.18         3806.30         5500.00  
    0.288       540.99          1680.31        2377.76         3805.76         5500.00  
    0.294       540.67          1677.60        2370.19         3757.31         5500.00  
    0.300       542.28          1678.74        2393.66         3754.90         5500.00  
    0.306       542.74          1676.15        2410.30         3759.84         5500.00  
    0.312       538.99          1672.29        2396.55         3743.01         5126.04  
    0.319       532.65          1674.26        2374.57         3783.34         5306.65  
    0.325       527.24          1681.41        2388.61         3686.76         5371.76  
    0.331       525.70          1685.07        2405.19         3614.75         5098.54  
    0.338       527.95          1693.67        2399.40         3651.04         4950.74  
    0.344       524.14          1679.59        2376.07         3707.49         4859.61  
    0.350       516.07          1662.37        2375.44         3713.14         4910.98  
    0.356       508.91          1652.63        2418.98         3696.39         4981.04  
    0.363       505.58          1647.18        2475.16         3654.60         4930.57  
    0.369       506.26          1649.25        2496.41         3672.01         4707.06  
    0.375       507.90          1652.02        2486.29         3637.87         4517.95  
    0.381       511.06          1652.67        2518.61         3655.47         5149.36  
    0.388       512.45          1647.41        2494.33         3724.35         4833.81  
    0.394       511.69          1642.83        2453.36         3755.10         4369.84  
    0.400       510.22          1636.78        2421.44         3677.64         4179.50  
    0.406       506.92          1631.75        2399.18         3647.82         4064.20  
    0.413       502.97          1633.17        2445.31         3709.30         4072.04  
    0.419       499.74          1624.14        2469.69         3659.68         4229.66  
    0.425       500.60          1621.16        2464.54         3649.09         4507.65  
    0.431       500.96          1640.12        2441.40         3659.05         5073.40  
    0.438       170.63          893.92        2342.66         2785.47         4237.10  
    0.444       0          500.98        1995.91         2404.30         3679.50  
    0.450       0          500.24        1803.23         2418.90         3733.74  
    0.456       0          500.19        1889.64         2399.62         3833.51  
    0.463       0          505.38        1867.23         2450.46         3747.66  
    0.469       329.34          1134.95        2232.31         3109.35         3866.56  
    0.475       494.30          1497.27        2465.01         3429.85         4397.86  
    0.481       478.05          1567.26        2465.63         3524.26         5201.38  
    0.488       160.55          860.63        1863.07         2867.88         4145.98  
    0.494       319.20          1191.95        2215.74         2970.13         4284.24  
    0.500       469.56          1663.52        2551.00         3333.95         4698.05  
    0.506       157.45          1271.58        2484.44         3243.07         4568.95  
    0.513       0          1056.21        2513.17         3187.22         4526.01  
    0.519       0          910.08        2555.00         3210.21         4533.96  
    0.525       0          865.88        2561.52         3226.28         4476.38  
    0.531       0          865.13        2610.27         3247.38         4430.12  
    0.537       456.38          2009.19        3051.79         4030.84         4510.30  
    0.544       715.93          2533.67        3210.18         4269.80         4923.56  
    0.550       732.26          2442.65        3212.99         4194.28         4993.32  
    0.556       752.27          2367.44        3194.00         4071.04         4811.62  
    0.562       827.46          2406.36        3191.66         4126.44         4846.23  
    0.569       862.62          2443.68        3201.18         4168.95         4994.72  
    0.575       939.77          2446.69        3149.14         4161.38         4990.26  
    0.581       976.64          2472.18        3115.33         4087.36         5316.50  
    