0.025       0          2318.86        2871.34         3943.89         4627.11  
    0.031       0          2386.52        2878.57         3879.47         4594.66  
    0.038       0          2474.14        3287.08         3840.45         4664.03  
    0.044       0          2034.97        2717.35         3952.67         4695.47  
    0.050       1895.24          2731.57        3859.68         4608.64         5462.85  
    0.056       1572.56          2826.84        3841.07         4585.92         5500.00  
    0.062       1976.75          2860.03        3974.21         4581.67         5500.00  
    0.069       2021.25          2858.96        4027.02         4702.71         5500.00  
    0.075       93.55          2001.98        2888.92         4033.91         4684.36  
    0.081       0          2168.20        2889.83         4031.14         4674.81  
    0.088       0          2096.73        2864.88         3982.67         4712.81  
    0.094       0          2029.22        2846.51         3995.84         4702.79  
    0.100       0          93.73        2181.61         3029.97         4142.91  
    0.106       392.48          1950.78        2771.70         4023.43         4900.52  
    0.113       424.11          2041.53        2814.96         4017.21         4654.40  
    0.119       419.78          2042.02        2816.40         3955.99         4430.19  
    0.125       417.36          2044.75        2705.00         3971.36         4397.61  
    0.131       420.42          2052.21        2629.73         4093.33         4423.10  
    0.138       417.40          2043.17        2606.76         3908.92         4378.56  
    0.144       418.10          2057.75        2621.08         3876.04         4358.24  
    0.150       421.93          2067.33        2676.49         3858.64         4354.68  
    0.156       434.09          2082.89        2695.00         3855.49         4362.00  
    0.163       435.86          2098.56        2616.76         3861.97         4366.34  
    0.169       420.65          2089.40        2652.87         3859.87         4388.19  
    0.175       426.80          2062.77        2633.32         3818.46         4392.42  
    0.181       435.77          2044.89        2642.64         3828.09         4389.22  
    0.188       443.74          2041.22        2696.65         3825.00         4370.97  
    0.194       433.68          2044.56        2814.29         3884.07         4408.61  
    0.200       424.87          2068.81        2964.51         3939.10         4404.24  
    0.206       425.09          2062.71        2720.18         4300.53         4375.69  
    0.213       423.25          2054.20        2783.47         4321.08         4780.04  
    0.219       421.11          2087.07        2797.29         4094.16         5467.61  
    0.225       425.17          2081.19        2833.01         4163.10         5500.00  
    0.231       408.89          2100.36        2999.26         4162.76         5342.92  
    0.238       419.63          2431.07        3388.62         3886.69         5062.76  
    0.244       390.44          2400.46        3669.55         3747.56         5065.51  
    0.250       314.03          2460.04        3638.36         4326.98         5129.13  
    0.256       420.23          2692.07        3628.65         4344.59         5116.88  
    0.263       397.05          2722.58        3581.43         4149.90         5081.81  
    0.269       18.30          125.99        2710.18         3772.77         4237.66  
    0.275       0          0        2624.46         3795.49         4325.41  
    0.281       0          2409.36        3724.18         4163.65         5445.95  
    0.288       0          116.86        2667.87         3771.20         4285.55  
    0.294       0          2430.65        3165.67         3652.60         4460.98  
    0.300       0          2294.95        3531.90         3665.66         4542.75  
    0.306       0          2601.37        3724.95         3738.69         4608.92  
    0.312       0          2580.34        3637.66         3754.94         4526.36  
    0.319       0          2618.11        3319.07         3764.67         4529.39  
    0.325       0          2561.82        3583.41         3745.21         4580.29  
    0.331       0          2384.02        3709.52         3771.63         4931.39  
    0.338       0          2470.97        3732.10         4223.18         5291.44  
    0.344       0          114.52        2549.36         3665.31         4183.58  
    0.350       0          2290.56        3572.20         4110.27         4988.38  
    0.356       0          2562.03        3673.33         4417.10         5215.16  
    0.363       0          118.88        2729.85         3758.52         4435.29  
    0.369       353.29          2463.65        3577.02         4186.97         4905.52  
    0.375       17.14          2363.67        3630.10         3993.15         4648.68  
    