0.025       0          2241.01        2885.37         3938.79         4692.78  
    0.031       0          2236.92        2802.27         3869.52         4614.07  
    0.038       0          2302.89        2811.14         3811.23         4585.11  
    0.044       0          2312.43        2776.16         3869.70         4657.73  
    0.050       0          2188.61        2756.31         3940.67         4684.84  
    0.056       0          2151.15        2821.27         3908.45         4646.09  
    0.062       0          2190.70        2854.19         3877.06         4597.65  
    0.069       0          2163.97        2856.32         3957.07         4592.01  
    0.075       0          2136.93        2845.89         4058.37         4671.56  
    0.081       0          2117.28        2819.04         4025.90         4658.50  
    0.088       0          2123.38        2806.81         3996.90         4693.45  
    0.094       0          2111.23        2808.89         4014.61         4810.20  
    0.100       0          857.68        2452.66         3351.36         4444.73  
    0.106       240.57          1249.14        2538.95         3601.55         4635.91  
    0.113       411.92          2090.56        2772.27         4056.02         4802.72  
    0.119       418.25          2060.52        2779.39         4000.97         4453.27  
    0.125       416.32          2041.21        2767.80         3956.62         4268.65  
    0.131       415.44          2032.57        2694.00         3931.09         4205.51  
    0.138       418.22          2030.74        2646.75         3716.62         4259.99  
    0.144       420.25          2029.15        2623.74         3658.40         4308.19  
    0.150       425.67          2043.53        2620.51         3748.34         4311.91  
    0.156       436.78          2062.56        2667.03         3743.58         4324.20  
    0.163       451.01          2093.02        2665.83         3731.43         4321.77  
    0.169       448.68          2106.35        2622.96         3719.72         4312.45  
    0.175       435.46          2088.72        2625.60         3656.80         4334.96  
    0.181       436.72          2060.60        2637.37         3575.97         4358.77  
    0.188       441.46          2048.17        2665.44         3587.16         4338.96  
    0.194       442.45          2047.41        2695.72         3616.77         4341.40  
    0.200       435.79          2031.22        2767.86         3675.76         4387.03  
    0.206       427.68          2056.06        2742.90         3767.32         4404.58  
    0.213       426.35          2067.64        2695.44         3862.75         4395.17  
    0.219       422.84          2081.86        2739.70         3749.61         4388.94  
    0.225       423.86          2097.70        2770.64         3626.41         4471.33  
    0.231       420.93          2077.60        2777.57         3729.23         4457.11  
    0.238       409.77          2081.76        2820.80         3887.23         4595.87  
    0.244       419.71          2156.31        2868.33         3896.82         4856.37  
    0.250       399.81          2212.92        2919.16         3907.30         4983.84  
    0.256       413.81          2438.82        3275.33         4113.14         4987.58  
    0.263       439.02          2584.20        3488.59         4221.49         5027.15  
    0.269       439.50          2588.52        3491.53         4137.22         5066.38  
    0.275       180.05          2021.29        3008.84         3938.82         4896.99  
    0.281       0          2003.39        2641.09         3828.50         4670.95  
    0.288       0          928.87        2573.45         3853.62         4172.95  
    0.294       0          0        2578.26         3771.85         4169.20  
    0.300       0          1096.58        2573.24         3666.54         4445.44  
    0.306       0          1970.43        2555.69         3659.20         4525.83  
    0.312       0          2385.73        3046.13         3743.57         4669.71  
    0.319       0          2638.00        2964.11         3767.67         4579.19  
    0.325       0          2387.87        2746.25         3753.32         4507.81  
    0.331       0          2245.87        2712.14         3762.93         4649.65  
    0.338       0          2379.14        2580.66         3777.98         4608.84  
    0.344       0          2480.58        2673.32         3742.36         4382.08  
    0.350       0          1024.50        2595.31         3669.77         4080.98  
    0.356       0          0        2452.30         3619.06         4060.08  
    0.363       192.43          1571.13        3185.16         4121.29         4943.32  
    0.369       399.04          2663.10        3664.49         4149.78         5113.49  
    0.375       609.52          2562.60        3504.58         3973.14         4818.41  
    0.381       295.20          2442.15        3484.02         3795.55         4693.15  
    