0.025       1877.61          2495.71        3628.05         4204.47         5089.69  
    0.031       1916.73          2496.86        3634.83         4168.85         5006.00  
    0.038       1931.74          2425.17        3668.06         4077.02         4964.71  
    0.044       1919.73          2468.47        3736.08         4119.98         5014.17  
    0.050       1975.67          2433.12        3686.85         4175.67         5008.64  
    0.056       1916.82          2492.90        3639.04         4212.07         5127.28  
    0.062       1884.16          2556.85        3620.38         4201.94         5187.92  
    0.069       1929.00          2548.57        3625.79         4228.46         5087.11  
    0.075       1946.58          2562.62        3613.86         4253.97         5040.96  
    0.081       1854.51          2557.50        3632.29         4245.57         5008.14  
    0.088       1840.96          2545.22        3721.97         4354.13         5004.66  
    0.094       1858.58          2544.99        3754.57         4323.16         5017.50  
    0.100       1882.13          2515.98        3695.92         4279.04         4997.58  
    0.106       1919.38          2489.05        3735.67         4505.96         5351.85  
    0.113       558.77          2097.83        2924.56         4044.46         4807.55  
    0.119       232.94          2047.91        2635.38         3977.66         4715.26  
    0.125       367.06          2002.53        2575.40         4059.95         4762.18  
    0.131       386.80          1955.52        2562.79         4176.57         4742.55  
    0.138       382.54          1947.59        2572.42         4252.36         4769.71  
    0.144       375.70          1942.85        2564.11         4352.11         4845.02  
    0.150       373.97          1951.84        2557.23         4385.85         4947.88  
    0.156       374.83          1970.78        2559.22         4359.40         4931.61  
    0.163       376.27          1986.36        2570.15         4338.17         4887.17  
    0.169       376.76          1991.32        2578.38         4336.71         4887.56  
    0.175       377.33          1995.53        2582.35         4363.80         4913.71  
    0.181       377.22          2004.08        2584.64         4354.90         4936.74  
    0.188       377.98          2009.92        2586.40         4332.60         4947.00  
    0.194       377.92          2013.82        2593.63         4327.84         4962.48  
    0.200       378.56          2016.62        2598.83         4317.48         4974.20  
    0.206       378.66          2020.45        2607.83         4310.28         4993.26  
    0.213       378.20          2020.75        2605.95         4323.07         5029.53  
    0.219       379.16          2019.06        2599.51         4338.62         5070.14  
    0.225       378.94          2019.20        2630.90         4356.40         5068.39  
    0.231       376.12          2013.80        2625.37         4379.96         5075.71  
    0.238       373.93          2005.97        2602.31         4379.77         5048.78  
    0.244       371.62          2005.21        2617.38         4383.26         5045.86  
    0.250       370.17          1997.43        2587.81         4409.58         5042.97  
    0.256       368.84          1986.16        2541.18         4421.28         5042.08  
    0.263       367.16          1984.12        2522.01         4433.25         5049.06  
    0.269       364.22          1976.23        2510.00         4459.60         5097.66  
    0.275       362.10          1960.55        2477.69         4474.08         5117.59  
    0.281       359.65          1948.31        2439.25         4498.98         5096.83  
    0.288       356.72          1941.95        2410.33         4542.46         5053.65  
    0.294       354.36          1940.50        2418.30         4587.96         5023.55  
    0.300       353.89          1933.72        2429.95         4665.25         5051.26  
    0.306       354.94          1931.75        2416.76         4771.37         5050.04  
    0.312       352.44          1939.29        2434.50         4869.14         5051.62  
    0.319       346.55          1937.09        2438.26         4924.85         5371.18  
    0.325       340.09          1925.21        2439.98         4870.93         5114.22  
    0.331       337.61          1910.28        2459.14         4538.04         4976.45  
    0.338       337.05          1890.15        2447.59         4430.91         4966.91  
    0.344       335.82          1872.75        2412.25         4482.58         4963.65  
    0.350       340.45          1856.79        2377.22         4354.97         4967.29  
    0.356       351.00          1843.05        2343.06         4324.45         4996.39  
    0.363       359.56          1843.49        2322.74         4320.01         5094.90  
    0.369       356.94          1844.97        2329.83         4271.30         5076.36  
    0.375       341.62          1852.89        2384.29         4181.62         4942.88  
    0.381       331.63          1921.88        2601.74         4067.33         4888.86  
    0.388       300.69          2007.19        3155.16         4077.67         4943.46  
    0.394       83.57          587.66        2463.28         3673.80         4384.81  
    0.400       0          0        2066.21         3496.41         4171.88  
    0.406       0          0        2018.36         3490.29         4184.51  
    0.413       290.18          1418.70        3096.36         3926.35         4671.48  
    0.419       810.46          2055.39        3550.29         4109.11         4930.03  
    0.425       1051.31          2049.45        3561.54         4121.88         4921.90  
    0.431       990.69          2064.76        3558.98         4102.97         4936.17  
    0.438       862.05          2090.85        3546.12         4096.08         4972.73  
    0.444       1169.82          2089.05        3582.70         4106.27         4958.88  
    0.450       1447.01          2130.23        3630.55         4093.59         4947.30  
    0.456       1439.12          2168.86        3610.30         4092.87         4969.63  
    0.463       1481.39          2209.81        3579.29         4122.54         4948.27  
    0.469       1446.44          2285.67        3579.60         4131.07         4966.00  
    0.475       1511.20          2279.21        3579.67         4116.88         4992.40  
    