0.025       0          2402.12        2779.27         3604.94         4745.63  
    0.031       0          56.10        2599.68         3070.75         3956.96  
    0.038       0          2491.65        2974.64         3866.76         4871.83  
    0.044       0          59.59        2545.83         3119.39         3833.05  
    0.050       0          2495.37        2810.12         3325.38         4592.16  
    0.056       0          2202.45        2777.45         3389.26         4496.89  
    0.062       0          2242.65        2716.66         3262.63         4523.67  
    0.069       0          2303.28        2816.34         3470.93         4891.16  
    0.075       0          2355.98        2783.80         3408.44         4664.54  
    0.081       0          2293.24        2736.96         3110.73         4510.87  
    0.088       1879.50          2486.59        2766.70         3903.12         4941.65  
    0.094       2191.58          2496.93        2658.09         3641.47         4890.23  
    0.100       51.34          2174.67        2669.17         3601.03         4886.12  
    0.106       0          2208.80        2612.90         3674.83         4943.25  
    0.113       0          2286.36        2564.60         3454.54         4867.95  
    0.119       0          2201.61        2737.09         3452.26         4702.59  
    0.125       0          2216.58        2777.16         3759.88         4654.90  
    0.131       0          51.78        2123.94         2781.06         3870.50  
    0.138       0          0        2108.37         2756.82         3853.93  
    0.144       773.78          2218.31        2854.69         4081.54         4827.34  
    0.150       810.04          2279.45        2898.42         4105.69         5262.33  
    0.156       636.18          1991.37        2841.79         3923.65         5205.68  
    0.163       518.21          1981.63        2844.38         3864.40         5362.06  
    0.169       408.36          2001.75        2899.64         3698.23         5496.87  
    0.175       9.48          46.76        1917.78         2989.33         3749.41  
    0.181       279.98          1837.28        2920.85         3671.57         5244.20  
    0.188       364.53          1903.12        2886.35         3533.03         5494.88  
    0.194       389.83          1855.83        2751.78         3310.11         4539.25  
    0.200       419.54          1855.99        2770.79         3405.30         4482.03  
    0.206       429.11          1839.66        2755.32         3640.57         4605.57  
    0.213       427.24          1820.30        2726.13         3942.24         4646.97  
    0.219       426.77          1830.09        2738.14         4134.53         5237.18  
    0.225       420.31          1870.32        2866.24         3787.29         4511.93  
    0.231       420.67          1871.47        2904.00         3508.79         4404.79  
    0.238       423.93          1876.20        2836.90         3309.69         4349.56  
    0.244       427.46          1856.01        2651.74         3240.96         4264.93  
    0.250       429.41          1856.69        2648.54         3246.33         4283.04  
    0.256       413.87          1852.81        2666.32         3290.82         4282.87  
    0.263       413.10          1868.12        2797.24         3312.61         4325.99  
    0.269       408.82          1865.62        2800.76         3252.76         4361.43  
    0.275       407.51          1859.47        2710.54         3234.39         4348.13  
    0.281       407.92          1858.05        2792.41         3264.34         4411.10  
    0.288       404.36          1856.06        2770.62         3217.29         4340.76  
    0.294       407.22          1854.73        2810.26         3184.81         4300.46  
    0.300       412.02          1849.03        2856.08         3174.21         4322.37  
    0.306       419.14          1843.80        2902.23         3171.61         4364.41  
    0.312       425.43          1847.23        2863.84         3166.83         4315.92  
    0.319       428.54          1855.02        2860.19         3145.21         4304.53  
    0.325       427.21          1858.96        2710.50         3174.20         4269.48  
    0.331       422.09          1855.46        2640.12         3196.06         4237.64  
    0.338       418.99          1848.53        2730.58         3215.20         4250.29  
    0.344       418.99          1847.70        2948.06         3183.62         4227.55  
    0.350       422.11          1847.64        3022.34         3174.33         4292.06  
    0.356       425.07          1841.36        2916.54         3141.08         4307.42  
    0.363       426.13          1818.96        2875.85         3169.75         4284.92  
    0.369       423.96          1809.17        2808.86         3192.46         4289.82  
    0.375       423.57          1816.53        2801.86         3206.61         4331.13  
    0.381       425.30          1821.70        2839.27         3210.24         4391.27  
    0.388       427.53          1827.46        2805.87         3416.32         4482.05  
    0.394       428.53          1822.13        2826.69         3679.13         4679.30  
    0.400       431.31          1829.97        2849.06         3615.29         4474.61  
    0.406       430.52          1857.50        2754.25         3232.41         4320.19  
    0.413       424.18          1861.41        2590.58         3271.11         4335.29  
    0.419       392.88          1876.40        2634.78         3301.25         4471.89  
    0.425       414.23          1854.22        2783.14         3293.87         4612.23  
    0.431       427.28          1875.62        2716.96         3321.42         4468.08  
    0.438       396.76          1853.49        2624.28         3346.32         4308.59  
    0.444       376.72          1823.82        2589.68         3326.85         4234.39  
    0.450       367.00          1840.24        2581.40         3348.33         4185.17  
    0.456       361.96          1838.72        2682.68         3477.64         4225.95  
    0.463       342.64          1924.40        2844.54         3684.82         4516.43  
    0.469       330.79          1984.83        2707.18         3671.76         4855.74  
    0.475       374.93          2263.46        2730.64         4051.76         4869.29  
    0.481       376.28          2399.17        2840.85         3952.09         4858.56  
    0.488       8.79          2467.00        2984.37         4292.18         4746.55  
    0.494       336.54          2526.48        2915.95         4112.27         4953.95  
    0.500       111.83          2586.07        2776.42         3851.30         4849.22  
    0.506       2.48          60.43        2587.56         2801.31         3661.35  
    0.513       0          0        2392.48         2882.29         3767.34  
    0.519       396.61          2425.67        2940.93         3954.27         5037.35  
    0.525       477.77          2610.17        3052.13         3921.95         4948.22  
    0.531       448.11          2564.44        3121.57         3862.97         4913.68  
    0.537       10.45          59.87        2630.32         3110.33         3738.40  
    0.544       0          2585.81        2926.85         3250.33         4613.31  
    0.550       0          61.84        2641.84         3058.82         4122.97  
    0.556       0          0        2677.92         2858.73         3884.72  
    0.562       0          0        2598.61         2726.90         3821.42  
    0.569       0          2292.36        2713.41         3463.42         4522.02  
    0.575       0          2253.67        2721.65         3484.18         4766.03  
    0.581       0          2246.06        2708.93         3474.72         4937.18  
    