0.025       0          1849.37        2879.11         3854.68         4545.66  
    0.031       0          1847.59        2853.52         3768.40         4572.75  
    0.038       0          1878.98        2834.63         3742.68         4643.52  
    0.044       0          1930.07        2852.52         3828.57         4651.05  
    0.050       0          1891.78        2853.24         3840.84         4635.54  
    0.056       0          1763.68        2853.22         3834.55         4606.15  
    0.062       0          1721.87        2866.17         3831.42         4610.02  
    0.069       0          1803.43        2832.31         3794.61         4676.61  
    0.075       0          1883.00        2783.14         3751.01         4684.70  
    0.081       0          1900.03        2773.84         3700.03         4671.84  
    0.088       0          889.88        2327.52         3224.24         4176.45  
    0.094       0          0        1929.34         2841.46         3776.08  
    0.100       212.70          1023.35        2389.84         3360.84         4282.69  
    0.106       405.40          1893.49        2742.31         3742.00         4580.76  
    0.113       413.06          1864.59        2694.92         3753.86         5018.51  
    0.119       418.86          1864.33        2707.69         3681.84         5500.00  
    0.125       424.69          1861.45        2714.43         3445.52         5282.68  
    0.131       431.75          1870.99        2713.70         3351.79         4988.93  
    0.138       436.30          1873.06        2708.77         3344.18         4730.72  
    0.144       437.59          1874.49        2705.83         3339.33         4597.73  
    0.150       437.77          1889.66        2728.69         3394.69         4661.01  
    0.156       438.41          1902.09        2752.10         3436.77         4786.25  
    0.163       442.44          1909.03        2756.31         3402.31         4883.21  
    0.169       444.92          1912.17        2746.71         3350.27         5003.25  
    0.175       442.32          1911.53        2732.45         3329.22         5036.14  
    0.181       441.25          1914.26        2736.20         3338.83         4936.07  
    0.188       441.60          1920.75        2750.23         3356.90         4956.62  
    0.194       440.51          1920.13        2750.38         3348.02         5008.44  
    0.200       440.30          1912.89        2734.17         3316.21         4922.08  
    0.206       443.99          1911.17        2715.77         3343.26         4798.45  
    0.213       447.38          1924.40        2708.27         3415.77         4781.62  
    0.219       448.33          1945.10        2706.39         3443.75         4805.47  
    0.225       454.25          1935.78        2706.56         3508.35         4693.81  
    0.231       452.65          1920.98        2709.19         3594.08         4572.95  
    0.238       435.76          1946.75        2713.40         3680.88         4651.57  
    0.244       420.01          1979.93        2731.29         3772.14         4751.87  
    0.250       406.15          1973.49        2749.42         3825.70         4817.97  
    0.256       392.80          1979.80        2788.08         3876.85         4921.63  
    0.263       379.93          2079.46        2853.45         4019.84         4945.72  
    0.269       333.97          2407.49        3335.52         4435.50         5229.39  
    0.275       140.72          1858.02        3171.91         4221.80         5149.34  
    0.281       0          1554.39        2734.26         3821.72         4792.97  
    0.288       0          1889.61        2814.21         3869.70         4698.60  
    0.294       0          1948.01        2819.25         3888.81         4636.70  
    0.300       0          2037.92        2805.71         3904.56         4646.87  
    0.306       0          2053.73        2805.49         3911.39         4648.48  
    0.312       0          2081.97        2826.84         3908.57         4611.76  
    0.319       0          2104.68        2888.16         3912.80         4597.18  
    0.325       0          2106.60        2876.48         3932.44         4707.01  
    0.331       0          1778.85        2794.60         3899.12         4862.52  
    0.338       0          1238.35        2815.19         3808.43         4840.78  
    0.344       0          1037.50        2875.19         3790.25         4753.21  
    0.350       0          1260.64        2890.83         3862.48         4696.95  
    0.356       706.19          2192.98        3412.73         4278.31         5106.58  
    0.363       1374.60          2810.63        3886.46         4647.32         5500.00  
    0.369       1438.92          2732.12        3887.41         4687.40         5500.00  
    0.375       1419.84          2706.73        3866.46         4650.51         5500.00  
    0.381       1419.67          2753.71        3849.05         4629.21         5500.00  
    0.388       1509.67          2754.40        3822.26         4680.20         5084.65  
    0.394       1556.79          2700.63        3783.79         4521.03         4848.88  
    0.400       1546.09          2684.95        3753.48         4484.01         5056.13  
    0.406       1376.09          2725.21        3731.62         4549.93         4990.91  
    0.413       1306.62          2773.16        3752.19         4345.74         5200.37  
    0.419       1432.62          2781.36        3799.57         4123.95         5252.99  
    0.425       1545.51          2830.12        3813.24         4184.73         4996.33  
    0.431       1681.22          2871.78        3780.03         4539.20         5247.58  
    0.438       1688.76          2835.42        3746.76         4673.69         5227.96  
    0.444       1583.12          2781.25        3698.66         4455.45         4876.75  
    0.450       1549.42          2740.05        3636.84         4310.21         4799.93  
    0.456       1581.44          2784.80        3662.81         4256.25         4767.78  
    0.463       1644.04          2830.58        3692.97         4346.34         4818.03  
    0.469       1601.96          2725.03        3653.50         4318.83         4919.76  
    0.475       1508.92          2689.74        3637.14         4045.14         4910.31  
    0.481       1483.52          2762.74        3697.09         4019.04         4873.35  
    0.488       1557.76          2775.78        3722.48         4434.55         4815.60  
    0.494       764.85          2238.43        3229.82         4203.68         4666.87  
    0.500       0          1789.23        2833.21         3750.85         4569.76  
    0.506       0          1754.64        2845.29         3719.69         4540.02  
    0.513       847.61          2275.54        3265.30         4118.12         5036.43  
    0.519       1384.60          2740.72        3645.08         4579.23         5500.00  
    