0.025       1860.06          2364.64        3807.48         4538.84         5500.00  
    0.031       1865.16          2416.68        3823.52         4673.26         5500.00  
    0.038       1962.98          2352.70        3796.18         4712.13         5500.00  
    0.044       111.16          1992.47        2678.11         3837.35         4795.65  
    0.050       1864.01          2511.39        3734.83         4675.06         5457.85  
    0.056       111.55          2020.13        2665.92         3886.92         4592.19  
    0.062       0          1958.16        2585.48         3903.01         4512.46  
    0.069       0          1958.07        2567.15         3903.74         4502.24  
    0.075       1879.71          2312.46        3738.77         4512.32         5443.63  
    0.081       1843.78          2328.00        3807.69         4551.62         5500.00  
    0.088       1810.33          2532.49        3845.84         4626.66         5500.00  
    0.094       1993.96          2635.88        3916.24         4528.67         5500.00  
    0.100       113.21          1994.14        2727.46         4072.27         4671.19  
    0.106       0          1962.21        2541.92         4073.94         4982.79  
    0.113       259.97          2054.85        3119.58         4108.33         5117.07  
    0.119       340.09          1993.10        2512.81         4359.80         4958.37  
    0.125       365.98          1935.14        2434.63         4442.97         4930.81  
    0.131       375.55          1957.12        2442.55         4378.75         4846.12  
    0.138       384.46          1984.68        2443.80         4371.28         4715.22  
    0.144       392.74          1976.20        2456.45         4351.47         4745.37  
    0.150       391.36          1976.27        2454.20         4362.76         4738.18  
    0.156       386.96          1983.65        2437.77         4354.41         4675.53  
    0.163       391.49          2003.69        2410.06         4337.76         4693.68  
    0.169       394.75          2048.99        2444.87         4332.35         4708.36  
    0.175       397.90          2074.75        2517.84         4351.65         4797.15  
    0.181       401.58          2080.37        2698.65         4382.24         4845.05  
    0.188       402.36          2079.62        2760.74         4381.92         4766.28  
    0.194       402.06          2076.19        2704.90         4377.37         4748.21  
    0.200       402.85          2069.77        2689.65         4381.16         4886.53  
    0.206       402.75          2072.16        2668.17         4379.75         4879.10  
    0.213       406.09          2083.61        2809.03         4392.15         4984.18  
    0.219       405.37          2077.01        2787.92         4401.07         4963.88  
    0.225       403.50          2063.10        2751.91         4424.91         5008.72  
    0.231       402.42          2049.43        2766.76         4413.21         4830.54  
    0.238       404.55          2045.50        2762.15         4406.09         4859.67  
    0.244       404.69          2037.45        2744.02         4392.80         4908.34  
    0.250       402.21          2031.51        2723.96         4382.95         4917.36  
    0.256       401.09          2035.79        2680.17         4376.01         4897.46  
    0.263       399.79          2063.78        2727.58         4348.86         4862.50  
    0.269       396.44          2068.36        2712.08         4336.30         4866.50  
    0.275       396.35          2069.28        2706.33         4348.48         4867.80  
    0.281       391.05          2024.25        2727.18         4312.41         4838.35  
    0.288       384.29          1980.04        2747.47         4313.54         4881.71  
    0.294       380.33          1965.99        2733.26         4316.53         4842.83  
    0.300       372.68          1977.14        2776.26         4271.83         4687.56  
    0.306       363.28          2011.85        2756.03         4237.59         4620.10  
    0.312       356.53          1986.96        2741.16         4235.54         4597.13  
    0.319       350.73          1961.63        2774.56         4235.42         4684.35  
    0.325       339.41          1958.32        2724.60         4201.50         4833.19  
    0.331       340.49          1969.63        2799.65         4211.90         5021.84  
    0.338       330.41          2005.33        3164.72         4227.24         5008.90  
    0.344       239.65          2077.02        3240.02         4336.55         5163.24  
    0.350       13.23          2113.94        2741.14         3950.98         4575.42  
    0.356       0          1993.39        2611.77         3978.10         4519.12  
    0.363       0          2055.95        2626.61         3885.99         4502.31  
    0.369       0          1970.22        2784.22         3934.79         4595.67  
    0.375       0          1923.71        2833.32         3971.87         4607.98  
    0.381       0          1936.61        2835.62         3871.27         4524.91  
    0.388       0          2018.03        2920.27         3931.70         4490.02  
    0.394       0          2193.19        3105.98         3960.72         4500.80  
    0.400       0          2222.95        2551.12         3882.27         4502.18  
    0.406       0          1966.31        2875.49         3901.47         4590.29  
    0.413       0          1916.11        2902.75         3929.67         4580.89  
    0.419       0          1930.07        2919.60         3912.40         4514.67  
    0.425       0          1862.14        2720.37         3869.51         4572.96  
    0.431       0          1876.65        2701.90         3890.06         4524.97  
    0.438       0          1893.45        2697.65         3922.63         4462.96  
    0.444       0          1888.77        2725.43         3967.21         4545.53  
    0.450       0          1867.77        2716.00         3932.39         4622.76  
    0.456       0          1856.84        2788.32         3893.06         4574.83  
    0.463       1738.75          2574.91        3830.58         4453.26         4677.89  
    0.469       104.05          2028.77        2649.71         3931.39         4669.29  
    