0.025       0          2048.16        2527.49         3547.40         4651.21  
    0.031       0          2027.05        2624.57         3485.44         4641.09  
    0.038       0          2029.69        2638.46         3470.86         4613.96  
    0.044       0          2141.18        2571.79         3445.83         4647.65  
    0.050       0          776.99        2258.42         3088.12         3912.45  
    0.056       0          1324.21        2682.40         3250.87         4354.33  
    0.062       0          1968.17        2791.05         3480.93         4674.21  
    0.069       0          1863.46        2616.47         3508.54         4755.37  
    0.075       0          1913.20        2652.37         3516.89         4695.62  
    0.081       0          2056.53        2545.40         3487.19         4584.06  
    0.088       0          2102.70        2557.91         3466.74         4637.45  
    0.094       0          2007.63        2639.20         3475.41         4593.38  
    0.100       0          2060.70        2601.26         3464.03         4515.07  
    0.106       0          2049.85        2617.83         3479.93         4405.44  
    0.113       0          1993.88        2628.45         3540.73         4391.49  
    0.119       867.49          2334.99        3227.10         3706.02         4628.52  
    0.125       1210.77          2499.52        3397.97         3879.29         4843.93  
    0.131       402.69          2112.99        2740.32         3664.42         4649.92  
    0.138       0          2052.80        2461.85         3589.42         4510.23  
    0.144       637.45          2375.51        3197.84         3615.16         4598.52  
    0.150       911.48          2477.12        3255.77         3762.73         4838.16  
    0.156       307.81          2162.37        2752.00         3702.15         4798.86  
    0.163       0          1999.02        2634.65         3606.94         4654.46  
    0.169       0          1990.59        2634.47         3618.22         4756.90  
    0.175       245.94          1964.56        2600.28         3679.51         4931.70  
    0.181       396.89          1936.22        2555.16         3605.29         4728.58  
    0.188       416.66          1925.14        2531.72         3614.14         4427.00  
    0.194       426.71          1930.66        2564.52         3667.11         4317.93  
    0.200       433.36          1933.93        2604.82         3686.15         5078.05  
    0.206       435.04          1923.57        2606.36         3685.17         5500.00  
    0.213       433.49          1912.75        2622.49         3641.62         5432.95  
    0.219       437.76          1918.94        2603.12         3638.58         4780.52  
    0.225       442.91          1916.00        2570.89         3695.29         4288.35  
    0.231       445.65          1897.21        2552.05         3739.75         4305.24  
    0.238       445.64          1891.39        2524.03         3745.30         4301.68  
    0.244       447.37          1904.19        2506.66         3749.14         4218.93  
    0.250       453.11          1918.15        2518.34         3750.91         4334.77  
    0.256       455.31          1941.65        2531.53         3748.02         4799.93  
    0.263       453.94          1974.79        2565.68         3762.27         5147.02  
    0.269       455.80          1968.12        2552.49         3769.64         4934.91  
    0.275       457.87          1939.81        2525.10         3777.12         4542.63  
    0.281       458.09          1932.90        2529.35         3767.58         4515.86  
    0.288       456.96          1965.12        2533.11         3721.57         4550.74  
    0.294       458.10          1947.35        2539.26         3714.48         4502.78  
    0.300       460.11          1927.59        2564.28         3746.98         4548.20  
    0.306       463.39          1927.84        2558.02         3649.64         4727.93  
    0.312       459.63          1918.14        2511.03         3579.01         4813.45  
    0.319       438.44          1906.63        2469.07         3640.82         4639.05  
    0.325       410.62          1929.79        2489.83         3766.15         4706.43  
    0.331       376.96          1974.58        2573.11         3722.69         4883.29  
    0.338       347.83          2034.13        2661.73         3727.01         4895.96  
    0.344       119.86          727.40        2329.53         3257.60         4022.74  
    0.350       0          1278.80        2421.37         3334.60         4385.31  
    0.356       0          1937.53        2587.82         3542.33         4692.53  
    0.363       448.52          2317.02        3172.80         3827.40         4702.33  
    0.369       565.95          2520.58        3438.25         3696.53         4830.52  
    0.375       175.36          887.95        2759.01         3458.46         4360.02  
    0.381       0          1328.25        2400.23         3391.20         4321.30  
    0.388       0          2298.65        2835.39         3922.91         5130.14  
    0.394       0          2131.87        2797.27         3721.52         5052.49  
    0.400       0          1946.31        2599.90         3483.69         4760.55  
    0.406       990.42          2294.64        2780.75         3609.67         4958.63  
    0.413       964.42          2409.10        2932.46         3723.64         5002.64  
    0.419       660.38          2314.29        2966.76         3783.30         4874.05  
    0.425       1084.08          2410.71        2998.37         3897.85         4795.51  
    0.431       1520.12          2464.93        3045.16         4212.70         5244.83  
    0.438       577.26          2299.12        2810.17         3738.35         4704.15  
    0.444       0          2283.07        2764.05         3530.49         4651.00  
    0.450       778.23          2334.56        3006.60         3752.28         4695.98  
    0.456       1124.04          2315.18        3083.52         3752.43         4698.14  
    0.463       1232.99          2345.65        3116.64         3668.56         4776.85  
    0.469       1505.58          2455.73        3231.72         4230.94         5249.86  
    0.475       568.82          2363.88        2876.08         3892.40         4864.56  
    0.481       0          2218.17        2624.07         3509.23         4491.13  
    0.488       0          2109.62        2718.82         3425.79         4593.88  
    0.494       1155.10          2309.84        2573.98         3385.81         4709.37  
    0.500       1639.65          2460.69        2986.77         3675.42         4635.76  
    0.506       551.21          2231.22        2744.26         3476.60         4537.82  
    0.513       0          2085.22        2470.75         3240.21         4538.24  
    0.519       0          2244.31        2563.04         3180.76         4709.21  
    0.525       0          2277.37        2511.89         3194.38         4651.82  
    0.531       0          2138.62        2511.61         3299.72         4423.15  
    0.537       0          2133.91        2535.30         3400.08         4328.61  
    0.544       0          2097.00        2532.87         3359.96         4280.86  
    0.550       0          2035.68        2516.85         3361.21         4373.61  
    0.556       0          2069.31        2558.06         3434.73         4189.09  
    0.562       0          2128.03        2542.60         3518.95         4139.41  
    0.569       514.57          2360.80        2982.09         3641.28         4694.08  
    0.575       798.97          2471.49        3115.58         3802.19         4803.79  
    0.581       901.60          2449.16        3077.76         4141.66         5221.40  
    0.588       338.25          2410.00        2701.04         3507.66         4763.23  
    0.594       719.99          2343.99        2800.58         3717.99         5097.11  
    0.600       1255.64          2345.26        2987.33         4062.56         5045.85  
    0.606       1518.32          2344.57        2951.07         4070.86         4991.05  
    0.613       572.52          2327.13        2717.78         3781.02         4921.24  
    0.619       0          2276.05        2408.52         3406.01         4552.18  
    0.625       746.53          2295.10        2832.55         3686.62         4641.41  
    0.631       889.90          2335.75        3174.90         3752.63         4746.97  
    0.638       263.39          2056.98        2682.01         3370.51         4429.80  
    0.644       0          2018.96        2396.99         3198.89         4264.82  
    0.650       0          2142.59        2413.37         3158.58         4321.39  
    0.656       0          2289.08        2388.36         3201.02         4552.44  
    0.663       0          2211.45        2450.99         3265.27         4673.57  
    0.669       0          2083.78        2480.60         3345.75         4543.05  
    0.675       0          2027.91        2482.87         3409.07         4268.89  
    0.681       0          2049.90        2528.02         3357.57         4099.80  
    