0.025       0          1995.98        3123.68         4021.91         5371.68  
    0.031       0          1952.55        3063.82         3937.32         4780.12  
    0.038       0          1936.39        3066.00         3893.40         5173.72  
    0.044       0          1962.14        3071.33         3861.22         5201.66  
    0.050       0          370.92        2195.16         3234.05         4131.75  
    0.056       0          0        2005.33         3100.46         3918.76  
    0.062       0          0        2009.27         3127.11         3948.84  
    0.069       392.55          1724.35        2921.50         3828.22         4763.79  
    0.075       91.14          400.37        2266.57         3325.67         4149.43  
    0.081       424.61          1635.92        2942.28         3847.38         4794.24  
    0.088       626.56          1994.14        3100.59         4011.23         5003.82  
    0.094       507.11          1976.65        3088.02         3987.42         5189.33  
    0.100       89.28          371.93        2190.82         3291.83         4214.70  
    0.106       0          0        2034.48         3146.70         4015.25  
    0.113       232.35          1682.16        2842.79         3907.92         4463.39  
    0.119       310.86          1995.07        2954.16         3570.14         4364.10  
    0.125       366.26          1967.14        2889.53         3392.63         4233.62  
    0.131       397.70          1972.18        2873.03         3363.95         4152.59  
    0.138       408.73          1970.08        2853.32         3356.35         4128.98  
    0.144       415.67          1966.15        2877.42         3411.37         4229.32  
    0.150       420.15          1979.12        2921.17         3514.28         4242.86  
    0.156       425.81          1990.38        2947.65         3601.26         4247.89  
    0.163       428.85          2001.23        2951.64         3642.47         4252.01  
    0.169       430.41          2005.76        2935.30         3618.82         4278.56  
    0.175       436.15          2001.44        2935.96         3643.69         4274.62  
    0.181       448.95          1989.14        2925.45         3611.47         4264.55  
    0.188       452.28          1983.71        2910.14         3624.12         4222.80  
    0.194       452.44          1985.75        2901.78         3639.23         4223.92  
    0.200       450.49          1980.20        2915.27         3693.65         4249.68  
    0.206       450.03          1971.17        2919.05         3720.36         4277.13  
    0.213       452.51          1970.37        2912.12         3710.39         4278.38  
    0.219       459.33          1971.54        2912.74         3707.99         4251.74  
    0.225       469.84          1961.13        2897.92         3739.17         4246.03  
    0.231       466.12          1950.77        2891.32         3744.89         4276.65  
    0.238       465.86          1946.43        2888.94         3742.36         4291.35  
    0.244       465.65          1935.05        2885.17         3721.75         4301.80  
    0.250       462.86          1924.47        2883.47         3708.81         4294.48  
    0.256       455.10          1923.71        2867.22         3756.82         4322.87  
    0.263       448.11          1924.23        2884.98         3866.20         4255.24  
    0.269       440.97          1921.16        2916.33         3871.69         4245.88  
    0.275       417.19          1928.95        2966.67         4106.08         4178.70  
    0.281       401.58          1953.38        2967.44         4101.08         4326.95  
    0.288       397.37          2016.52        2987.04         4034.44         4546.88  
    0.294       370.71          2036.89        3030.62         4019.52         5079.92  
    0.300       327.98          2026.92        3034.52         4048.57         5129.69  
    0.306       341.90          2039.17        3084.38         4038.36         5127.64  
    0.312       372.08          2063.15        3133.95         3995.88         5100.00  
    0.319       71.21          389.67        2258.30         3314.97         4242.59  
    0.325       0          0        1983.57         3018.31         4052.37  
    0.331       0          0        1979.27         2995.72         4066.71  
    0.338       0          1340.37        2869.29         3884.78         5230.47  
    0.344       0          1753.51        3095.84         4062.41         4973.70  
    0.350       0          334.88        2346.65         3265.44         4145.46  
    0.356       0          0        2061.86         3086.72         4009.31  
    0.363       0          1456.20        2890.02         3835.68         4560.31  
    0.369       0          1816.74        3081.74         3885.60         4354.57  
    0.375       0          1916.64        3116.46         3956.30         5269.63  
    0.381       0          1888.91        3093.94         4022.09         5029.10  
    0.388       0          1866.72        3091.30         4000.73         5390.66  
    0.394       0          351.29        2236.22         3333.97         4235.16  
    0.400       384.66          1715.38        3000.05         3822.10         4900.67  
    0.406       456.18          2340.95        3307.62         3952.92         5203.90  
    0.413       769.96          2663.98        3439.16         4066.17         5160.43  
    0.419       800.38          2930.65        3252.62         4081.69         5048.66  
    0.425       148.92          2019.16        3114.49         3752.90         4667.41  
    0.431       351.23          2347.92        3034.05         3821.49         5000.78  
    