0.025       0          2208.74        2586.12         3604.48         4658.76  
    0.031       0          2253.08        2599.02         3530.77         4500.62  
    0.038       0          2246.98        2613.55         3505.49         4386.19  
    0.044       0          2312.07        2568.65         3424.47         4391.44  
    0.050       1746.60          2460.96        3088.33         4147.44         5286.18  
    0.056       2014.13          2480.57        3116.25         4315.50         5500.00  
    0.062       1981.20          2464.79        3094.60         4295.36         4997.11  
    0.069       2044.70          2526.40        3164.79         4403.74         4864.74  
    0.075       2091.37          2572.41        3206.69         4468.95         5376.30  
    0.081       2072.13          2521.28        3260.52         4294.01         5500.00  
    0.088       2069.11          2498.15        3123.64         4159.01         5102.18  
    0.094       1934.21          2528.81        3067.30         4099.83         5084.61  
    0.100       368.67          2232.90        2631.73         3779.53         4416.99  
    0.106       0          2332.59        2548.28         3805.53         4483.20  
    0.113       0          2258.24        2580.98         3625.57         4316.91  
    0.119       1658.05          2420.09        2973.02         4133.23         5260.28  
    0.125       398.77          2324.93        2537.09         3273.13         4456.53  
    0.131       304.04          2204.44        2845.59         3795.05         5249.04  
    0.138       73.12          735.59        2206.42         3200.17         4394.66  
    0.144       0          409.38        1984.34         2898.69         4135.44  
    0.150       0          454.89        2015.89         2806.08         4073.09  
    0.156       0          475.31        2112.58         2867.89         4161.86  
    0.163       0          479.96        2287.52         2568.41         4195.62  
    0.169       0          476.65        2090.65         2601.09         4170.62  
    0.175       0          473.46        1893.39         2797.66         4182.97  
    0.181       0          466.31        1963.61         2856.44         4244.34  
    0.188       362.44          1739.31        2455.95         2937.05         4265.26  
    0.194       87.17          752.01        1904.94         2778.12         4223.07  
    0.200       344.49          1471.91        2583.06         3010.82         4290.50  
    0.206       423.10          1722.71        2708.24         2909.74         4305.00  
    0.213       440.65          1671.68        2770.98         2985.78         4292.39  
    0.219       456.57          1727.19        2697.03         2859.37         4238.28  
    0.225       446.22          1658.12        2677.28         3102.62         4216.71  
    0.231       465.15          1642.95        2834.02         3058.79         4266.34  
    0.238       530.40          1706.26        2845.04         3241.35         4300.04  
    0.244       589.76          1663.97        2850.95         3612.36         4298.54  
    0.250       604.00          1652.14        2818.41         3995.32         4259.61  
    0.256       599.09          1677.52        2792.20         4200.01         4249.79  
    0.263       597.97          1632.19        2808.97         4218.49         4342.92  
    0.269       594.90          1601.12        2832.65         4200.29         4454.26  
    0.275       596.71          1594.95        2809.87         4126.24         4516.74  
    0.281       596.04          1598.40        2809.30         4130.01         4507.02  
    0.288       595.77          1605.03        2814.10         4162.33         4676.15  
    0.294       592.05          1593.36        2823.72         4169.38         4467.73  
    0.300       587.34          1581.64        2854.94         4083.45         4423.41  
    0.306       580.02          1579.01        2871.37         4065.22         4437.22  
    0.312       570.00          1587.86        2938.69         3846.91         4387.03  
    0.319       555.98          1612.03        2741.00         3658.23         4398.43  
    0.325       530.33          1617.55        2604.02         3664.98         4416.86  
    0.331       511.58          1614.34        2663.72         3703.71         4408.15  
    0.338       501.85          1629.83        2956.68         3799.34         4355.48  
    0.344       493.69          1631.97        2866.33         3890.13         4353.79  
    0.350       493.94          1633.49        2661.40         3853.70         4390.61  
    0.356       483.80          1652.31        2590.19         3604.35         4384.81  
    0.363       452.07          1674.05        2685.14         3700.74         4387.40  
    0.369       433.64          1722.33        2763.91         3923.59         4378.21  
    0.375       424.16          1772.58        2802.44         4013.66         4387.64  
    0.381       418.62          1772.10        2867.55         3993.90         4434.33  
    0.388       435.17          2151.21        3001.99         4068.00         4805.76  
    0.394       440.78          2551.31        3124.34         3998.19         5004.31  
    0.400       457.49          2681.67        2912.70         3823.00         4890.23  
    0.406       477.87          2656.28        2963.49         3932.10         4789.41  
    0.413       476.34          2644.70        3038.44         3905.01         4723.84  
    0.419       518.77          2526.93        3157.60         3940.91         4676.63  
    0.425       580.07          2451.70        3167.18         4128.51         4727.65  
    0.431       559.79          2540.81        3076.52         4090.92         4821.02  
    0.438       559.83          2593.42        3034.68         4072.76         4883.54  
    0.444       560.57          2637.72        3131.92         4229.12         5382.51  
    0.450       554.41          2675.67        3090.73         4287.77         5068.60  
    0.456       597.84          2634.81        3057.44         4286.04         4958.99  
    0.463       478.08          2552.42        2979.31         4323.41         5013.11  
    0.469       86.60          2262.84        2771.93         3662.97         4598.71  
    0.475       0          2167.27        2690.96         3444.70         4511.88  
    0.481       0          2417.11        2651.68         3777.61         4345.14  
    