0.025       0          1908.31        2709.54         3767.50         4642.57  
    0.031       0          1882.37        2735.67         3776.03         4639.62  
    0.038       0          1834.21        2760.85         3776.13         4553.01  
    0.044       1071.02          2276.03        3336.89         4287.40         5079.14  
    0.050       768.23          2185.62        3105.03         4125.23         4983.14  
    0.056       0          1749.80        2612.57         3744.81         4577.87  
    0.062       0          1811.24        2648.15         3819.31         4479.34  
    0.069       0          1960.30        2738.40         3909.66         4547.50  
    0.075       0          1934.67        2756.28         3932.00         4817.23  
    0.081       0          1896.81        2740.07         3921.70         4881.67  
    0.088       0          1847.91        2725.01         3858.56         4736.03  
    0.094       0          1884.92        2719.54         3729.21         4655.46  
    0.100       0          1894.28        2710.77         3679.03         4693.22  
    0.106       0          1840.94        2706.69         3743.08         4719.31  
    0.113       0          1785.30        2686.81         3827.20         4793.11  
    0.119       0          1713.87        2670.26         3819.03         4850.98  
    0.125       332.32          1753.76        2699.33         3887.85         4850.09  
    0.131       238.37          753.81        2210.97         3225.95         4328.63  
    0.138       0          0        1826.56         2681.45         3892.14  
    0.144       0          0        1828.01         2657.27         3842.01  
    0.150       165.49          1160.40        2352.46         3362.06         4427.94  
    0.156       309.47          1956.25        2669.51         3744.98         5228.74  
    0.163       360.55          1952.80        2652.00         3666.09         5019.12  
    0.169       390.59          1978.72        2672.06         3680.40         4504.05  
    0.175       395.04          1973.41        2681.89         3682.29         4276.61  
    0.181       395.69          1947.29        2687.66         3674.66         4144.93  
    0.188       395.34          1943.63        2676.72         3681.68         4075.46  
    0.194       393.72          1919.53        2640.77         3684.03         4194.24  
    0.200       392.90          1902.10        2609.97         3632.04         4612.20  
    0.206       392.27          1927.25        2592.50         3601.31         4888.59  
    0.213       389.67          1938.59        2580.43         3640.08         4788.28  
    0.219       388.47          1930.31        2576.84         3683.71         4701.68  
    0.225       389.23          1941.52        2586.36         3689.94         4713.20  
    0.231       389.75          1954.59        2599.18         3682.31         4677.54  
    0.238       388.86          1967.38        2602.34         3673.61         4601.49  
    0.244       387.50          1988.76        2606.58         3677.51         4445.05  
    0.250       386.55          2017.24        2618.61         3677.22         4296.96  
    0.256       385.26          2033.51        2640.52         3674.17         4226.54  
    0.263       382.69          2022.41        2618.33         3679.46         4101.91  
    0.269       380.72          2013.78        2600.99         3685.03         4056.82  
    0.275       379.57          2031.65        2624.11         3688.66         4237.80  
    0.281       379.12          2041.59        2618.05         3687.38         4293.84  
    0.288       378.71          2030.10        2609.68         3681.49         4160.02  
    0.294       376.09          2016.21        2632.09         3685.49         4137.54  
    0.300       372.80          1997.89        2638.65         3694.67         4265.55  
    0.306       371.39          1986.77        2646.90         3710.06         4340.41  
    0.312       370.05          1981.82        2658.48         3721.28         4202.47  
    0.319       364.10          1963.06        2652.20         3719.85         4009.60  
    0.325       354.88          1954.19        2664.47         3772.17         4048.07  
    0.331       352.30          1939.73        2667.71         3823.77         4483.01  
    0.338       365.57          1917.82        2656.22         3833.13         4693.38  
    0.344       370.69          1925.48        2635.62         3844.09         4743.46  
    0.350       330.52          1996.70        2836.02         3908.49         4860.26  
    0.356       307.48          2148.78        3327.71         4016.28         4891.17  
    0.363       341.06          2283.14        3600.35         4159.25         4901.85  
    0.369       366.40          2263.31        3571.79         4525.65         5032.04  
    0.375       362.07          2192.24        3565.65         4701.56         5056.33  
    0.381       354.13          2156.98        3588.09         4288.10         4945.36  
    0.388       353.23          2149.24        3682.44         4095.14         4834.38  
    0.394       368.12          2264.57        3675.79         4268.17         4797.47  
    0.400       365.99          2271.78        3619.42         4585.05         4832.14  
    0.406       308.28          2108.17        3639.87         4604.49         4931.44  
    0.413       305.12          2124.65        3630.52         4358.77         4953.48  
    0.419       340.76          2251.39        3544.26         4219.58         4954.80  
    0.425       350.36          2349.43        3502.55         4134.31         4951.58  
    0.431       351.01          2424.01        3502.94         4058.09         4952.48  
    0.438       324.46          2438.74        3623.01         4452.94         4882.22  
    