0.025       0          2065.95        2754.11         3994.70         4929.26  
    0.031       0          1927.87        2683.22         3835.91         4730.20  
    0.038       0          1941.59        2839.51         3848.58         4713.20  
    0.044       0          1982.19        2838.77         3757.98         4777.42  
    0.050       0          1974.52        2868.94         3805.44         4856.70  
    0.056       0          1945.14        2822.97         3763.65         4930.05  
    0.062       0          2055.74        2882.98         3846.91         4872.60  
    0.069       1841.76          2870.97        4024.04         4204.99         4936.81  
    0.075       29.71          1878.47        2860.75         4118.59         4930.54  
    0.081       1190.56          2529.35        3201.82         4329.27         4976.39  
    0.088       994.73          2480.79        3299.97         4505.76         4971.06  
    0.094       15.73          1845.35        2790.56         3644.00         4751.35  
    0.100       0          1900.19        2699.66         3697.67         4793.93  
    0.106       0          1798.87        2769.07         3732.67         4812.17  
    0.113       0          1868.72        2806.34         3685.09         4799.19  
    0.119       0          1935.01        2736.87         3630.60         4781.41  
    0.125       0          1862.98        2837.39         3514.03         4797.71  
    0.131       0          1890.09        2831.16         3653.36         4818.17  
    0.138       0          1870.59        2681.27         3677.62         4831.53  
    0.144       0          1878.03        2774.89         3671.93         4799.99  
    0.150       0          1905.27        2707.60         3448.50         4710.23  
    0.156       0          30.25        2055.35         2936.66         4789.12  
    0.163       317.76          2020.08        2962.48         4469.64         5168.85  
    0.169       380.71          1893.44        2834.40         4880.93         5494.84  
    0.175       6.06          458.78        1895.04         2834.77         4697.01  
    0.181       443.86          1899.60        2774.26         4769.39         4839.06  
    0.188       453.51          1895.32        2845.39         4648.17         4850.87  
    0.194       7.20          483.03        1899.87         2939.99         4832.88  
    0.200       456.54          1846.83        2864.74         4069.83         5149.85  
    0.206       461.82          1869.73        2782.00         3540.99         5045.24  
    0.213       463.79          1883.54        2888.93         3507.63         5039.84  
    0.219       466.78          1921.71        3053.97         3262.75         4987.65  
    0.225       468.60          1906.87        2999.44         3374.02         5140.38  
    0.231       469.04          1886.78        2645.61         3665.62         5193.32  
    0.238       467.76          1816.84        2776.64         3967.36         5016.81  
    0.244       466.78          1797.80        2858.97         3669.31         4828.83  
    0.250       456.98          1802.03        2704.18         3848.81         5253.48  
    0.256       452.70          1922.94        2723.90         3756.46         5339.06  
    0.263       449.95          1838.02        2761.51         3990.03         5165.12  
    0.269       450.84          1842.78        2807.45         3905.45         4991.11  
    0.275       450.96          1807.86        2802.41         3658.71         4846.40  
    0.281       446.66          1793.75        2730.16         3850.84         4843.65  
    0.288       446.49          1795.87        2752.38         3915.59         4911.58  
    0.294       443.86          1785.68        2796.65         4016.13         4924.29  
    0.300       438.85          1796.12        2704.32         3843.65         4923.35  
    0.306       436.31          1796.50        2693.84         3779.42         4968.05  
    0.312       433.49          1791.15        2682.45         3796.08         4963.28  
    0.319       432.73          1820.54        2725.36         3934.45         4956.31  
    0.325       431.04          1829.98        2730.56         3809.22         4978.74  
    0.331       429.26          1807.91        2700.62         3722.74         4993.23  
    0.338       424.69          1793.24        2701.57         3743.83         4973.87  
    0.344       425.46          1802.98        2791.03         3801.68         5095.96  
    0.350       426.49          1856.16        2737.80         3759.52         4987.63  
    0.356       424.59          1837.81        2721.69         3770.22         4922.11  
    0.363       423.38          1806.54        2803.21         3931.84         4962.04  
    0.369       423.35          1804.06        2859.07         4015.58         5010.28  
    0.375       421.56          1763.32        2868.59         3735.14         5127.64  
    0.381       423.80          1755.21        2830.63         3699.51         5197.16  
    0.388       423.11          1759.48        2766.34         3586.62         5125.44  
    0.394       423.43          1769.76        2778.30         3554.40         5173.66  
    0.400       422.20          1758.46        2777.39         3467.25         5176.23  
    0.406       414.84          1712.36        2769.83         3290.18         5158.48  
    0.413       406.20          1684.02        2715.59         3368.24         5084.40  
    0.419       377.45          1696.88        2861.95         3620.25         5174.19  
    0.425       307.63          1750.36        2837.82         3811.16         5231.47  
    0.431       266.39          2003.01        2866.83         4086.47         4984.49  
    0.438       260.21          2147.06        3066.61         4653.85         4796.87  
    0.444       4.13          34.12        2131.24         3418.92         4753.91  
    0.450       0          1761.98        2770.84         3534.21         4757.21  
    0.456       0          1857.24        2874.11         3672.99         4732.34  
    0.463       0          1967.71        2872.94         4169.63         4734.11  
    0.469       0          1962.96        2882.17         4020.71         4734.19  
    0.475       0          1925.88        2931.71         3845.95         4775.17  
    0.481       0          1813.43        2856.53         3807.64         4758.68  
    0.488       0          1857.65        2779.78         3780.61         4779.92  
    0.494       0          1804.80        2813.72         3775.04         4696.76  
    0.500       0          1876.55        2802.51         3741.14         4631.15  
    0.506       0          1968.70        2785.75         3750.02         4651.52  
    0.513       0          1949.77        2814.43         3846.96         4626.74  
    