0.025       0          1906.92        3013.51         3837.73         4594.07  
    0.031       0          1912.71        3019.43         3794.46         4556.69  
    0.038       0          1935.92        2987.74         3725.40         4639.71  
    0.044       0          1899.66        2964.08         3718.97         4572.53  
    0.050       0          1978.05        3003.34         3766.94         4656.53  
    0.056       0          1978.36        3037.52         3789.92         4601.62  
    0.062       0          2003.79        3026.77         3922.72         4540.66  
    0.069       0          2020.65        3025.13         3826.53         4542.90  
    0.075       0          2018.36        3012.32         3821.37         4539.10  
    0.081       0          2020.54        2984.22         3828.18         4629.98  
    0.088       0          2017.18        3011.09         3871.51         4566.87  
    0.094       0          2014.37        2993.20         3867.19         4499.26  
    0.100       0          1993.82        2981.85         3839.21         4456.81  
    0.106       0          1963.19        2980.15         3844.34         4369.22  
    0.113       0          2037.96        3096.85         3864.70         4469.74  
    0.119       0          28.67        2084.89         3188.05         4137.65  
    0.125       324.25          2051.59        3133.48         4038.92         4797.89  
    0.131       423.47          2020.56        2914.58         3843.09         4647.69  
    0.138       450.31          2024.87        2838.62         3757.97         4466.92  
    0.144       470.72          2036.07        2854.74         3776.59         4478.24  
    0.150       488.65          2018.26        2834.27         3752.31         4480.39  
    0.156       502.13          2008.01        2795.93         3920.34         4484.04  
    0.163       519.57          2015.37        2823.09         3871.25         4735.75  
    0.169       533.14          2023.49        2859.82         3856.05         4733.39  
    0.175       535.86          2032.79        2934.37         3916.86         4634.92  
    0.181       555.39          2040.61        2917.63         3876.67         4640.94  
    0.188       569.90          2047.86        2918.48         3811.06         4540.05  
    0.194       563.49          2050.43        3068.60         3753.11         4630.14  
    0.200       556.75          2063.00        3082.57         3800.29         4644.79  
    0.206       562.47          2051.78        2994.88         3765.56         4676.74  
    0.213       562.68          2051.52        2962.43         3769.07         4599.14  
    0.219       570.75          2047.58        2940.64         3797.37         4644.34  
    0.225       569.58          2053.54        2911.33         3881.01         4628.20  
    0.231       560.21          2038.35        2853.46         3857.39         4586.49  
    0.238       579.32          2030.57        2843.93         3845.03         4499.93  
    0.244       595.32          2003.92        2805.81         3800.06         4456.93  
    0.250       598.82          1996.45        2823.77         3840.49         4503.06  
    0.256       615.38          1997.01        2866.56         3857.07         4655.73  
    0.263       612.09          1989.98        2829.26         3857.45         4784.49  
    0.269       612.17          1990.24        2851.81         3841.23         4669.93  
    0.275       610.10          1980.99        2897.17         3840.25         4631.45  
    0.281       600.76          1971.16        2891.07         3818.65         4488.51  
    0.288       615.68          1967.12        2891.22         3846.86         4456.52  
    0.294       623.02          1972.96        2863.25         3838.62         4459.29  
    0.300       595.16          1971.24        2849.83         3801.40         4435.36  
    0.306       565.20          1975.28        2869.46         3759.07         4327.90  
    0.312       551.41          1997.04        2862.11         3717.31         4293.48  
    0.319       526.70          2023.36        2911.31         3682.64         4333.31  
    0.325       502.31          1987.89        2935.88         3694.91         4290.07  
    0.331       480.43          1977.74        2957.70         3759.82         4277.10  
    0.338       455.24          1997.68        2892.19         3772.63         4218.89  
    0.344       420.21          2006.71        2888.18         3774.12         4245.88  
    0.350       394.04          2008.22        2960.44         3846.14         4388.18  
    0.356       207.45          2055.84        3095.61         3922.35         4569.76  
    0.363       2.88          28.91        2086.13         3166.22         3996.61  
    0.369       0          1981.25        3022.23         3746.69         4408.96  
    0.375       0          1981.38        3082.37         3838.22         4526.26  
    0.381       0          1962.01        3096.32         3896.55         4525.44  
    0.388       0          1972.77        2906.69         3812.35         4538.61  
    0.394       0          1964.79        3052.22         3825.51         4518.24  
    0.400       0          1979.16        3035.72         3904.72         4538.57  
    0.406       0          2000.03        3071.47         3983.45         4627.42  
    0.413       0          1960.38        2955.92         3907.23         4536.63  
    0.419       0          1998.82        3257.80         3817.21         4598.23  
    0.425       0          2023.68        3657.42         3814.30         4922.77  
    0.431       0          1988.55        3579.85         3828.49         4706.54  
    0.438       0          1979.16        3381.73         3854.17         4611.14  
    0.444       0          1988.31        3479.59         3918.10         4691.21  
    0.450       0          27.96        2069.79         3804.26         4093.95  
    0.456       0          1961.39        3023.36         3830.27         4470.76  
    0.463       0          2045.80        2707.63         3835.67         4477.82  
    