0.025       850.30          1991.60        3015.86         3878.39         4999.98  
    0.031       1006.22          2014.67        3024.75         3872.65         4981.43  
    0.038       1170.13          1991.65        3049.06         3909.52         4963.03  
    0.044       450.37          1933.94        3041.98         3891.62         4831.10  
    0.050       0          1906.60        2999.82         3877.73         4790.27  
    0.056       0          1898.27        2983.84         3877.71         4679.12  
    0.062       0          1923.09        2970.49         3832.75         4784.61  
    0.069       0          1897.29        2897.47         3778.84         4790.32  
    0.075       0          695.46        2281.61         3263.45         4207.19  
    0.081       0          0        1940.63         2985.09         3921.89  
    0.088       0          0        1962.55         3029.13         4013.90  
    0.094       533.90          1300.52        2679.47         3677.77         4591.70  
    0.100       315.48          768.49        2409.02         3421.75         4321.51  
    0.106       0          0        1996.92         3014.19         3971.12  
    0.113       0          0        2004.05         3028.03         4056.05  
    0.119       0          0        2012.31         3057.14         4144.38  
    0.125       0          1239.26        2596.34         3707.39         4226.67  
    0.131       463.12          2065.48        3024.42         4083.37         4710.16  
    0.138       721.02          2091.71        3074.80         4032.07         4934.07  
    0.144       633.96          2088.23        3040.69         4073.77         4897.81  
    0.150       496.67          2085.46        3021.13         4112.46         4816.23  
    0.156       421.05          2016.41        2894.70         3930.54         4644.08  
    0.163       421.76          1974.32        2803.61         3807.84         4318.39  
    0.169       442.14          1985.53        2817.29         3740.82         4263.66  
    0.175       463.31          1981.50        2831.12         3628.14         4376.07  
    0.181       482.56          1964.57        2793.96         3725.23         4370.09  
    0.188       498.28          1965.38        2761.01         3916.64         4523.55  
    0.194       513.67          1964.96        2759.61         3908.96         4686.24  
    0.200       519.94          1980.63        2799.03         3935.49         4604.57  
    0.206       531.38          1994.42        2811.67         3949.71         4600.78  
    0.213       546.62          2005.07        2772.81         3885.42         4528.65  
    0.219       549.93          2021.14        2807.60         3837.61         4500.35  
    0.225       544.52          2037.27        2863.82         3864.21         4542.87  
    0.231       543.91          2020.49        2798.17         3837.30         4633.76  
    0.238       544.15          2008.56        2756.71         3804.77         4603.10  
    0.244       547.82          1998.89        2746.49         3795.48         4595.84  
    0.250       551.31          1987.97        2742.94         3850.43         4612.94  
    0.256       543.81          1984.83        2752.82         3869.27         4589.31  
    0.263       543.54          1984.05        2770.89         3856.86         4517.08  
    0.269       550.32          1969.11        2763.26         3812.60         4453.73  
    0.275       550.62          1961.82        2752.55         3817.44         4466.09  
    0.281       554.44          1971.89        2784.91         3847.81         4567.30  
    0.288       555.20          1976.66        2801.82         3860.26         4722.93  
    0.294       552.03          1980.34        2806.18         3854.05         4718.69  
    0.300       547.47          1976.75        2829.02         3844.07         4654.63  
    0.306       542.59          1967.14        2836.15         3826.43         4548.17  
    0.312       542.54          1961.79        2829.37         3834.28         4469.80  
    0.319       545.44          1962.29        2820.17         3847.66         4463.34  
    0.325       536.71          1960.42        2804.58         3827.07         4464.02  
    0.331       516.94          1958.59        2815.18         3784.43         4391.77  
    0.338       502.40          1975.12        2825.74         3740.00         4314.16  
    0.344       481.07          2000.18        2843.89         3695.43         4321.39  
    0.350       454.41          1995.49        2877.34         3682.91         4310.90  
    0.356       433.90          1976.87        2885.10         3719.15         4277.52  
    0.363       415.22          1978.60        2864.73         3752.74         4233.05  
    0.369       400.63          1989.25        2862.33         3748.68         4221.87  
    0.375       392.02          1985.12        2905.62         3797.67         4316.97  
    0.381       374.83          2025.29        3001.07         3908.96         4488.22  
    0.388       355.99          2079.78        3045.00         3996.34         4821.28  
    0.394       130.00          778.65        2482.67         3702.12         4296.21  
    0.400       0          1088.53        2535.61         3713.85         4344.34  
    0.406       0          643.22        2400.24         3497.47         4196.90  
    0.413       119.59          1355.92        3055.16         3664.62         4518.84  
    0.419       197.50          2134.83        3522.53         3905.51         4757.20  
    0.425       74.95          788.04        2653.70         3459.03         4291.73  
    0.431       250.70          1333.85        2782.17         3789.76         4566.67  
    0.438       501.89          2187.23        3171.32         4158.11         4806.68  
    0.444       209.03          826.71        2486.66         3556.29         4205.52  
    0.450       0          0        2060.53         3237.57         3872.06  
    0.456       107.77          1292.36        2846.27         3746.11         4513.77  
    0.463       63.68          763.66        2501.29         3559.91         4296.03  
    0.469       0          0        2008.07         3248.40         4012.70  
    0.475       0          0        2033.36         3277.91         4049.92  
    0.481       0          1232.36        2679.65         3652.08         4397.78  
    0.488       0          1863.11        2815.25         3805.31         4504.20  
    0.494       0          1781.78        2794.29         3759.29         4376.06  
    0.500       0          656.59        2258.51         3444.86         4138.09  
    0.506       0          0        1987.94         3368.70         3947.25  
    0.513       0          0        2111.23         3461.49         3895.16  
    