0.025       0          2121.55        2713.53         3469.52         4411.13  
    0.031       0          2109.36        2736.05         3483.07         4436.46  
    0.038       1305.81          2520.42        3217.61         4060.19         5099.62  
    0.044       807.45          2383.14        3062.72         3866.42         4809.61  
    0.050       1343.70          2510.70        3245.29         4036.41         5073.10  
    0.056       2204.70          2692.18        3535.76         4336.05         5500.00  
    0.062       2133.20          2661.30        3544.81         4387.95         5500.00  
    0.069       2036.74          2628.36        3528.25         4448.16         5500.00  
    0.075       768.59          2545.41        2918.84         3889.31         4884.99  
    0.081       0          2424.82        2580.65         3576.34         4502.01  
    0.088       0          2108.47        2605.20         3604.03         4491.09  
    0.094       0          1902.88        2626.10         3620.59         4503.05  
    0.100       296.23          1962.69        2613.38         3719.46         4648.92  
    0.106       485.46          1787.93        2592.05         3723.75         4700.19  
    0.113       499.20          1641.98        2572.85         3635.93         4706.38  
    0.119       513.17          1645.10        2550.85         3621.97         5125.34  
    0.125       517.07          1647.33        2536.02         3645.59         5168.05  
    0.131       520.20          1642.50        2522.67         3693.48         4940.06  
    0.138       524.06          1636.75        2504.25         3755.79         4826.68  
    0.144       523.21          1634.76        2489.67         3809.62         4971.32  
    0.150       520.73          1637.17        2471.75         3770.80         4771.15  
    0.156       518.78          1641.94        2453.66         3731.81         4541.04  
    0.163       520.87          1643.36        2447.49         3754.86         4582.22  
    0.169       525.87          1646.30        2450.15         3864.61         4655.51  
    0.175       528.13          1657.58        2450.43         4011.53         4674.96  
    0.181       527.43          1661.22        2442.78         3980.33         4628.68  
    0.188       527.80          1658.30        2429.86         3893.47         4634.63  
    0.194       529.59          1654.82        2409.02         3881.59         4653.84  
    0.200       532.10          1651.26        2396.29         3882.75         4579.17  
    0.206       531.91          1648.16        2390.30         3769.18         4603.53  
    0.213       530.67          1643.79        2382.41         3690.21         4656.38  
    0.219       533.48          1638.43        2374.53         3749.67         4637.81  
    0.225       539.86          1635.12        2363.10         3800.98         4605.81  
    0.231       545.10          1627.01        2345.67         3723.03         4624.78  
    0.238       546.90          1621.76        2326.78         3669.19         4667.49  
    0.244       547.76          1625.66        2320.04         3810.34         5187.71  
    0.250       550.26          1632.66        2329.02         3883.94         5500.00  
    0.256       551.98          1637.73        2331.54         3842.79         5500.00  
    0.263       551.30          1637.39        2321.64         3816.70         5500.00  
    0.269       551.20          1632.87        2316.61         3816.48         5500.00  
    0.275       550.91          1634.58        2317.35         3804.45         5500.00  
    0.281       550.19          1637.42        2316.09         3775.11         5500.00  
    0.288       550.83          1638.12        2323.99         3762.43         5500.00  
    0.294       549.92          1640.50        2324.54         3749.29         5500.00  
    0.300       546.26          1640.73        2314.55         3769.64         5431.29  
    0.306       540.12          1640.55        2308.05         3791.59         5457.51  
    0.312       534.30          1637.31        2298.04         3633.21         5205.77  
    0.319       533.88          1638.12        2299.84         3606.99         5061.90  
    0.325       535.17          1640.57        2300.38         3680.31         5025.32  
    0.331       529.11          1635.08        2291.12         3703.86         4769.23  
    0.338       520.43          1628.62        2295.46         3681.70         4825.32  
    0.344       514.44          1627.24        2322.31         3680.37         4839.88  
    0.350       511.04          1630.97        2370.57         3657.66         4886.51  
    0.356       511.91          1630.44        2383.27         3643.07         4688.23  
    0.363       514.76          1629.66        2377.19         3656.16         4525.00  
    0.369       516.34          1627.70        2391.41         3669.30         5127.88  
    0.375       517.09          1620.53        2396.16         3725.28         4865.02  
    0.381       516.90          1615.12        2370.37         3755.53         4212.13  
    0.388       513.98          1609.45        2332.96         3659.18         4058.67  
    0.394       510.48          1608.70        2334.92         3662.38         3999.89  
    0.400       507.69          1608.76        2416.10         3730.64         4010.85  
    0.406       505.22          1603.42        2453.45         3684.94         4209.37  
    0.413       505.12          1596.65        2451.77         3646.86         4566.26  
    0.419       503.60          1603.61        2437.80         3670.74         5120.93  
    0.425       191.94          926.68        2044.92         2895.23         4303.44  
    0.431       0          503.87        1725.42         2446.92         3666.58  
    0.438       0          502.93        1685.97         2430.74         3765.31  
    0.444       0          500.45        1703.19         2420.44         3819.77  
    0.450       0          501.75        1692.36         2489.47         3713.82  
    0.456       0          496.34        1613.08         2525.47         3523.22  
    0.463       296.15          1115.65        2119.68         3080.78         3860.28  
    0.469       469.70          1537.16        2460.03         3495.66         4971.32  
    0.475       177.20          890.08        1912.09         2966.90         4184.18  
    0.481       293.30          1170.74        2335.65         2952.42         4196.23  
    0.488       181.36          1149.76        2546.33         3167.28         4600.02  
    0.494       0          1016.93        2469.96         3205.50         4503.36  
    0.500       0          1078.83        2555.45         3251.51         4487.15  
    0.506       0          906.13        2569.03         3255.64         4448.21  
    0.513       0          852.10        2576.01         3249.07         4381.59  
    0.519       470.80          1955.17        2994.89         3913.31         5062.87  
    0.525       708.55          2597.82        3259.85         4205.80         5350.17  
    0.531       714.52          2528.75        3255.38         4189.88         5407.35  
    0.537       744.97          2492.29        3269.99         4206.49         5243.80  
    0.544       793.95          2548.94        3248.76         4156.46         5185.58  
    