0.025       528.93          1735.37        2740.90         4694.44         5500.00  
    0.031       528.18          1736.02        2708.83         4724.44         5500.00  
    0.038       526.30          1726.88        2666.42         4497.39         5283.29  
    0.044       524.98          1720.16        2646.83         3920.68         5161.28  
    0.050       524.89          1720.57        2596.58         3567.69         5244.79  
    0.056       524.21          1717.32        2518.19         3418.47         5243.94  
    0.062       523.24          1714.84        2510.08         3328.53         5208.26  
    0.069       522.89          1717.81        2558.53         3596.31         5360.42  
    0.075       521.79          1726.55        2555.42         3997.24         5500.00  
    0.081       519.12          1728.97        2459.96         3974.32         5500.00  
    0.088       516.02          1720.35        2386.92         3741.47         5500.00  
    0.094       514.74          1718.18        2396.19         3554.43         5500.00  
    0.100       514.19          1725.50        2430.87         3544.84         5500.00  
    0.106       512.27          1736.24        2457.73         3805.48         5500.00  
    0.113       510.68          1745.96        2481.08         3735.57         5344.79  
    0.119       511.37          1745.44        2502.27         3718.25         5190.89  
    0.125       513.38          1751.74        2487.58         3945.84         5349.23  
    0.131       514.69          1761.79        2466.03         3813.60         5500.00  
    0.138       516.32          1764.68        2468.79         3564.24         5500.00  
    0.144       518.94          1757.73        2466.85         3490.68         5500.00  
    0.150       520.69          1745.08        2460.65         3539.85         5500.00  
    0.156       521.44          1737.04        2461.61         3595.41         5500.00  
    0.163       521.67          1733.82        2465.36         3630.26         5500.00  
    0.169       522.53          1736.54        2480.48         3708.51         5500.00  
    0.175       523.93          1744.13        2503.19         4040.36         5500.00  
    0.181       521.15          1743.12        2509.42         4108.65         5500.00  
    0.188       516.14          1728.21        2520.55         3784.43         5442.53  
    0.194       513.76          1709.63        2553.94         3665.05         5450.93  
    0.200       513.09          1699.25        2597.03         3898.91         5500.00  
    0.206       515.31          1695.84        2630.40         4355.69         5500.00  
    0.213       517.18          1698.66        2656.01         4658.93         5500.00  
    0.219       517.39          1702.58        2677.09         4725.54         5500.00  
    0.225       238.43          1063.81        2154.45         3634.62         5012.64  
    0.231       0          518.09        1699.91         2695.15         4587.63  
    0.238       0          519.48        1694.50         2701.97         4613.04  
    0.244       0          522.04        1694.93         2713.14         4665.01  
    0.250       0          519.45        1696.81         2727.11         4656.06  
    0.256       0          507.18        1713.19         2837.04         4592.40  
    0.263       251.05          1172.58        2292.68         3463.73         4977.96  
    0.269       454.33          1753.17        2756.55         3971.37         5258.17  
    0.275       421.26          1779.32        2739.41         3972.81         5130.17  
    0.281       184.71          827.77        2238.85         3318.52         4433.25  
    0.288       0          0        1820.61         2775.14         3904.11  
    0.294       0          926.74        2269.85         3412.20         4250.01  
    0.300       0          1756.18        2690.08         3952.45         4974.81  
    0.306       0          1890.04        2757.76         3923.61         5315.51  
    0.312       0          1960.50        2771.31         3896.65         5399.80  
    0.319       0          1955.22        2749.89         3895.70         5383.00  
    0.325       0          1847.90        2778.12         3968.58         5248.32  
    0.331       736.81          2029.97        2839.24         4052.37         5206.97  
    0.338       1198.47          2309.30        2824.82         4040.29         5169.06  
    0.344       486.14          2225.56        2756.31         3985.65         5164.76  
    0.350       930.77          1963.49        2774.20         3927.26         5166.82  
    0.356       1609.52          2189.05        2831.24         3885.60         5155.22  
    0.363       695.70          1150.90        2183.72         3339.45         4467.12  
    0.369       0          889.09        2269.47         3415.58         4500.06  
    0.375       0          1725.49        2877.23         3863.58         5058.94  
    0.381       0          1781.38        2923.70         3867.69         5114.98  
    0.388       0          1818.33        2922.48         3888.42         5147.15  
    0.394       0          1836.98        2920.72         3865.80         4985.19  
    0.400       0          1835.52        2908.94         3809.80         4842.64  
    0.406       0          1839.94        2906.05         3788.68         5039.68  
    0.413       0          1807.79        2891.37         3795.76         4875.67  
    0.419       0          1773.97        2851.36         3843.74         4872.37  
    0.425       830.49          2302.81        2804.82         3864.72         5114.03  
    0.431       1554.71          2729.16        2799.38         3826.56         5160.50  
    