0.025       0          1908.23        2625.65         3841.66         4501.37  
    0.031       0          1946.92        2661.01         3865.16         4568.24  
    0.038       0          1941.04        2612.97         3767.57         4478.30  
    0.044       0          1955.39        2514.20         3689.59         4399.99  
    0.050       0          1992.57        2572.99         3794.51         4553.64  
    0.056       0          2018.28        2629.83         3906.56         4559.58  
    0.062       0          2040.40        2672.80         4006.35         4493.26  
    0.069       0          2031.35        2712.24         4029.19         4424.11  
    0.075       0          1962.02        2644.32         3880.31         4363.97  
    0.081       1179.88          2268.46        3310.92         4161.18         5063.02  
    0.088       1924.77          2427.04        3738.81         4361.88         5131.48  
    0.094       1938.10          2422.26        3830.37         4168.66         4838.28  
    0.100       736.59          2112.99        3100.70         3934.93         4709.14  
    0.106       0          1903.93        2584.14         3895.81         4611.40  
    0.113       0          1930.22        2563.74         3970.33         4468.51  
    0.119       0          1992.57        2577.68         3951.49         4484.05  
    0.125       0          1968.45        2547.12         3844.79         4514.25  
    0.131       179.21          1998.55        2818.11         3994.79         4686.35  
    0.138       329.60          1995.09        2718.97         4110.83         4777.19  
    0.144       372.93          1962.22        2560.87         4368.58         4686.03  
    0.150       383.41          1948.66        2563.24         4451.55         4664.32  
    0.156       380.84          1943.70        2546.86         4434.12         4727.48  
    0.163       380.30          1947.13        2530.78         4444.59         4859.10  
    0.169       381.83          1960.11        2534.31         4398.78         4910.94  
    0.175       383.95          1976.16        2550.00         4358.65         4864.68  
    0.181       386.12          1987.26        2564.04         4339.31         4856.45  
    0.188       387.20          1989.44        2567.55         4338.41         4889.24  
    0.194       389.08          1994.11        2567.17         4346.04         4920.53  
    0.200       390.50          2000.00        2572.73         4329.52         4931.56  
    0.206       390.00          2005.33        2586.64         4320.41         4937.29  
    0.213       390.43          2009.46        2606.78         4308.39         4922.68  
    0.219       391.93          2013.34        2617.85         4275.72         4904.68  
    0.225       391.15          2016.25        2627.20         4258.25         4894.28  
    0.231       390.29          2015.58        2619.17         4268.71         4915.20  
    0.238       392.39          2015.04        2635.45         4301.60         4964.99  
    0.244       389.73          2014.29        2673.77         4345.96         5014.40  
    0.250       384.85          2008.02        2644.01         4349.79         4996.29  
    0.256       382.94          2005.33        2642.38         4323.16         4971.30  
    0.263       382.88          2005.46        2665.20         4330.29         4978.88  
    0.269       380.56          1991.60        2605.11         4368.30         4992.16  
    0.275       379.21          1983.49        2562.42         4393.56         5002.84  
    0.281       378.39          1986.11        2561.05         4417.09         5026.40  
    0.288       376.49          1970.31        2534.33         4441.98         5055.53  
    0.294       374.65          1951.18        2485.89         4462.48         5063.31  
    0.300       372.38          1944.60        2453.59         4512.38         5027.50  
    0.306       369.38          1956.97        2469.98         4569.76         4943.72  
    0.312       367.88          1959.25        2489.22         4653.72         4941.98  
    0.319       373.34          1945.39        2466.14         4770.53         4977.20  
    0.325       379.39          1938.33        2473.03         4847.14         4948.16  
    0.331       375.94          1935.37        2480.63         4901.49         5055.03  
    0.338       364.96          1925.05        2461.45         4669.65         5030.48  
    0.344       356.35          1905.86        2451.46         4345.80         4974.10  
    0.350       354.87          1886.17        2454.31         4271.40         4952.73  
    0.356       353.57          1872.91        2424.72         4324.00         4963.08  
    0.363       354.90          1860.76        2380.85         4287.18         4975.85  
    0.369       364.17          1848.85        2355.69         4270.60         5056.67  
    0.375       372.30          1842.74        2333.78         4282.14         5088.18  
    0.381       371.42          1842.72        2333.66         4262.16         5174.13  
    0.388       354.50          1839.43        2357.17         4247.86         5054.48  
    0.394       331.86          1880.61        2451.98         4154.52         4898.82  
    0.400       318.12          1982.66        2727.09         4094.68         4915.07  
    0.406       159.59          2078.51        3019.46         4090.77         4919.73  
    0.413       24.51          801.50        2491.62         3416.77         4403.04  
    0.419       0          1224.03        2490.52         3666.86         4233.05  
    0.425       0          1961.63        2818.17         4027.09         4411.59  
    0.431       0          1993.08        3244.46         4033.44         4613.32  
    0.438       0          2026.87        2939.29         3916.42         4528.92  
    0.444       0          2013.46        2592.07         3935.63         4454.13  
    0.450       0          2005.60        2637.92         4023.97         4688.94  
    0.456       0          1996.65        2721.64         4008.02         4731.57  
    0.463       0          1968.24        2651.10         3961.10         4604.37  
    0.469       0          1992.87        2610.88         3940.18         4488.54  
    0.475       0          2043.81        2426.83         3874.92         4504.75  
    0.481       979.78          2195.61        3137.54         4139.68         4669.36  
    0.488       1528.14          2285.22        3647.39         4219.16         4871.53  
    0.494       1507.38          2216.93        3600.99         4129.01         4915.40  
    0.500       1520.42          2161.78        3567.62         4135.14         4838.83  
    0.506       1750.67          2319.78        3808.63         4174.76         5235.46  
    0.513       1739.79          2100.08        3739.12         4145.27         5160.91  
    0.519       1729.15          2000.68        3627.63         4118.22         4975.57  
    0.525       1597.90          2121.21        3588.73         4113.97         4898.41  
    