0.025       789.82          1144.16        2515.62         3856.10         4475.62  
    0.031       782.38          1229.21        2530.35         3861.59         4481.53  
    0.038       787.27          1276.63        2540.55         3848.71         4479.20  
    0.044       767.51          1223.35        2563.91         3835.49         4487.02  
    0.050       779.76          1191.91        2552.36         3782.10         4458.44  
    0.056       797.80          1207.22        2554.59         3745.75         4405.36  
    0.062       795.90          1231.69        2598.17         3792.04         4388.50  
    0.069       788.75          1256.25        2617.70         3857.73         4443.62  
    0.075       781.99          1274.72        2621.33         3868.12         4483.16  
    0.081       782.81          1283.17        2615.03         3835.77         4570.83  
    0.088       789.11          1290.39        2645.84         3835.38         4671.16  
    0.094       793.31          1304.77        2675.37         3832.88         4785.00  
    0.100       796.98          1340.15        2702.70         3805.08         4861.40  
    0.106       804.08          1376.32        2714.68         3843.03         4891.73  
    0.113       807.11          1355.10        2704.82         3884.67         4942.20  
    0.119       808.36          1318.30        2676.69         3837.25         4865.53  
    0.125       803.98          1347.26        2663.87         3820.05         5116.29  
    0.131       795.49          1412.47        2673.56         3845.90         5422.59  
    0.138       790.00          1447.01        2651.21         3859.83         5115.89  
    0.144       787.49          1433.65        2600.86         3815.40         4568.17  
    0.150       784.13          1565.96        2599.01         3933.97         4588.06  
    0.156       780.91          1637.12        2629.16         4033.25         5223.17  
    0.163       778.51          1664.89        2665.79         4067.27         5500.00  
    0.169       774.73          1662.28        2695.37         4077.81         5500.00  
    0.175       769.27          1578.33        2727.68         4033.53         5500.00  
    0.181       765.23          1514.06        2715.68         4001.13         5500.00  
    0.188       761.27          1481.33        2684.83         3910.97         5500.00  
    0.194       759.85          1486.46        2654.65         3868.35         5500.00  
    0.200       756.55          1470.57        2596.07         3838.91         5500.00  
    0.206       754.07          1459.42        2545.35         3840.19         5351.56  
    0.213       749.20          1449.72        2504.00         3888.07         4988.57  
    0.219       743.82          1434.58        2481.04         3947.24         4750.83  
    0.225       736.08          1397.68        2451.18         4078.46         4570.38  
    0.231       722.06          1325.95        2444.31         4043.50         4422.98  
    0.238       707.63          1263.78        2489.60         3946.53         4363.07  
    0.244       703.38          1241.02        2494.47         3888.40         4361.34  
    0.250       704.36          1232.66        2479.89         3826.45         4377.61  
    0.256       705.65          1232.12        2495.76         3784.94         4386.92  
    0.263       701.33          1206.82        2512.61         3799.87         4370.31  
    0.269       700.25          1217.95        2505.99         3793.38         4344.78  
    0.275       693.43          1211.05        2510.60         3782.76         4367.87  
    0.281       693.67          1153.31        2499.36         3796.22         4428.89  
    0.288       720.97          1124.24        2475.85         3806.91         4431.23  
    0.294       766.69          1116.80        2458.90         3902.39         4321.11  
    0.300       780.62          1130.98        2431.74         3942.93         4216.70  
    0.306       775.78          1143.09        2385.93         3864.63         4218.05  
    0.312       774.63          1119.25        2382.76         3739.78         4346.38  
    0.319       763.46          1072.11        2405.25         3744.27         4401.94  
    0.325       729.76          1044.88        2419.60         3818.95         4404.05  
    0.331       705.10          1062.69        2430.84         3876.92         4388.90  
    0.338       682.65          1087.28        2407.10         3826.50         4395.56  
    0.344       675.99          1059.90        2364.20         3776.24         4439.13  
    0.350       689.12          976.16        2329.31         3775.83         4449.63  
    0.356       689.25          1002.59        2311.99         3855.36         4377.44  
    0.363       686.63          1084.00        2278.56         3976.86         4342.49  
    0.369       571.39          1097.17        2248.17         4015.92         4423.84  
    