0.025       927.40          1384.00        2927.97         3711.31         5500.00  
    0.031       923.88          1382.10        2891.12         3675.37         5207.92  
    0.038       980.48          1361.59        2911.23         3696.61         5296.94  
    0.044       1009.75          1345.09        2936.32         3553.98         5263.26  
    0.050       988.57          1348.12        2878.58         3549.02         5157.13  
    0.056       952.82          1351.33        2748.66         3591.07         5207.39  
    0.062       946.70          1352.93        2650.34         3509.21         5136.71  
    0.069       975.12          1354.46        2608.14         3647.76         5099.33  
    0.075       1021.96          1344.55        2694.63         3760.37         5050.65  
    0.081       1032.82          1338.78        2864.27         3727.78         4954.31  
    0.088       1024.98          1336.33        2956.58         3794.49         4953.58  
    0.094       979.49          1339.07        2956.51         3719.28         4931.19  
    0.100       950.76          1338.68        2928.78         3646.16         4942.44  
    0.106       974.88          1330.71        2915.24         3613.79         5034.07  
    0.113       1008.68          1322.94        2909.87         3669.09         5056.58  
    0.119       1052.04          1311.57        2922.32         3777.05         4977.34  
    0.125       1133.35          1287.96        2991.30         3723.21         4926.87  
    0.131       1093.65          1310.51        3013.39         3566.12         4912.30  
    0.138       1040.66          1328.95        2959.42         3593.43         5000.67  
    0.144       1052.00          1324.36        2942.98         3601.80         5039.91  
    0.150       1039.77          1325.70        2910.68         3565.31         5025.60  
    0.156       1061.85          1317.75        2902.79         3577.66         5069.96  
    0.163       1075.62          1312.15        2906.53         3636.88         5089.26  
    0.169       1049.89          1317.65        2898.39         3628.67         5043.83  
    0.175       1025.27          1326.76        2867.93         3609.86         5049.77  
    0.181       1022.15          1340.45        2848.78         3626.21         5076.66  
    0.188       1061.82          1340.69        2859.18         3683.12         5094.21  
    0.194       1075.25          1326.64        2880.53         3703.54         5033.47  
    0.200       1096.74          1298.47        2880.54         3735.90         5031.28  
    0.206       1124.31          1287.20        2901.47         3800.75         5140.45  
    0.213       1115.21          1298.64        2907.75         3684.64         5079.89  
    0.219       1104.62          1310.92        2842.22         3565.91         5021.04  
    0.225       1133.85          1308.49        2772.64         3550.60         4994.12  
    0.231       1133.13          1312.12        2812.62         3549.76         4935.43  
    0.238       1099.91          1328.30        2870.69         3564.59         4950.79  
    0.244       1100.93          1318.86        2903.88         3653.94         5126.99  
    0.250       1082.70          1309.10        2890.24         3693.30         5115.26  
    0.256       1076.93          1302.31        2893.00         3740.88         5010.32  
    0.263       1071.51          1297.72        2905.44         3706.59         4915.76  
    0.269       1075.29          1287.84        2929.06         3706.57         4895.13  
    0.275       1058.63          1284.27        2938.96         3613.21         4893.44  
    0.281       1035.34          1298.07        2919.80         3572.68         4961.22  
    0.288       1043.76          1310.54        2906.50         3594.55         4994.75  
    0.294       1081.07          1303.06        2897.24         3590.49         4933.65  
    0.300       1138.25          1279.26        2875.86         3565.43         4909.56  
    0.306       1165.67          1269.29        2864.38         3567.93         4946.50  
    0.312       1169.06          1262.82        2850.37         3577.50         4997.61  
    0.319       1209.43          1246.43        2864.27         3588.74         5043.53  
    0.325       1229.46          1234.16        2869.71         3582.29         5020.45  
    0.331       1219.71          1232.11        2855.15         3546.32         4997.97  
    0.338       1123.30          1293.09        2829.75         3517.43         4920.30  
    0.344       1055.59          1332.35        2767.77         3484.46         4815.31  
    0.350       1120.14          1278.29        2735.55         3441.40         4850.29  
    0.356       1100.11          1313.84        2633.93         3452.00         4756.94  
    0.363       1134.66          1339.46        2719.55         3614.29         4728.62  
    0.369       1143.96          1308.89        2771.92         3611.61         4690.85  
    0.375       1111.30          1312.25        2747.79         3502.71         4753.11  
    0.381       1100.84          1307.84        2690.18         3490.28         4806.08  
    0.388       1146.13          1227.17        2645.40         3489.61         4729.31  
    0.394       1131.23          1260.28        2603.72         3422.96         4676.13  
    0.400       1038.24          1314.50        2638.50         3376.93         4673.88  
    0.406       1007.13          1327.98        2717.46         3369.27         4707.72  
    0.413       1039.36          1302.54        2758.22         3374.88         4726.79  
    0.419       1016.83          1306.98        2736.94         3438.27         4803.53  
    0.425       924.99          1341.87        2674.02         3508.84         5058.81  
    0.431       858.28          1350.40        2627.88         3468.66         5045.73  
    0.438       811.41          1348.49        2551.96         3534.44         5021.48  
    0.444       771.64          1338.15        2505.38         3745.64         4903.11  
    0.450       746.10          1324.00        2532.79         3886.04         4789.51  
    0.456       730.26          1310.79        2667.41         3965.52         4969.68  
    0.463       719.60          1294.54        2869.99         3595.94         5117.18  
    0.469       715.29          1285.86        2959.02         3243.03         5149.70  
    0.475       718.39          1288.13        3001.63         3152.42         5150.25  
    0.481       716.13          1289.04        3091.35         3132.23         5160.67  
    0.488       715.09          1291.94        3082.10         3143.63         5149.67  
    0.494       708.96          1291.70        3002.67         3229.09         5163.01  
    0.500       696.48          1281.09        2974.07         3285.78         5210.56  
    0.506       691.10          1272.44        2955.45         3347.01         5176.87  
    