0.025       844.40          1372.44        3021.55         3436.13         3917.31  
    0.031       202.20          958.30        1754.91         3133.14         3887.73  
    0.038       0          834.30        1349.32         3024.14         3886.19  
    0.044       0          824.44        1339.17         3026.88         3986.41  
    0.050       0          826.17        1336.84         3047.15         3988.34  
    0.056       0          827.56        1333.26         3037.45         3944.97  
    0.062       0          806.05        1326.08         3060.18         3977.80  
    0.069       0          806.60        1329.51         3089.09         4023.71  
    0.075       600.83          1188.01        2647.81         3866.84         4131.22  
    0.081       770.16          1289.58        3046.44         4060.20         4093.32  
    0.088       182.92          917.06        1730.14         3238.51         3976.99  
    0.094       0          819.59        1332.28         2969.60         4030.25  
    0.100       0          804.65        1333.28         2967.39         4084.84  
    0.106       0          808.50        1327.15         2973.28         4095.83  
    0.113       0          819.47        1323.51         2978.38         4065.28  
    0.119       0          847.01        1327.85         2982.30         4035.06  
    0.125       0          867.52        1332.74         2984.63         4054.03  
    0.131       0          879.27        1278.66         2988.81         4073.64  
    0.138       0          850.72        1206.53         3020.83         4106.17  
    0.144       0          850.02        1147.91         2985.18         4124.82  
    0.150       0          902.50        1305.94         2929.32         4119.49  
    0.156       0          909.47        1325.34         2927.82         4115.64  
    0.163       0          877.80        1318.81         2954.28         4123.52  
    0.169       0          860.59        1355.17         2937.08         4132.97  
    0.175       0          889.27        1356.72         2913.49         4122.14  
    0.181       0          792.29        1356.73         2914.90         4123.61  
    0.188       0          815.22        1316.13         2972.47         4118.51  
    0.194       0          778.84        1286.15         2980.54         4144.31  
    0.200       0          1050.62        1297.44         2982.35         4098.56  
    