0.025       794.16          1205.62        2489.46         3938.74         5131.86  
    0.031       807.56          1246.70        2491.66         3772.80         5162.20  
    0.038       803.84          1269.41        2499.72         3869.12         5256.74  
    0.044       821.66          1268.74        2515.75         3990.88         5443.75  
    0.050       850.83          1313.70        2531.22         4119.76         5500.00  
    0.056       852.32          1347.80        2532.25         4112.79         5500.00  
    0.062       848.62          1360.75        2531.22         4059.29         5500.00  
    0.069       844.03          1351.47        2526.78         4077.05         5500.00  
    0.075       836.35          1340.25        2531.28         4171.52         5500.00  
    0.081       831.27          1342.05        2536.39         4166.03         5500.00  
    0.088       820.28          1334.69        2537.87         4152.21         5500.00  
    0.094       820.07          1320.84        2528.97         4158.82         5500.00  
    0.100       828.34          1300.99        2518.04         4255.86         5500.00  
    0.106       831.12          1277.25        2502.77         4288.06         5500.00  
    0.113       850.75          1261.72        2512.85         4245.48         5500.00  
    0.119       892.49          1251.69        2527.39         4322.06         5500.00  
    0.125       876.25          1276.63        2526.37         4336.51         5500.00  
    0.131       873.13          1318.99        2515.01         4344.93         5500.00  
    0.138       857.58          1336.20        2509.90         4370.31         5500.00  
    0.144       840.84          1364.16        2517.50         4332.65         5500.00  
    0.150       846.97          1402.94        2516.32         4321.89         5500.00  
    0.156       861.38          1396.62        2510.51         4338.61         5500.00  
    0.163       868.59          1377.64        2507.55         4334.94         5500.00  
    0.169       839.52          1367.49        2509.39         4307.54         5500.00  
    0.175       818.62          1354.58        2522.07         4287.70         5500.00  
    0.181       810.11          1341.36        2532.62         4294.64         5500.00  
    0.188       813.72          1336.74        2537.35         4270.84         5500.00  
    0.194       805.66          1328.33        2525.26         4250.92         5500.00  
    0.200       811.34          1322.42        2517.29         4290.19         5500.00  
    0.206       807.78          1316.37        2522.88         4323.85         5500.00  
    0.213       806.98          1319.95        2526.00         4251.94         5500.00  
    0.219       813.30          1318.11        2522.32         4165.84         5401.63  
    0.225       819.22          1308.04        2510.90         4128.64         5361.00  
    0.231       817.44          1301.40        2512.94         4186.15         5462.83  
    0.238       813.24          1301.48        2518.69         4261.28         5500.00  
    0.244       808.05          1304.57        2522.32         4333.51         5500.00  
    0.250       805.45          1308.45        2518.43         4323.74         5500.00  
    0.256       800.63          1306.86        2515.94         4319.66         5500.00  
    0.263       801.96          1315.36        2528.12         4389.32         5500.00  
    0.269       798.48          1319.41        2536.03         4398.53         5500.00  
    0.275       788.83          1314.77        2548.94         4296.60         5323.36  
    0.281       782.82          1310.92        2548.37         4352.31         5436.73  
    0.288       778.37          1306.39        2533.02         4419.39         5500.00  
    0.294       773.42          1304.19        2533.63         4338.69         5300.25  
    0.300       769.48          1296.73        2535.02         4167.11         5125.62  
    0.306       772.85          1303.39        2563.69         4116.34         5142.58  
    0.312       770.09          1317.96        2585.64         3816.35         5111.85  
    0.319       772.47          1324.69        2602.07         3862.28         5044.34  
    0.325       766.67          1324.86        2629.43         4048.88         5249.28  
    0.331       749.63          1324.40        2638.63         3978.14         5133.82  
    0.338       737.37          1327.20        2631.02         3845.93         4987.90  
    0.344       725.26          1339.51        2625.84         3933.23         4936.13  
    0.350       709.34          1338.31        2641.58         3647.37         4976.55  
    0.356       707.88          1304.76        2613.42         3552.53         4948.07  
    