0.025       783.29          1370.27        2870.51         3617.38         5500.00  
    0.031       810.71          1397.79        2910.23         3785.76         5500.00  
    0.038       802.35          1389.94        2846.71         3767.97         5500.00  
    0.044       828.02          1369.98        2870.59         3817.57         5500.00  
    0.050       837.92          1361.56        2911.97         3738.17         5500.00  
    0.056       828.06          1359.88        2857.38         3629.41         5487.80  
    0.062       807.96          1355.83        2707.69         3689.60         5499.68  
    0.069       798.30          1358.79        2594.58         3456.54         5144.57  
    0.075       813.64          1375.52        2560.74         3656.71         5123.06  
    0.081       832.35          1379.50        2655.52         3680.27         5084.11  
    0.088       836.58          1376.45        2821.13         3568.31         4941.28  
    0.094       842.11          1369.38        2921.16         3644.34         4953.23  
    0.100       823.70          1364.52        2929.93         3587.74         4910.56  
    0.106       808.21          1355.53        2893.36         3566.30         4919.33  
    0.113       819.15          1350.07        2865.22         3567.21         5056.71  
    0.119       825.85          1353.91        2867.31         3615.72         5048.46  
    0.125       835.92          1358.36        2895.17         3676.70         4948.39  
    0.131       864.72          1368.81        2951.79         3650.97         4890.56  
    0.138       849.82          1371.57        2938.10         3491.28         4898.89  
    0.144       829.90          1368.44        2889.14         3572.73         5018.84  
    0.150       835.83          1374.35        2883.41         3564.31         5054.96  
    0.156       821.55          1369.25        2846.00         3523.34         5017.09  
    0.163       828.00          1372.22        2863.09         3542.93         5092.06  
    0.169       825.41          1376.34        2880.41         3618.32         5083.05  
    0.175       813.52          1378.15        2870.29         3582.60         5031.25  
    0.181       806.76          1382.18        2830.04         3576.11         5066.49  
    0.188       811.18          1392.90        2809.30         3602.60         5091.63  
    0.194       828.27          1401.65        2838.88         3656.98         5123.07  
    0.200       820.19          1399.31        2851.63         3664.16         5008.67  
    0.206       815.71          1392.79        2843.10         3685.13         4995.20  
    0.213       827.76          1394.00        2875.07         3780.68         5078.65  
    0.219       825.25          1384.06        2879.24         3625.63         5032.56  
    0.225       818.14          1385.81        2797.46         3522.62         5003.25  
    0.231       834.05          1402.21        2721.29         3522.75         4977.98  
    0.238       829.80          1397.85        2781.47         3509.08         4903.68  
    0.244       823.83          1399.51        2833.17         3514.08         4934.69  
    0.250       823.26          1398.54        2870.65         3618.97         5166.55  
    0.256       810.11          1391.15        2839.33         3638.85         5100.34  
    0.263       809.84          1384.41        2854.45         3669.10         4951.21  
    0.269       808.79          1383.56        2857.28         3608.08         4864.94  
    0.275       805.74          1374.47        2869.30         3640.84         4872.19  
    0.281       800.73          1359.99        2874.06         3561.28         4872.08  
    0.288       792.67          1359.62        2861.18         3555.03         4966.27  
    0.294       798.75          1368.56        2843.01         3573.73         5011.45  
    0.300       807.20          1378.89        2805.42         3538.58         4910.27  
    0.306       819.21          1386.60        2777.14         3542.11         4891.56  
    0.312       820.00          1390.19        2790.56         3563.43         4930.76  
    0.319       807.42          1398.80        2781.24         3588.83         4996.34  
    0.325       806.16          1405.40        2788.27         3601.36         5038.35  
    0.331       807.58          1403.48        2795.61         3614.44         5001.89  
    0.338       804.73          1402.38        2788.31         3579.31         4984.23  
    0.344       800.09          1394.74        2777.86         3557.26         4897.98  
    0.350       793.62          1386.52        2726.36         3504.11         4762.79  
    0.356       795.07          1381.70        2718.37         3490.81         4869.85  
    0.363       793.12          1386.35        2614.89         3485.54         4719.49  
    0.369       799.67          1389.53        2703.46         3626.60         4758.61  
    0.375       793.51          1379.89        2725.52         3644.88         4713.78  
    0.381       789.14          1373.60        2695.35         3495.60         4762.86  
    0.388       790.58          1376.50        2661.70         3540.77         4822.36  
    0.394       782.67          1366.59        2646.32         3525.20         4690.26  
    0.400       778.13          1373.54        2628.95         3463.64         4682.05  
    0.406       760.59          1371.80        2641.08         3403.94         4683.68  
    0.413       760.28          1376.07        2695.54         3412.57         4723.20  
    0.419       761.51          1377.05        2716.38         3444.95         4740.81  
    0.425       757.37          1377.51        2703.06         3524.33         4808.79  
    0.431       748.09          1375.74        2656.47         3625.34         5255.89  
    0.438       737.43          1360.13        2620.58         3519.50         5023.54  
    0.444       722.75          1345.62        2540.34         3622.33         5053.55  
    0.450       707.17          1322.73        2494.98         3795.09         4839.22  
    0.456       697.89          1307.65        2541.20         3830.63         4691.87  
    0.463       690.06          1296.12        2678.49         3896.03         4984.05  
    0.469       686.12          1275.72        2964.66         3383.06         5159.25  
    0.475       685.65          1271.34        2833.07         3242.20         5194.03  
    0.481       693.18          1284.34        3042.65         3220.73         5334.88  
    0.488       690.11          1284.65        3189.97         3391.40         5495.90  
    0.494       688.27          1294.20        3187.45         3417.10         5500.00  
    0.500       682.04          1296.55        3195.32         3509.35         5500.00  
    0.506       672.29          1282.42        3142.23         3556.93         5500.00  
    0.513       665.75          1256.36        2941.75         3448.26         5196.56  
    0.519       666.30          1219.57        2817.37         3336.59         5132.35  
    0.525       653.02          1042.96        2705.23         3265.72         5156.08  
    0.531       651.55          957.28        2657.15         3281.31         5246.82  
    0.537       665.54          1006.88        2715.07         3475.02         5225.12  
    0.544       659.87          1061.69        3039.10         3612.01         4901.11  
    0.550       595.19          1134.63        3076.67         4752.33         4876.48  
    