0.025       0          1036.96        1654.58         2948.11         4065.45  
    0.031       0          1044.18        1736.68         2946.88         4110.02  
    0.038       0          1044.05        1805.42         2929.06         4119.57  
    0.044       0          1039.78        1814.94         2891.84         4114.06  
    0.050       0          1042.90        1884.62         2843.74         4124.68  
    0.056       0          1032.89        1914.70         2879.32         4100.25  
    0.062       0          1020.43        1848.79         2921.87         4091.39  
    0.069       0          1011.33        1779.14         2915.79         4126.89  
    0.075       0          1011.91        1821.53         2894.47         4151.32  
    0.081       0          1007.78        1828.58         2877.40         4173.31  
    0.088       0          988.48        1792.47         2883.29         4176.64  
    0.094       0          976.15        1769.57         2844.65         4136.26  
    0.100       0          989.53        1772.85         2823.17         4124.17  
    0.106       0          1005.42        1736.60         2827.49         4154.41  
    0.113       0          1006.88        1723.61         2836.08         4152.31  
    0.119       0          1012.43        1837.63         2905.11         4205.21  
    0.125       622.78          1557.37        2481.51         3745.07         4516.02  
    0.131       370.88          1318.95        2213.37         3319.02         4284.70  
    0.138       0          983.57        1826.25         2824.18         4040.02  
    0.144       0          971.90        1747.91         2896.90         4031.23  
    0.150       0          963.81        1692.72         2900.09         4048.53  
    0.156       0          959.29        1704.00         2900.84         4110.00  
    0.163       0          951.72        1784.44         2943.26         4120.37  
    0.169       0          942.22        1868.72         2965.31         4122.83  
    0.175       0          937.44        1892.43         2915.48         4098.87  
    0.181       0          935.85        1894.77         2902.07         4056.32  
    0.188       0          934.07        1857.60         2944.70         4023.45  
    0.194       0          937.52        1873.68         2969.95         4032.56  
    0.200       0          942.03        1943.45         2942.18         4060.19  
    0.206       0          954.96        1929.51         2905.63         4063.62  
    0.213       0          974.33        1905.00         2955.25         4121.83  
    0.219       0          982.39        1959.02         3016.19         4193.92  
    0.225       0          977.35        2000.60         3017.47         4155.73  
    0.231       0          968.69        1958.11         2991.01         4112.00  
    0.238       598.66          1393.89        2281.02         3514.19         4662.23  
    0.244       952.30          1605.52        2541.72         3881.61         5097.90  
    0.250       354.80          1205.60        2289.79         3275.63         4486.59  
    0.256       0          996.31        2136.54         2926.09         4062.50  
    0.263       0          1010.02        2044.79         2855.91         4046.24  
    0.269       0          1021.77        1953.17         2813.28         4054.64  
    0.275       645.38          1035.15        2170.92         3306.53         4280.18  
    0.281       991.70          1231.30        2335.94         3758.54         4464.90  
    0.288       361.70          1091.69        2159.24         3356.23         4255.32  
    0.294       0          943.81        2001.93         3035.97         4155.21  
    0.300       0          952.41        1956.17         2925.91         4171.63  
    0.306       0          967.87        1882.94         2822.92         4059.61  
    0.312       0          970.15        1351.69         2722.11         3987.60  
    