0.025       852.17          1456.73        2295.44         2459.91         5179.60  
    0.031       843.36          1495.84        2270.05         3153.53         5177.47  
    0.038       817.83          1504.60        2275.29         3753.46         5146.25  
    0.044       229.52          1005.14        1715.98         2745.32         5091.61  
    0.050       578.76          1281.26        2054.70         4296.28         5379.37  
    0.056       806.59          1450.53        2284.07         4942.91         5222.04  
    0.062       800.27          1435.68        2305.38         4400.46         5113.97  
    0.069       785.64          1420.21        2311.88         3963.68         5123.99  
    0.075       777.60          1409.21        2302.87         4209.55         5004.94  
    0.081       786.56          1415.37        2319.74         4522.47         5345.78  
    0.088       224.27          972.62        1684.09         2964.11         4918.28  
    0.094       0          793.34        1427.64         2332.23         4722.89  
    0.100       0          792.00        1424.05         2331.72         4728.81  
    0.106       0          799.21        1426.75         2334.77         4792.11  
    0.113       0          807.61        1429.04         2344.13         4789.08  
    0.119       0          809.26        1432.65         2330.50         4708.35  
    0.125       0          802.74        1430.38         2338.73         4628.02  
    0.131       0          794.65        1418.10         2341.41         4580.71  
    0.138       0          788.21        1408.24         2339.19         4564.22  
    0.144       0          789.50        1420.61         2325.89         4578.12  
    0.150       0          794.18        1437.58         2331.11         4584.51  
    0.156       0          797.76        1451.22         2321.07         4519.43  
    0.163       572.49          1247.49        2064.92         3846.11         5214.53  
    0.169       792.57          1415.98        2328.80         4435.55         4774.14  
    0.175       801.99          1440.00        2335.67         4224.82         4600.67  
    0.181       800.37          1438.64        2331.63         3829.05         4715.50  
    0.188       795.82          1439.89        2338.65         3635.68         4696.19  
    0.194       800.93          1451.93        2330.31         3555.42         4643.94  
    0.200       806.11          1452.90        2317.26         3541.43         4644.32  
    0.206       812.38          1443.79        2324.16         3526.83         4862.79  
    0.213       813.34          1432.78        2334.09         3522.26         4952.26  
    0.219       810.81          1435.81        2350.25         3519.58         4817.32  
    0.225       809.67          1446.93        2354.13         3525.57         4665.49  
    0.231       811.01          1464.53        2363.76         3538.82         4644.88  
    0.238       816.53          1477.22        2380.25         3556.27         4822.54  
    0.244       816.77          1477.02        2390.43         3554.68         4979.03  
    0.250       809.27          1460.28        2390.95         3538.54         4767.35  
    0.256       810.74          1454.59        2393.29         3532.69         4655.90  
    0.263       819.50          1443.29        2376.98         3529.69         4839.32  
    0.269       819.54          1426.71        2353.87         3514.81         4793.66  
    0.275       824.57          1426.20        2322.73         3502.84         4700.93  
    0.281       822.87          1425.08        2286.13         3507.53         4671.35  
    0.288       814.39          1425.48        2255.42         3471.46         4612.92  
    0.294       802.98          1421.91        2228.28         3441.90         4631.48  
    0.300       787.41          1413.20        2208.86         3421.06         4642.14  
    0.306       779.29          1433.40        2209.60         3276.69         4642.66  
    