0.025       830.38          1252.49        2579.10         3940.30         4856.38  
    0.031       839.75          1244.18        2581.86         3930.66         4885.60  
    0.038       850.43          1249.00        2577.66         3914.49         4964.46  
    0.044       855.07          1252.92        2586.10         3906.23         4976.67  
    0.050       850.12          1241.05        2585.05         3906.28         4947.41  
    0.056       843.44          1228.29        2550.00         3890.92         4921.66  
    0.062       844.79          1213.61        2562.46         3870.42         4899.66  
    0.069       851.82          1193.70        2598.48         3875.87         4883.26  
    0.075       856.36          1177.97        2617.73         3909.60         4944.15  
    0.081       857.28          1153.65        2646.57         3900.78         4993.11  
    0.088       865.88          1122.11        2662.15         3906.96         5011.84  
    0.094       871.35          1114.95        2656.62         3909.22         5080.23  
    0.100       868.51          1111.05        2638.43         3890.58         5138.96  
    0.106       866.51          1116.20        2598.21         3911.51         5097.56  
    0.113       864.90          1139.57        2568.37         3909.30         5025.81  
    0.119       865.17          1142.87        2552.02         3885.06         5022.65  
    0.125       861.72          1122.41        2536.64         3903.87         5041.09  
    0.131       860.91          1098.00        2515.33         3918.02         5034.83  
    0.138       860.56          1101.92        2519.48         3903.54         5004.55  
    0.144       859.08          1134.78        2534.01         3850.64         4975.72  
    0.150       859.98          1175.13        2556.07         3767.76         4955.35  
    0.156       853.44          1172.08        2565.92         3803.20         4878.34  
    0.163       838.95          1132.84        2540.24         3928.70         4900.46  
    0.169       831.96          1111.04        2546.26         3983.14         4971.01  
    0.175       812.01          1126.27        2573.13         4004.87         4968.11  
    0.181       802.92          1156.77        2558.93         3988.07         4906.83  
    0.188       798.62          1189.22        2532.24         3961.88         4931.19  
    0.194       795.49          1225.39        2569.86         3911.24         4915.95  
    0.200       800.08          1243.45        2613.33         3893.09         4840.31  
    0.206       790.11          1206.85        2608.43         3927.73         4845.36  
    0.213       774.82          1176.82        2553.91         3960.53         4885.89  
    0.219       765.95          1188.50        2512.24         4008.81         4898.42  
    0.225       762.06          1213.54        2512.66         4055.99         4902.82  
    0.231       749.42          1215.05        2552.93         4052.11         4911.98  
    0.238       745.53          1203.17        2562.27         3964.87         4906.43  
    0.244       752.36          1211.17        2536.14         3832.06         4896.92  
    0.250       754.85          1218.16        2516.00         3780.98         4878.02  
    0.256       755.81          1227.21        2481.51         3847.10         4833.29  
    0.263       762.76          1223.86        2459.23         3821.10         4816.71  
    0.269       766.19          1210.23        2457.99         3918.17         4837.67  
    0.275       754.55          1182.07        2444.82         4010.58         4884.71  
    0.281       740.47          1161.72        2455.25         3969.86         4919.49  
    0.288       742.58          1153.79        2534.29         3962.70         4923.56  
    0.294       744.37          1168.45        2549.33         3980.14         4926.56  
    0.300       757.45          1170.40        2520.19         3912.19         4912.42  
    0.306       756.55          1173.48        2501.22         3934.70         4912.38  
    0.312       740.98          1180.23        2438.55         4009.40         4896.31  
    0.319       733.16          1198.93        2433.63         4088.80         4904.53  
    0.325       738.85          1231.92        2524.00         4106.80         4942.09  
    0.331       754.76          1281.63        2571.62         4134.07         4960.42  
    0.338       771.42          1297.49        2580.25         4082.55         4993.38  
    