0.025       495.70          1246.31        2785.84         3848.45         5500.00  
    0.031       536.58          1243.80        2774.86         3855.34         5500.00  
    0.038       583.88          1277.03        2786.84         3842.63         5500.00  
    0.044       611.03          1294.05        2738.90         3815.19         5223.50  
    0.050       615.05          1281.68        2715.27         3812.67         4967.01  
    0.056       615.58          1267.67        2719.73         3837.53         4915.26  
    0.062       622.32          1262.41        2715.36         3818.05         4948.67  
    0.069       626.61          1257.10        2705.05         3788.32         4922.19  
    0.075       629.63          1246.85        2695.08         3792.18         4959.71  
    0.081       631.46          1245.21        2698.53         3797.85         5087.36  
    0.088       635.46          1250.75        2695.84         3783.76         5151.15  
    0.094       635.46          1237.23        2715.88         3780.20         5174.50  
    0.100       636.13          1223.78        2740.94         3823.27         5396.37  
    0.106       636.43          1214.57        2725.85         3868.47         5500.00  
    0.113       640.77          1211.20        2723.35         3826.19         5500.00  
    0.119       645.28          1216.84        2738.60         3799.86         5500.00  
    0.125       649.86          1217.49        2737.11         3805.74         5500.00  
    0.131       654.64          1208.67        2728.60         3790.84         5295.98  
    0.138       651.44          1207.71        2740.95         3804.09         5288.35  
    0.144       649.64          1210.24        2751.89         3804.50         5250.51  
    0.150       656.62          1215.40        2700.03         3787.58         5145.31  
    0.156       681.81          1237.65        2594.89         3773.81         4999.94  
    0.163       688.76          1246.24        2619.82         3768.08         5064.16  
    0.169       671.84          1227.62        2746.68         3761.29         5376.69  
    0.175       648.82          1206.10        2737.68         3765.94         5161.72  
    0.181       638.63          1201.06        2827.33         3753.87         4961.68  
    0.188       607.05          1194.69        2849.19         3743.11         5318.73  
    0.194       575.05          1187.06        2823.25         3742.31         5500.00  
    0.200       558.81          1182.17        2812.97         3742.26         5500.00  
    0.206       550.76          1181.59        2813.00         3744.10         5500.00  
    0.213       543.09          1180.28        2826.17         3743.65         5500.00  
    0.219       539.76          1185.46        2855.25         3743.14         5378.42  
    0.225       547.61          1188.54        2841.31         3766.14         4843.95  
    0.231       555.94          1181.68        2825.23         3773.73         4616.15  
    0.238       569.76          1180.86        2836.80         3766.37         4685.72  
    0.244       583.92          1184.54        2857.15         3789.79         4659.68  
    0.250       598.64          1189.82        2918.39         3827.04         4658.59  
    0.256       608.13          1203.12        2992.58         3810.53         4685.45  
    0.263       610.95          1210.13        2888.87         3806.59         4686.85  
    0.269       610.19          1200.53        2801.44         3817.50         4678.64  
    0.275       626.89          1197.47        2903.41         3781.24         4671.22  
    0.281       624.71          1198.42        2896.35         3748.87         4594.18  
    0.288       618.45          1192.66        2858.72         3744.98         4593.14  
    0.294       626.63          1194.81        2890.83         3754.44         4567.91  
    0.300       624.06          1196.39        2893.41         3741.21         4592.02  
    0.306       619.79          1192.87        2964.60         3742.08         4791.00  
    0.312       622.95          1192.31        3018.10         3759.17         5140.02  
    0.319       651.89          1177.58        2992.87         3804.43         5007.19  
    0.325       655.05          1163.67        2948.19         3815.19         4737.61  
    0.331       609.66          1162.48        2977.79         3819.30         4955.20  
    0.338       581.82          1152.04        2982.63         3795.71         5187.51  
    0.344       596.68          1145.86        2907.80         3752.48         4899.69  
    0.350       662.62          1142.36        2904.96         3766.12         4669.22  
    0.356       654.63          1095.60        2897.58         3778.14         4615.77  
    0.363       574.99          1134.79        2974.57         3777.97         4841.02  
    0.369       515.86          1160.90        2962.07         3805.67         5322.18  
    0.375       526.11          1101.99        2892.85         3838.80         5500.00  
    0.381       497.12          1080.04        2842.75         3883.83         5500.00  
    0.388       448.62          1091.90        2827.33         3882.51         5500.00  
    0.394       413.72          1120.34        2811.32         3825.19         5167.78  
    0.400       387.85          1116.93        2753.19         3799.26         4810.13  
    0.406       355.09          1140.84        2737.93         3811.95         4706.75  
    0.413       321.80          1167.78        2786.57         3805.47         4657.97  
    