0.025       871.04          1427.98        2649.78         3665.16         4702.76  
    0.031       870.79          1427.41        2557.09         3716.46         4566.05  
    0.038       866.63          1388.26        2476.70         3742.78         4495.92  
    0.044       854.38          1334.97        2440.58         3730.21         4493.10  
    0.050       869.97          1333.94        2480.77         3688.39         4445.05  
    0.056       874.09          1333.35        2493.40         3682.15         4440.86  
    0.062       864.95          1334.28        2482.21         3697.61         4468.66  
    0.069       863.65          1332.64        2448.72         3698.95         4536.71  
    0.075       860.10          1332.88        2435.23         3719.29         4616.39  
    0.081       838.57          1343.69        2442.42         3727.50         4657.21  
    0.088       824.41          1351.90        2453.46         3692.93         4666.10  
    0.094       816.26          1340.74        2446.87         3651.61         4704.50  
    0.100       815.22          1333.28        2458.68         3646.60         4747.02  
    0.106       831.22          1347.43        2466.92         3657.17         4754.97  
    0.113       873.24          1381.41        2441.27         3647.33         4714.69  
    0.119       880.09          1387.88        2418.70         3639.99         4673.44  
    0.125       853.25          1364.39        2454.49         3650.44         4647.97  
    0.131       827.00          1348.67        2545.25         3664.97         4653.80  
    0.138       809.01          1354.55        2571.66         3670.47         4761.13  
    0.144       801.05          1354.83        2578.45         3671.91         4862.18  
    0.150       796.90          1347.67        2598.08         3625.18         4655.54  
    0.156       786.38          1342.92        2583.74         3631.41         4599.44  
    0.163       777.65          1347.60        2567.42         3651.53         4610.67  
    0.169       770.81          1351.73        2556.96         3670.45         4564.21  
    0.175       751.81          1356.22        2562.03         3683.00         4617.87  
    0.181       754.99          1354.52        2568.95         3678.08         4646.75  
    0.188       760.89          1358.26        2581.92         3662.42         4650.64  
    0.194       764.58          1351.53        2616.24         3661.60         4808.29  
    0.200       792.43          1345.33        2662.79         3655.78         4874.24  
    0.206       808.86          1331.86        2760.31         3659.03         4789.88  
    0.213       806.63          1312.84        2732.36         3635.54         4817.63  
    0.219       841.40          1314.02        2590.62         3613.09         4849.34  
    