0.025       1011.64          1408.18        2600.01         3785.58         5500.00  
    0.031       1032.41          1416.29        2611.66         3786.68         5500.00  
    0.038       1083.06          1414.90        2632.08         3784.24         5500.00  
    0.044       1106.07          1406.32        2649.44         3781.88         5500.00  
    0.050       1101.45          1403.91        2657.80         3776.85         5500.00  
    0.056       1099.09          1403.07        2658.28         3763.63         5500.00  
    0.062       1087.02          1403.42        2666.08         3762.31         5500.00  
    0.069       1078.59          1391.55        2658.85         3774.90         5500.00  
    0.075       1076.74          1390.20        2644.11         3775.78         5500.00  
    0.081       1064.56          1399.37        2649.16         3766.72         5254.99  
    0.088       1093.26          1383.97        2653.84         3778.52         5261.35  
    0.094       1115.83          1362.46        2643.30         3794.57         5500.00  
    0.100       1090.60          1356.79        2624.70         3811.24         5245.00  
    0.106       1047.14          1364.69        2607.53         3807.76         4797.29  
    0.113       990.52          1378.13        2598.99         3789.55         4823.96  
    0.119       959.45          1380.09        2592.76         3783.81         5148.02  
    0.125       950.94          1374.24        2590.55         3771.46         5173.68  
    0.131       941.85          1369.53        2613.79         3756.93         5100.05  
    0.138       925.55          1362.74        2653.37         3731.33         5304.93  
    0.144       922.87          1359.48        2659.43         3743.28         5500.00  
    0.150       918.17          1358.62        2666.14         3791.45         5500.00  
    0.156       915.15          1358.72        2668.94         3777.77         5322.63  
    0.163       909.56          1363.29        2654.05         3749.17         5161.31  
    0.169       896.45          1365.09        2674.92         3753.67         5338.39  
    0.175       882.87          1364.47        2680.40         3732.60         5500.00  
    0.181       870.31          1365.47        2655.99         3707.89         5395.68  
    0.188       873.87          1364.77        2664.75         3674.78         5257.58  
    0.194       868.65          1364.48        2688.68         3634.49         5303.60  
    0.200       860.12          1366.58        2707.17         3716.05         5442.29  
    0.206       863.74          1365.36        2718.65         3830.33         5500.00  
    0.213       863.09          1360.88        2718.64         3855.25         5500.00  
    0.219       424.17          1116.24        2032.10         3297.89         4692.30  
    0.225       439.28          1122.98        2006.10         3291.64         4713.27  
    0.231       870.23          1359.90        2493.16         3790.41         5500.00  
    0.238       430.88          1114.39        1852.55         3368.80         4634.61  
    0.244       0          895.15        1362.11         2955.99         3807.83  
    0.250       0          921.82        1363.03         2910.28         3829.21  
    0.256       0          935.99        1374.00         2914.02         3814.01  
    0.263       0          944.20        1385.07         2935.65         3796.11  
    0.269       0          957.60        1389.32         2936.26         3799.21  
    0.275       0          984.97        1398.95         2922.41         3805.27  
    0.281       0          992.09        1398.76         2896.83         3818.24  
    0.288       0          984.87        1389.72         2885.62         3817.13  
    0.294       0          998.90        1392.05         2880.47         3811.70  
    0.300       0          989.70        1390.03         2859.94         3815.35  
    0.306       0          948.18        1374.82         2834.36         3810.41  
    0.312       0          921.57        1365.23         2833.43         3815.32  
    0.319       0          915.80        1360.28         2853.41         3831.82  
    0.325       0          910.98        1348.44         2869.24         3827.60  
    0.331       0          940.60        1345.69         2884.67         3807.84  
    0.338       0          988.04        1353.50         2900.50         3794.62  
    0.344       0          978.40        1350.30         2889.22         3808.10  
    0.350       0          931.79        1335.82         2882.70         3823.08  
    