0.025       690.67          1257.52        2630.43         3525.49         4202.83  
    0.031       706.22          1261.48        2633.15         3469.33         4201.89  
    0.038       718.29          1281.30        2572.65         3386.43         4224.95  
    0.044       720.49          1302.31        2568.45         3444.77         4218.95  
    0.050       722.26          1304.03        2581.40         3399.87         4201.58  
    0.056       721.43          1294.10        2589.70         3369.08         4223.93  
    0.062       727.36          1283.92        2604.21         3414.99         4267.05  
    0.069       727.49          1273.57        2620.07         3477.53         4254.12  
    0.075       723.49          1249.04        2617.91         3417.20         4245.43  
    0.081       729.29          1252.00        2642.82         3431.98         4373.67  
    0.088       745.40          1265.72        2656.81         3495.01         4427.04  
    0.094       754.71          1268.41        2644.87         3472.26         4438.96  
    0.100       753.16          1267.97        2622.84         3422.87         4359.60  
    0.106       750.83          1269.40        2622.15         3426.28         4391.74  
    0.113       751.07          1303.25        2615.77         3433.18         4458.20  
    0.119       747.60          1319.76        2617.04         3408.85         4388.52  
    0.125       741.11          1317.46        2609.52         3366.86         4147.84  
    0.131       736.35          1315.74        2620.90         3347.80         4065.38  
    0.138       744.45          1305.90        2641.72         3353.10         4083.44  
    0.144       756.22          1299.72        2664.42         3371.25         4209.57  
    0.150       762.40          1302.46        2668.18         3387.66         4430.47  
    0.156       759.84          1296.91        2661.94         3423.95         4603.58  
    0.163       758.78          1287.47        2656.53         3419.03         4644.43  
    0.169       770.03          1270.38        2642.22         3400.36         4505.13  
    0.175       768.19          1267.62        2638.40         3417.58         4320.22  
    0.181       745.15          1273.03        2638.41         3380.39         4066.44  
    0.188       738.84          1271.32        2669.84         3384.14         4070.01  
    0.194       744.50          1255.27        2687.47         3411.94         4202.84  
    0.200       762.01          1237.16        2687.97         3422.13         4300.18  
    0.206       764.70          1234.94        2651.94         3413.36         4187.01  
    0.213       750.29          1241.85        2648.99         3410.42         4129.62  
    0.219       747.53          1243.36        2694.89         3451.18         4090.17  
    0.225       744.42          1273.71        2699.33         3460.38         4053.76  
    0.231       740.18          1289.08        2678.71         3433.05         3965.55  
    0.238       728.27          1289.63        2650.26         3401.57         3951.35  
    0.244       723.38          1256.13        2637.68         3377.37         4046.21  
    0.250       719.59          1256.97        2648.07         3328.40         4069.32  
    0.256       703.52          1264.30        2687.41         3291.25         4049.40  
    0.263       688.43          1254.32        2708.58         3555.96         4082.59  
    0.269       673.06          1241.07        2719.38         3737.72         4274.78  
    