0.025       926.01          1533.65        2725.04         3695.98         5500.00  
    0.031       325.26          1135.58        2081.53         3147.97         4439.37  
    0.038       601.92          1417.57        2404.31         3605.79         4925.75  
    0.044       933.32          1681.14        2760.88         4055.27         5500.00  
    0.050       933.40          1558.38        2792.88         4024.17         5328.40  
    0.056       933.66          1518.62        2843.12         3989.15         5171.71  
    0.062       941.90          1543.35        2914.86         4010.08         5372.56  
    0.069       948.11          1499.05        2936.54         4017.11         5344.85  
    0.075       957.10          1546.71        2901.21         4087.51         5416.00  
    0.081       963.51          1550.22        2860.16         4151.94         5011.40  
    0.088       969.86          1536.62        2833.99         4258.23         4601.52  
    0.094       978.95          1453.97        2835.88         4179.53         4667.59  
    0.100       984.76          1399.10        2840.84         4052.01         4720.70  
    0.106       978.03          1456.54        2834.82         4081.77         4744.13  
    0.113       947.98          1558.77        2845.12         4069.96         5241.56  
    0.119       328.09          1171.44        2144.40         3278.06         4528.36  
    0.125       0          938.31        1764.86         2840.08         4051.29  
    0.131       0          930.07        1868.72         2845.21         4100.21  
    0.138       0          927.06        1977.69         2870.93         4108.12  
    0.144       0          924.58        2013.68         2898.36         4093.80  
    0.150       0          934.52        1976.56         2899.83         4091.75  
    0.156       0          941.18        1930.12         2889.13         4098.90  
    0.163       0          932.98        1967.59         2891.19         4108.67  
    0.169       0          930.37        1987.21         2887.74         4109.61  
    0.175       0          944.24        1980.33         2860.57         4093.52  
    0.181       0          948.24        1915.73         2856.47         4077.38  
    0.188       0          947.55        1903.31         2862.44         4091.69  
    0.194       0          948.19        1925.67         2883.44         4078.93  
    0.200       0          950.44        1944.78         2903.08         4048.30  
    0.206       0          946.88        1993.94         2917.23         4055.73  
    0.213       0          937.05        2013.92         2920.17         4074.16  
    0.219       0          930.16        2020.95         2885.24         4094.05  
    0.225       0          935.60        2045.73         2895.75         4077.30  
    0.231       0          944.17        2059.67         2938.33         4058.90  
    0.238       0          953.33        2041.08         2929.92         4055.16  
    0.244       0          957.26        1978.32         2910.88         4021.90  
    0.250       0          968.15        1828.15         2894.03         3968.62  
    0.256       0          980.03        1792.84         2885.42         3916.05  
    0.263       0          973.70        1862.21         2935.17         3981.36  
    0.269       0          967.34        1894.84         2974.82         4000.68  
    0.275       0          967.20        1803.90         2936.92         3953.17  
    0.281       0          965.19        1644.55         2885.90         3864.77  
    0.288       620.80          1362.80        2443.25         3537.08         4912.27  
    0.294       336.11          1167.85        2086.26         3248.42         4487.76  
    0.300       0          935.80        1688.95         2895.84         3964.49  
    0.306       0          929.84        1786.39         2883.02         3982.25  
    0.312       0          939.47        1867.10         2842.74         3959.60  
    0.319       0          950.53        1893.74         2816.43         3929.70  
    0.325       0          952.48        1888.20         2819.35         3926.00  
    0.331       0          950.92        1898.54         2846.20         3895.30  
    0.338       0          942.68        1783.99         2878.53         3913.32  
    0.344       0          929.14        1592.42         2910.10         3969.04  
    