0.025       817.63          1305.64        2940.82         4212.82         4879.19  
    0.031       828.78          1303.52        2942.02         4196.53         4946.60  
    0.038       841.32          1315.47        2954.94         3409.94         4853.22  
    0.044       833.17          1305.76        3011.51         3467.07         4889.00  
    0.050       860.52          1329.61        2936.98         4332.42         5417.45  
    0.056       866.21          1375.03        2911.27         4243.32         4541.52  
    0.062       852.09          1374.51        2869.35         3682.78         4603.07  
    0.069       850.19          1373.12        2955.82         3485.05         4651.38  
    0.075       856.43          1398.46        2950.40         3516.10         4730.09  
    0.081       870.42          1393.60        2984.38         3540.30         4738.50  
    0.088       888.44          1372.92        3050.39         3692.42         4796.72  
    0.094       878.87          1366.63        3054.77         3585.44         4809.04  
    0.100       893.90          1378.62        3063.54         3462.20         4779.13  
    0.106       893.60          1385.04        3056.81         3416.71         4828.34  
    0.113       876.98          1389.83        3023.01         3442.67         4941.88  
    0.119       869.39          1377.09        3000.78         3467.36         4999.80  
    0.125       869.28          1357.43        3030.18         3500.46         4945.56  
    0.131       866.33          1345.89        3056.92         3609.62         4945.61  
    0.138       850.16          1349.24        3057.70         3597.54         4973.35  
    0.144       855.10          1355.45        3085.27         3536.91         4920.13  
    0.150       862.20          1356.02        3078.98         3502.20         4854.20  
    0.156       873.94          1363.52        3066.75         3585.76         4814.41  
    0.163       880.59          1369.88        3049.91         3695.13         4928.72  
    0.169       862.09          1355.90        3026.05         3583.10         5065.08  
    0.175       851.33          1348.42        3017.88         3530.58         5073.98  
    0.181       864.69          1360.48        3024.90         3501.41         5104.04  
    0.188       875.25          1368.61        3036.13         3568.62         5020.56  
    0.194       889.65          1381.38        3052.81         3729.13         5082.12  
    0.200       885.12          1380.73        3053.77         3708.38         5067.61  
    0.206       876.95          1361.19        3019.71         3576.05         5054.93  
    0.213       883.45          1359.32        3002.88         3507.71         5021.00  
    0.219       891.55          1372.77        3003.63         3459.11         5019.47  
    0.225       905.12          1387.85        3042.92         3487.86         5024.37  
    0.231       905.26          1402.52        3031.23         3616.19         5053.36  
    0.238       908.67          1409.77        3023.12         3710.98         5023.09  
    0.244       914.49          1406.63        3025.21         3909.91         5178.32  
    0.250       896.17          1411.30        3032.42         3756.97         5015.58  
    0.256       865.02          1406.46        3016.51         3627.03         5029.55  
    0.263       874.72          1420.61        3014.12         3644.62         5008.21  
    0.269       877.14          1420.88        3014.18         3656.32         4931.33  
    0.275       847.06          1411.28        3013.93         3620.24         4908.12  
    0.281       840.58          1433.88        3020.07         3538.70         4874.20  
    0.288       851.32          1441.87        3026.59         3488.27         4870.31  
    0.294       848.14          1430.87        3026.31         3622.26         4899.27  
    0.300       846.42          1431.40        3026.48         3784.95         4981.41  
    0.306       859.04          1435.25        3004.70         3881.01         5430.66  
    0.312       855.38          1438.37        2984.67         3861.73         5500.00  
    0.319       851.23          1432.09        2991.73         3895.43         5500.00  
    0.325       839.34          1413.99        2991.20         3911.55         5500.00  
    0.331       837.56          1418.46        2992.24         3945.18         5239.81  
    0.338       840.18          1446.39        3005.32         3918.58         5106.02  
    0.344       853.58          1493.17        3034.44         3766.90         5088.54  
    0.350       869.90          1553.40        3052.01         3778.43         5010.11  
    0.356       855.31          1543.60        3035.52         3639.83         5086.94  
    0.363       844.38          1507.38        3013.97         3687.44         5089.21  
    0.369       834.56          1466.68        3005.26         3892.62         4738.41  
    0.375       823.74          1449.15        2997.92         3933.14         4781.58  
    0.381       804.23          1426.78        2982.26         3662.67         5020.07  
    0.388       806.37          1427.40        2978.26         3582.29         4961.81  
    0.394       810.84          1427.33        2958.65         3483.13         4976.61  
    0.400       797.54          1416.24        2906.56         3405.77         5152.66  
    0.406       784.36          1400.19        2909.14         3277.54         4984.38  
    0.413       777.85          1385.60        2925.29         3179.19         4878.19  
    0.419       792.67          1398.35        2926.20         3113.76         4858.94  
    0.425       791.74          1386.28        2931.12         3284.26         4828.38  
    0.431       768.38          1353.60        2931.71         3367.93         4776.87  
    0.438       738.31          1327.72        2937.04         3429.83         4851.71  
    0.444       715.72          1308.98        3051.13         3404.10         5413.00  
    0.450       698.73          1270.07        2996.06         3317.00         5098.26  
    0.456       680.43          1225.08        2980.62         3267.81         4945.21  
    0.463       660.30          1194.50        2944.46         3172.24         4900.43  
    0.469       623.28          1216.13        2896.33         3132.83         4976.34  
    0.475       576.72          1154.97        2954.76         3124.58         4918.79  
    