0.025       803.70          1468.74        2642.52         3997.61         4628.03  
    0.031       799.29          1423.37        2629.82         4045.97         4785.42  
    0.038       791.32          1410.28        2618.97         3996.01         4844.40  
    0.044       783.11          1395.55        2617.75         3954.04         4906.19  
    0.050       791.57          1402.80        2653.78         3910.51         4875.51  
    0.056       802.29          1394.65        2661.24         3976.98         4743.55  
    0.062       786.45          1390.15        2647.12         3975.93         4662.11  
    0.069       791.19          1371.60        2647.71         3956.65         4634.07  
    0.075       795.71          1380.15        2674.96         3981.73         4979.86  
    0.081       782.34          1373.43        2662.19         3900.09         5280.01  
    0.088       774.02          1378.36        2620.34         3942.62         5060.64  
    0.094       775.94          1387.54        2686.17         3944.31         4882.91  
    0.100       771.33          1377.19        2669.16         3838.08         4697.01  
    0.106       768.59          1382.20        2710.50         3993.95         4853.55  
    0.113       782.91          1403.55        2757.19         4002.79         5451.26  
    0.119       782.00          1392.89        2753.83         3980.29         4901.65  
    0.125       770.63          1368.21        2706.49         3924.58         4843.53  
    0.131       764.10          1383.15        2608.08         3912.85         4925.10  
    0.138       771.27          1394.83        2639.40         3917.63         5020.09  
    0.144       778.11          1422.50        2692.88         3985.27         5179.42  
    0.150       764.83          1420.43        2592.69         3967.57         5131.09  
    0.156       778.48          1435.50        2639.56         3925.74         5191.15  
    0.163       780.28          1449.21        2698.89         3910.33         5300.57  
    0.169       779.27          1451.52        2692.20         3989.13         5301.36  
    0.175       767.89          1440.53        2618.87         3973.88         5226.60  
    0.181       769.98          1461.93        2614.48         3946.11         4955.72  
    0.188       776.26          1499.56        2676.28         3905.40         4758.86  
    0.194       766.47          1464.45        2622.88         3941.17         4992.02  
    0.200       760.08          1447.51        2612.26         3971.05         5120.56  
    0.206       756.12          1447.30        2612.31         3957.01         4987.04  
    0.213       761.44          1464.79        2641.18         3886.44         4703.63  
    0.219       768.54          1500.59        2713.85         3789.54         4707.62  
    0.225       763.43          1512.65        2748.26         3831.72         5082.89  
    0.231       757.26          1534.69        2687.86         3924.79         5470.24  
    0.238       745.66          1503.30        2624.66         3963.66         5500.00  
    0.244       756.51          1553.54        2661.30         3977.91         5500.00  
    0.250       764.33          1664.53        2777.79         4010.73         5500.00  
    0.256       761.38          1715.27        2884.37         4067.42         5500.00  
    0.263       759.66          1606.03        2885.18         4031.79         5155.06  
    0.269       758.79          1557.37        2827.17         3972.91         5471.18  
    0.275       763.37          1526.88        2702.48         3944.90         5500.00  
    0.281       760.44          1473.11        2657.29         3960.06         5500.00  
    0.288       758.08          1477.88        2644.46         3976.56         5500.00  
    0.294       752.04          1473.57        2645.63         3971.02         5500.00  
    0.300       746.06          1433.63        2637.07         3972.49         5087.50  
    0.306       742.23          1422.10        2656.20         3961.12         4954.41  
    0.312       750.05          1461.88        2682.24         3896.60         4925.50  
    0.319       747.82          1457.15        2686.66         3928.60         5455.57  
    0.325       745.36          1460.87        2689.40         3977.84         5500.00  
    0.331       743.47          1452.83        2687.46         3970.96         5500.00  
    0.338       737.02          1443.88        2682.73         3964.91         5500.00  
    0.344       742.68          1449.70        2690.64         3981.34         5500.00  
    0.350       745.87          1455.38        2684.40         3976.56         5500.00  
    0.356       749.09          1461.05        2689.95         3969.12         5500.00  
    0.363       749.14          1471.86        2722.54         3963.42         5500.00  
    0.369       735.84          1462.14        2747.82         3987.87         5500.00  
    0.375       723.08          1498.08        2740.43         3993.11         5500.00  
    0.381       718.78          1602.30        2696.69         4022.25         5500.00  
    0.388       699.88          1617.53        2603.95         3993.53         5500.00  
    0.394       656.02          1503.78        2683.00         3929.81         5500.00  
    0.400       628.72          1294.97        2743.77         3912.25         5500.00  
    0.406       48.32          735.54        1340.79         2873.94         3990.69  
    0.413       617.28          1126.32        2636.85         3764.79         5373.92  
    0.419       650.85          1089.45        2751.53         3829.21         5500.00  
    0.425       603.03          1023.23        2672.22         3724.48         5500.00  
    