0.025       860.47          1285.66        2465.78         3951.14         5000.52  
    0.031       860.06          1273.64        2453.32         3968.38         4978.91  
    0.038       848.21          1268.93        2438.92         3975.62         4949.71  
    0.044       848.44          1276.71        2447.54         3957.79         4921.50  
    0.050       848.02          1258.38        2468.36         3948.67         4919.45  
    0.056       849.39          1241.34        2466.05         3988.05         4952.04  
    0.062       855.36          1237.10        2482.97         3963.79         5000.04  
    0.069       851.01          1230.06        2514.15         3967.00         5004.92  
    0.075       863.34          1235.81        2532.26         4005.00         5031.20  
    0.081       870.96          1249.59        2520.87         3936.55         5034.43  
    0.088       865.73          1242.78        2494.72         3928.83         5016.04  
    0.094       865.85          1234.56        2448.06         3963.98         4997.55  
    0.100       874.87          1235.10        2436.04         3962.71         5005.50  
    0.106       878.09          1230.61        2429.01         4001.10         5028.61  
    0.113       882.01          1226.49        2427.17         3980.25         5031.01  
    0.119       883.89          1230.92        2415.50         3981.82         5003.83  
    0.125       876.21          1259.38        2443.52         4020.51         4989.61  
    0.131       876.83          1277.34        2454.06         3980.93         4977.16  
    0.138       872.87          1270.53        2461.81         3973.07         4933.02  
    0.144       851.21          1236.26        2437.42         4026.52         4878.54  
    0.150       849.27          1215.47        2438.67         4116.55         4947.23  
    0.156       843.82          1210.31        2475.83         4108.50         4983.32  
    0.163       832.75          1209.48        2461.39         4059.86         4939.85  
    0.169       829.14          1222.11        2422.93         4034.09         4889.81  
    0.175       821.28          1259.55        2432.21         4025.19         4939.24  
    0.181       825.42          1296.14        2499.80         3973.90         4877.08  
    0.188       824.55          1288.02        2499.58         4027.42         4860.55  
    0.194       808.74          1235.13        2465.99         4054.96         4895.39  
    0.200       801.14          1236.12        2429.73         4074.09         4901.11  
    0.206       797.14          1268.30        2424.96         4113.61         4908.55  
    0.213       796.54          1282.87        2442.04         4134.48         4918.71  
    0.219       790.87          1264.27        2474.91         4091.24         4919.97  
    0.225       792.20          1259.40        2445.36         3983.30         4913.70  
    0.231       796.35          1265.25        2424.64         3935.55         4916.08  
    0.238       794.43          1264.82        2402.70         3996.42         4899.61  
    0.244       791.96          1276.48        2379.80         4046.60         4886.13  
    0.250       793.64          1280.48        2378.02         4023.40         4876.76  
    0.256       789.46          1278.59        2380.45         4039.55         4863.60  
    0.263       783.70          1273.72        2375.17         4083.62         4907.54  
    0.269       783.12          1273.74        2386.92         4098.41         4951.02  
    0.275       786.49          1273.66        2423.77         4087.76         4946.26  
    0.281       787.54          1272.81        2393.73         4109.19         4944.12  
    0.288       786.28          1270.49        2378.81         4098.35         4941.10  
    0.294       780.90          1283.01        2360.27         4140.82         4957.45  
    