0.025       867.90          1612.37        2335.83         4044.57         5500.00  
    0.031       845.51          1567.87        2276.77         4160.61         5500.00  
    0.038       824.64          1484.91        2254.63         4182.62         5500.00  
    0.044       815.87          1455.48        2259.48         4182.40         5500.00  
    0.050       810.87          1440.20        2260.50         4187.49         5500.00  
    0.056       61.75          861.04        1523.04         2406.04         4331.66  
    0.062       738.48          1408.61        2230.34         4056.86         5403.64  
    0.069       786.65          1456.15        2300.16         4120.59         5500.00  
    0.075       787.13          1445.35        2311.97         4096.23         5500.00  
    0.081       788.11          1450.16        2315.22         4152.23         5500.00  
    0.088       782.61          1453.01        2293.03         4029.68         5471.14  
    0.094       775.89          1446.73        2302.24         3978.00         5497.62  
    0.100       769.52          1444.29        2300.70         3972.11         5464.02  
    0.106       769.72          1448.82        2313.71         3995.57         5294.00  
    0.113       778.78          1454.31        2296.61         4016.10         5252.93  
    0.119       780.71          1444.66        2320.32         4016.49         5112.82  
    0.125       787.55          1431.14        2336.61         4033.23         5126.50  
    0.131       788.96          1426.08        2346.37         4029.05         5471.70  
    0.138       793.62          1437.99        2347.96         4016.72         5500.00  
    0.144       791.35          1430.99        2357.47         3990.32         5304.75  
    0.150       789.53          1423.67        2363.66         3975.68         5319.93  
    0.156       799.34          1434.66        2375.23         3999.24         5486.48  
    0.163       801.32          1453.32        2373.75         3983.77         5066.84  
    0.169       807.82          1457.34        2368.63         4045.55         5079.17  
    0.175       817.37          1433.44        2376.11         4034.71         5324.57  
    0.181       815.54          1436.85        2377.09         4016.24         5488.15  
    0.188       799.39          1431.17        2372.14         3996.70         5285.09  
    0.194       806.48          1448.80        2379.16         4051.33         5482.28  
    0.200       816.39          1442.98        2381.31         4051.28         5261.60  
    0.206       813.15          1426.19        2384.65         3973.11         5102.38  
    0.213       812.67          1417.74        2394.95         3957.89         5468.83  
    0.219       836.66          1442.13        2403.07         4029.60         5500.00  
    0.225       849.05          1465.43        2395.31         4097.03         5500.00  
    0.231       830.38          1442.31        2382.44         4034.49         5222.43  
    0.238       816.97          1407.54        2357.07         3862.74         4984.21  
    0.244       816.87          1401.17        2355.87         3883.96         5026.96  
    0.250       807.32          1405.54        2349.67         3990.29         4973.52  
    0.256       807.69          1410.40        2351.82         3982.07         5019.83  
    0.263       819.64          1411.97        2345.98         3961.38         4993.68  
    0.269       832.08          1416.18        2344.79         3782.19         4859.68  
    0.275       840.21          1419.36        2347.35         3737.67         4757.98  
    0.281       849.50          1427.31        2344.50         3707.22         4867.06  
    0.288       852.46          1436.71        2338.91         3668.73         4854.57  
    0.294       847.93          1462.24        2344.01         3658.43         4758.19  
    0.300       841.00          1458.34        2327.89         3677.25         4819.08  
    