0.025       756.60          1330.85        2725.39         3798.40         5500.00  
    0.031       752.24          1321.80        2718.87         3797.89         5252.52  
    0.038       750.00          1308.60        2713.71         3790.13         5062.58  
    0.044       753.10          1301.51        2711.86         3783.11         5059.51  
    0.050       758.32          1295.81        2708.99         3791.60         5150.24  
    0.056       759.73          1289.35        2711.76         3806.76         5310.70  
    0.062       758.86          1287.47        2706.34         3789.69         5297.94  
    0.069       756.92          1287.33        2707.12         3769.06         5234.56  
    0.075       751.00          1283.19        2730.96         3781.47         5385.20  
    0.081       747.08          1280.94        2743.98         3808.24         5500.00  
    0.088       748.82          1272.99        2738.45         3828.64         5500.00  
    0.094       750.29          1265.25        2739.32         3796.87         5500.00  
    0.100       747.62          1262.78        2738.51         3770.96         5500.00  
    0.106       746.08          1258.22        2731.01         3787.52         5500.00  
    0.113       743.40          1251.44        2724.97         3794.82         5500.00  
    0.119       738.84          1250.98        2726.26         3804.87         5500.00  
    0.125       737.71          1253.72        2732.02         3804.95         5500.00  
    0.131       747.27          1259.83        2867.23         3787.97         5500.00  
    0.138       324.75          996.68        2011.08         3776.61         4752.54  
    0.144       432.12          1064.50        2586.77         3763.41         4934.71  
    0.150       743.40          1257.77        3178.56         3752.85         5500.00  
    0.156       731.81          1247.39        3177.20         3755.31         5500.00  
    0.163       723.26          1243.30        3328.05         3747.58         5500.00  
    0.169       692.79          1231.38        3068.35         3739.76         5500.00  
    0.175       659.46          1218.26        2867.57         3741.74         5500.00  
    0.181       640.70          1214.31        2818.90         3745.16         5398.62  
    0.188       631.16          1213.00        2811.53         3751.63         5174.78  
    0.194       622.98          1214.42        2846.49         3753.86         5161.57  
    0.200       624.49          1218.67        2901.71         3760.89         4946.07  
    0.206       635.85          1216.23        2897.31         3768.96         4604.37  
    0.213       643.93          1209.35        2886.81         3761.57         4546.73  
    0.219       656.29          1210.59        2904.45         3753.41         4545.64  
    0.225       671.63          1212.42        2927.54         3766.84         4513.49  
    0.231       686.49          1217.42        3046.76         3778.27         4509.36  
    0.238       692.14          1224.53        3039.98         3777.25         4508.90  
    0.244       690.17          1223.96        2890.93         3789.59         4509.61  
    0.250       692.71          1217.45        2850.57         3782.00         4507.63  
    0.256       708.26          1218.09        2980.23         3756.21         4482.39  
    0.263       707.24          1219.60        2966.66         3745.88         4464.75  
    0.269       710.13          1217.20        2950.46         3761.18         4483.18  
    0.275       716.17          1222.80        2982.99         3765.54         4487.51  
    0.281       710.68          1225.65        3045.12         3757.41         4561.66  
    0.288       708.26          1228.01        3275.67         3750.57         4625.41  
    0.294       719.91          1229.58        3366.58         3762.09         4694.46  
    0.300       753.03          1226.00        3273.95         3792.09         4661.14  
    0.306       742.03          1232.53        3177.85         3808.18         4568.72  
    0.312       693.91          1226.25        3177.28         3834.62         4692.84  
    0.319       672.90          1218.22        3123.13         3813.03         4684.79  
    0.325       702.23          1229.40        3156.71         3749.87         4567.03  
    0.331       750.25          1238.48        3222.35         3726.84         4525.38  
    0.338       725.23          1225.81        3154.05         3734.36         4508.98  
    0.344       651.96          1224.21        3133.94         3765.09         4625.11  
    0.350       609.11          1218.68        3041.75         3806.27         4972.38  
    0.356       604.79          1192.11        2938.28         3837.86         5357.08  
    