0.025       1067.23          1560.90        2998.50         3943.13         5500.00  
    0.031       343.40          1236.49        2122.74         3311.71         4532.46  
    0.038       724.84          1515.73        2568.03         3726.65         5040.98  
    0.044       343.88          1277.23        2142.18         3306.30         4567.19  
    0.050       0          1073.22        1788.80         2907.99         4131.28  
    0.056       723.17          1544.08        2571.82         3701.77         5060.60  
    0.062       1064.83          1715.49        2940.72         4077.17         5500.00  
    0.069       1059.58          1662.40        2940.72         4117.05         5500.00  
    0.075       340.25          1251.28        2141.51         3327.75         4594.65  
    0.081       0          1056.66        1752.91         2938.94         4181.12  
    0.088       690.79          1480.29        2542.41         3769.26         5078.06  
    0.094       1013.38          1659.36        2865.31         4126.01         4825.97  
    0.100       1030.94          1661.30        2858.74         4110.75         5180.22  
    0.106       334.78          1260.03        2068.49         3280.03         4587.85  
    0.113       0          1061.21        1685.63         2889.31         4134.86  
    0.119       0          1066.21        1769.38         2941.05         4180.20  
    0.125       710.72          1550.55        2543.77         3790.96         5083.72  
    0.131       1041.90          1764.18        2865.82         4088.18         5500.00  
    0.138       334.34          1268.01        2119.56         3269.49         4506.15  
    0.144       687.39          1492.26        2569.89         3658.10         5028.50  
    0.150       1013.44          1710.73        2929.25         4043.42         5500.00  
    0.156       326.08          1232.76        2118.58         3301.74         4570.11  
    0.163       0          998.27        1793.07         2966.60         4114.42  
    0.169       0          982.66        1850.93         2976.62         4122.30  
    0.175       661.82          1558.74        2564.89         3724.26         5058.95  
    0.181       970.11          1813.67        2875.13         4046.08         5500.00  
    0.188       962.33          1762.11        2897.61         4003.96         5500.00  
    0.194       959.93          1756.33        2912.02         4013.92         5500.00  
    0.200       962.81          1774.44        2868.17         4039.21         5500.00  
    0.206       978.87          1682.68        2838.42         4036.58         5500.00  
    0.213       997.02          1633.68        2886.15         4053.54         5500.00  
    0.219       322.51          1205.11        2114.19         3319.12         4564.85  
    0.225       672.72          1509.46        2538.74         3654.67         5056.34  
    0.231       979.56          1749.97        2920.83         3984.67         5500.00  
    0.238       966.14          1688.37        2728.54         3875.81         5234.23  
    0.244       963.63          1621.87        2638.07         3850.32         5161.92  
    0.250       983.52          1706.13        2685.40         3903.79         5399.43  
    0.256       1007.43          1744.89        2653.55         3950.82         5500.00  
    0.263       1016.89          1735.94        2684.78         3991.67         5500.00  
    0.269       327.58          1253.08        2030.17         3148.36         4470.46  
    0.275       685.30          1291.70        2152.50         3373.77         4325.88  
    0.281       965.68          1466.55        2417.17         3720.67         4630.65  
    0.288       934.41          1665.32        2367.33         3820.34         5241.89  
    0.294       299.13          1200.51        2062.60         3139.83         4482.08  
    0.300       0          953.65        1930.11         2802.36         4011.91  
    0.306       0          975.62        1897.77         2719.88         3884.45  
    