0.025       860.29          1288.08        2434.46         3905.41         5171.98  
    0.031       877.66          1308.15        2439.82         3902.30         5205.97  
    0.038       894.18          1299.91        2442.36         3981.62         5254.04  
    0.044       925.10          1307.64        2462.22         4112.05         5417.95  
    0.050       928.67          1341.20        2475.49         4127.15         5500.00  
    0.056       923.73          1363.81        2481.13         4082.54         5500.00  
    0.062       923.77          1370.28        2483.68         4050.87         5500.00  
    0.069       914.95          1353.35        2486.27         4083.56         5500.00  
    0.075       905.54          1346.44        2498.93         4141.88         5500.00  
    0.081       895.57          1345.14        2508.96         4134.56         5500.00  
    0.088       882.30          1337.27        2505.20         4135.30         5500.00  
    0.094       885.52          1325.78        2495.91         4164.45         5500.00  
    0.100       891.57          1306.30        2468.97         4239.20         5320.00  
    0.106       907.27          1296.71        2473.29         4230.14         5400.00  
    0.113       943.27          1311.48        2490.11         4230.58         5500.00  
    0.119       949.73          1338.03        2500.91         4286.50         5500.00  
    0.125       928.87          1360.35        2496.18         4300.08         5500.00  
    0.131       914.01          1382.82        2487.47         4316.73         5500.00  
    0.138       895.55          1390.87        2491.81         4315.49         5500.00  
    0.144       883.55          1418.78        2497.30         4294.29         5500.00  
    0.150       894.20          1433.58        2490.28         4307.71         5500.00  
    0.156       910.00          1411.25        2478.28         4299.61         5500.00  
    0.163       915.60          1401.72        2479.52         4288.39         5500.00  
    0.169       910.93          1391.89        2490.79         4285.58         5500.00  
    0.175       910.17          1371.74        2507.67         4290.12         5500.00  
    0.181       912.39          1357.42        2514.54         4310.57         5500.00  
    0.188       891.63          1347.50        2500.86         4298.78         5500.00  
    0.194       887.43          1340.18        2491.06         4297.92         5500.00  
    0.200       881.96          1336.71        2496.00         4308.35         5500.00  
    0.206       867.33          1339.38        2506.88         4284.79         5500.00  
    0.213       857.86          1339.01        2506.41         4241.32         5500.00  
    0.219       858.79          1329.78        2482.66         4172.27         5325.78  
    0.225       863.65          1322.27        2479.13         4167.48         5244.70  
    0.231       857.16          1324.73        2488.07         4217.73         5284.36  
    0.238       848.11          1329.89        2486.33         4271.70         5337.71  
    0.244       842.95          1332.02        2484.30         4262.21         5364.53  
    0.250       840.06          1328.68        2482.43         4240.81         5452.95  
    0.256       839.14          1330.14        2492.26         4272.43         5500.00  
    0.263       837.47          1338.55        2507.79         4319.09         5500.00  
    0.269       826.82          1339.13        2519.06         4304.86         5412.64  
    0.275       822.79          1332.08        2513.28         4248.20         5193.45  
    0.281       818.87          1324.05        2497.71         4292.43         5126.85  
    0.288       815.05          1320.74        2495.51         4322.04         5372.33  
    0.294       806.55          1319.98        2489.98         4210.36         5283.07  
    0.300       800.08          1318.78        2486.77         4211.90         5227.59  
    0.306       797.57          1332.20        2501.15         4328.25         5415.62  
    0.312       797.73          1344.86        2505.99         4422.48         5500.00  
    0.319       799.33          1343.88        2489.60         4430.50         5500.00  
    0.325       794.10          1340.79        2483.41         4426.85         5500.00  
    0.331       782.50          1337.68        2449.22         4409.26         5500.00  
    