0.025       625.99          1250.23        2834.54         3486.28         4314.18  
    0.031       620.37          1254.71        2874.88         3534.41         4196.77  
    0.038       617.26          1242.79        2898.91         3607.37         4074.75  
    0.044       601.35          1264.92        2863.86         3631.28         3964.82  
    0.050       603.32          1277.32        2876.72         3668.42         3919.07  
    0.056       616.74          1271.67        2873.25         3702.81         4295.71  
    0.062       625.23          1278.68        2871.77         3688.10         4435.35  
    0.069       630.66          1273.69        2846.27         3558.28         4025.42  
    0.075       642.37          1315.05        2886.18         3566.98         3763.24  
    0.081       184.26          862.19        1855.18         3076.83         3658.93  
    0.088       0          699.36        1426.08         2848.65         3636.26  
    0.094       529.92          976.97        2400.17         3373.50         4969.10  
    0.100       211.26          852.32        1512.27         3001.40         4007.22  
    0.106       0          759.48        1031.30         2761.57         3468.06  
    0.113       0          757.76        1191.07         2761.79         3534.83  
    0.119       0          759.97        1300.15         2767.15         3506.56  
    0.125       0          748.61        1176.25         2761.38         3414.26  
    0.131       0          738.65        1155.72         2755.02         3356.13  
    0.138       0          744.75        1332.70         2748.86         3356.65  
    0.144       0          751.18        1176.41         2745.94         3352.78  
    0.150       501.47          906.88        2263.80         3063.54         3537.56  
    0.156       692.09          979.39        2733.73         3169.99         3626.42  
    0.163       676.77          982.34        2739.00         3116.74         3625.17  
    0.169       682.38          972.76        2740.85         3153.90         3606.85  
    0.175       694.34          941.35        2727.66         3126.97         3584.22  
    0.181       692.03          939.30        2724.13         3073.72         3560.58  
    0.188       683.44          956.49        2738.01         3109.40         3655.13  
    0.194       683.03          964.48        2745.49         3159.10         3786.30  
    0.200       702.54          926.70        2750.06         3167.22         3670.61  
    0.206       769.83          827.87        2759.36         3110.16         3478.15  
    0.213       226.23          797.50        1407.04         2858.21         3366.28  
    0.219       0          797.87        1278.68         2761.06         3353.27  
    0.225       0          794.85        1518.13         2745.52         3336.67  
    0.231       0          788.79        2017.87         2743.01         3363.13  
    0.238       0          785.06        2418.63         2783.15         3439.43  
    0.244       0          789.52        2174.59         2814.31         3451.24  
    0.250       0          793.98        1899.48         2795.56         3569.06  
    0.256       558.29          977.22        2486.82         3384.48         4319.50  
    0.263       769.63          1089.16        2743.89         3561.24         4511.45  
    0.269       769.02          1192.98        2759.74         3626.79         4652.56  
    0.275       770.18          1260.66        2780.82         3747.14         4696.01  
    0.281       765.29          1215.42        2790.46         3786.31         4699.93  
    0.288       759.03          1156.46        2770.40         3714.79         4612.78  
    0.294       756.33          1091.52        2749.00         3474.26         4619.08  
    0.300       752.29          1074.72        2747.72         3357.54         5253.84  
    0.306       214.01          837.90        1544.74         2945.92         4013.76  
    0.312       0          744.21        1255.33         2808.10         3490.88  
    0.319       527.28          946.02        2364.15         3278.39         3878.46  
    