0.025       767.52          1438.93        2544.79         3916.72         5059.73  
    0.031       772.65          1425.72        2539.83         3895.58         5072.55  
    0.038       776.16          1413.65        2528.43         3858.71         5108.36  
    0.044       775.38          1449.62        2515.41         3874.82         5116.34  
    0.050       779.91          1561.41        2500.31         3923.02         5082.41  
    0.056       778.03          1607.66        2495.09         3917.40         4975.75  
    0.062       771.29          1554.82        2501.88         3878.72         4943.63  
    0.069       775.70          1521.09        2512.29         3882.11         5250.54  
    0.075       779.33          1498.82        2526.38         3900.14         5500.00  
    0.081       778.88          1491.15        2539.88         3962.28         5500.00  
    0.088       785.14          1485.59        2568.47         4027.23         5300.63  
    0.094       793.59          1461.34        2593.85         4029.60         5161.60  
    0.100       794.23          1432.96        2587.92         4017.98         5360.00  
    0.106       791.95          1420.49        2577.48         4000.48         5346.77  
    0.113       791.51          1413.84        2593.43         3984.29         5189.72  
    0.119       790.55          1404.55        2630.85         4012.46         5343.07  
    0.125       786.47          1412.14        2636.66         4038.85         5500.00  
    0.131       782.69          1429.05        2628.49         4021.78         5500.00  
    0.138       788.88          1443.33        2659.34         4036.14         5500.00  
    0.144       796.82          1436.89        2690.52         4052.71         5500.00  
    0.150       798.03          1415.20        2700.90         4044.04         5500.00  
    0.156       791.24          1395.48        2695.56         4040.39         5500.00  
    0.163       789.10          1402.57        2697.73         4035.68         5500.00  
    0.169       792.49          1448.46        2707.46         4037.68         5500.00  
    0.175       788.60          1472.58        2671.94         4022.69         5500.00  
    0.181       781.70          1453.77        2642.86         3999.91         5336.89  
    0.188       776.02          1430.66        2653.51         3994.35         5159.10  
    0.194       784.42          1429.52        2684.42         3995.87         5254.10  
    0.200       791.32          1432.20        2694.23         4002.16         5432.76  
    0.206       782.32          1418.89        2666.78         3992.17         5500.00  
    0.213       777.41          1410.25        2636.87         3975.08         5500.00  
    0.219       783.61          1422.19        2606.70         3973.52         5500.00  
    0.225       789.50          1444.50        2596.99         3978.48         5500.00  
    0.231       795.03          1466.99        2597.26         4003.66         5500.00  
    0.238       800.36          1462.77        2586.74         4030.95         5500.00  
    0.244       803.69          1451.20        2575.54         4019.11         5500.00  
    0.250       816.53          1468.19        2583.48         3996.32         5500.00  
    0.256       815.84          1440.77        2603.07         3971.53         5500.00  
    0.263       809.63          1403.73        2614.29         3980.22         5500.00  
    0.269       403.14          1113.14        2031.41         3302.37         4754.91  
    0.275       0          818.45        1495.56         2587.85         4026.71  
    0.281       0          812.54        1592.17         2551.32         4035.12  
    0.288       0          807.32        1655.37         2515.34         4037.69  
    