0.025       644.37          1410.68        2850.33         3610.27         3928.36  
    0.031       645.09          1411.05        2855.86         3682.84         3918.41  
    0.038       650.46          1389.84        2853.25         3724.63         3899.45  
    0.044       658.74          1365.95        2845.63         3630.04         3899.70  
    0.050       665.05          1365.38        2808.10         3458.24         3897.38  
    0.056       672.63          1394.62        2864.48         3223.62         3851.45  
    0.062       695.96          1432.48        2816.55         2977.54         3835.45  
    0.069       734.59          1385.92        2434.75         2871.06         3889.29  
    0.075       773.28          1277.41        2262.94         2850.18         3941.74  
    0.081       794.38          1164.35        2470.77         2841.31         4025.16  
    0.088       801.63          1139.82        2632.28         2831.28         4007.54  
    0.094       365.72          967.81        2071.86         2806.50         3838.70  
    0.100       0          805.36        1600.31         2796.53         3701.06  
    0.106       0          800.49        1406.60         2782.39         3581.78  
    0.113       425.09          993.78        2063.88         3069.20         3785.69  
    0.119       783.77          1177.60        2755.27         3341.53         3712.85  
    0.125       790.17          1175.01        2755.49         3361.25         3466.25  
    0.131       783.51          1120.05        2758.46         3159.26         3529.83  
    0.138       774.53          1089.22        2764.81         2949.98         3590.20  
    0.144       769.29          1083.26        2750.72         2916.51         3599.55  
    0.150       764.51          1071.80        2717.36         2930.83         3588.80  
    0.156       763.61          1054.02        2674.03         2942.68         3561.96  
    0.163       765.82          1048.30        2660.57         2940.78         3534.30  
    0.169       773.91          1061.49        2704.74         2983.11         3572.88  
    0.175       781.72          1066.11        2739.91         3055.58         3669.54  
    0.181       792.30          1033.40        2746.95         3052.58         3643.20  
    0.188       806.39          969.24        2758.38         2908.59         3530.84  
    0.194       820.27          944.70        2766.49         2870.09         3490.46  
    0.200       827.32          968.91        2762.67         2952.27         3484.41  
    0.206       823.65          961.80        2747.97         2995.67         3491.64  
    0.213       814.56          916.83        2717.80         2960.27         3682.80  
    0.219       805.87          915.99        2690.75         2890.13         3813.03  
    0.225       801.08          1060.93        2760.46         2912.18         3747.66  
    0.231       798.18          1239.50        2803.14         3128.69         3789.02  
    0.238       790.36          1329.33        2760.99         3408.40         3941.86  
    0.244       777.33          1358.15        2739.94         3470.50         4061.28  
    0.250       771.95          1416.17        2750.87         3342.04         4100.99  
    0.256       774.41          1417.51        2769.87         3222.68         4135.01  
    0.263       774.25          1311.66        2782.12         3155.57         4147.15  
    0.269       767.05          1216.20        2769.88         3023.90         4138.37  
    0.275       760.08          1160.41        2741.06         2925.35         4131.35  
    0.281       754.80          1132.66        2713.03         2960.07         4113.50  
    0.288       751.22          1102.82        2726.13         2956.26         4114.34  
    0.294       757.98          1115.65        2773.69         2873.49         4063.03  
    