0.025       659.04          1307.89        2527.15         3742.21         5137.04  
    0.031       675.80          1344.62        2553.56         3780.32         5228.85  
    0.038       706.75          1384.58        2599.69         3828.00         5456.88  
    0.044       730.31          1403.35        2621.16         3817.52         5500.00  
    0.050       757.07          1408.52        2639.74         3814.32         5500.00  
    0.056       758.69          1412.52        2656.17         3805.40         5500.00  
    0.062       759.15          1405.43        2653.17         3790.78         5500.00  
    0.069       764.31          1400.06        2664.60         3800.22         5500.00  
    0.075       757.20          1396.24        2673.89         3814.64         5500.00  
    0.081       750.10          1391.30        2649.93         3813.50         5187.77  
    0.088       756.19          1397.32        2648.56         3806.29         4886.36  
    0.094       766.35          1388.62        2655.35         3808.89         4871.87  
    0.100       780.31          1376.33        2656.73         3850.47         5393.82  
    0.106       771.31          1356.72        2637.31         3855.54         5128.69  
    0.113       762.80          1352.49        2623.68         3871.54         4883.25  
    0.119       747.99          1352.69        2606.44         3847.18         4617.20  
    0.125       740.00          1346.49        2598.95         3831.99         4996.72  
    0.131       741.55          1328.65        2589.45         3826.81         5270.12  
    0.138       744.69          1332.72        2619.76         3893.75         5467.23  
    0.144       738.34          1326.72        2669.05         3930.91         5500.00  
    0.150       723.91          1323.19        2703.62         3885.24         5500.00  
    0.156       722.49          1318.29        2689.10         3927.08         5500.00  
    0.163       712.21          1318.55        2716.80         3981.78         5500.00  
    0.169       713.86          1323.75        2690.36         3908.47         5500.00  
    0.175       711.72          1321.13        2686.94         3864.98         5500.00  
    0.181       710.16          1321.10        2715.93         3958.76         5500.00  
    0.188       703.88          1323.14        2685.58         3873.25         5500.00  
    0.194       711.45          1316.03        2672.25         3794.08         5300.68  
    0.200       714.87          1317.75        2699.55         3761.81         5251.98  
    0.206       711.05          1326.09        2718.35         3828.95         5457.33  
    0.213       718.11          1327.35        2737.37         3935.74         5500.00  
    0.219       717.60          1323.18        2754.87         3934.13         5500.00  
    0.225       122.62          823.99        1569.37         3040.46         4307.42  
    0.231       0          738.66        1331.31         2841.55         4009.05  
    0.238       0          730.83        1330.75         2840.34         3898.89  
    0.244       0          738.52        1342.08         3268.20         3806.66  
    0.250       0          725.26        1333.94         3192.14         3843.51  
    0.256       0          723.78        1314.51         2952.54         3871.54  
    0.263       0          729.89        1312.47         2909.02         3875.55  
    0.269       0          753.08        1337.70         3003.04         3835.89  
    0.275       0          747.02        1340.41         2984.46         3843.78  
    0.281       0          753.84        1351.30         2998.64         3856.92  
    0.288       0          770.08        1359.73         2954.59         3861.53  
    0.294       0          761.66        1353.71         2918.00         3876.45  
    0.300       0          762.51        1352.83         2935.82         3877.76  
    0.306       0          746.71        1341.61         2913.20         3889.33  
    0.312       0          716.37        1319.44         2851.11         3885.29  
    0.319       0          699.49        1303.14         2828.89         3865.25  
    0.325       0          694.13        1301.43         2848.10         3876.38  
    0.331       0          693.77        1298.69         2880.93         3873.40  
    0.338       0          688.63        1293.70         2884.01         3843.99  
    0.344       0          689.12        1293.93         2873.28         3822.22  
    0.350       0          699.78        1302.24         2908.71         3832.37  
    0.356       0          676.56        1286.20         2928.84         3885.30  
    0.363       0          631.64        1266.78         2957.88         3877.27  
    0.369       0          732.06        1315.40         3002.82         3861.14  
    0.375       0          711.69        1293.97         3012.10         3886.38  
    0.381       0          449.22        1274.30         2958.74         3909.70  
    0.388       0          558.31        1276.42         2915.06         3925.22  
    