0.025       781.79          1595.74        2406.49         4022.41         5500.00  
    0.031       772.94          1602.44        2353.39         4097.10         5500.00  
    0.038       756.85          1515.02        2299.69         4134.30         5500.00  
    0.044       745.86          1468.18        2300.26         4153.43         5500.00  
    0.050       739.15          1441.15        2302.39         4158.76         5500.00  
    0.056       204.02          940.65        1688.58         2810.08         4571.30  
    0.062       550.83          1268.36        2095.95         3666.11         5144.82  
    0.069       757.66          1459.97        2349.96         4112.63         5500.00  
    0.075       761.31          1447.28        2351.43         4060.10         5500.00  
    0.081       762.78          1446.52        2363.58         4121.77         5500.00  
    0.088       759.55          1450.63        2349.57         4030.29         5500.00  
    0.094       757.11          1443.25        2344.41         3956.15         5500.00  
    0.100       754.38          1435.04        2347.68         3956.87         5500.00  
    0.106       749.76          1435.42        2369.00         3989.33         5500.00  
    0.113       755.19          1452.85        2393.40         4002.23         5500.00  
    0.119       760.19          1453.37        2412.22         3995.29         5276.14  
    0.125       765.29          1441.65        2427.84         4016.46         5289.99  
    0.131       766.57          1431.80        2445.10         4024.89         5452.43  
    0.138       768.55          1443.98        2458.44         4019.68         5500.00  
    0.144       768.92          1439.54        2459.79         3995.40         5500.00  
    0.150       767.62          1426.60        2478.22         3964.29         5500.00  
    0.156       769.95          1431.75        2467.92         3976.68         5500.00  
    0.163       771.52          1441.88        2427.70         3974.15         5252.24  
    0.169       776.39          1450.96        2404.25         4005.03         5223.15  
    0.175       783.37          1442.51        2424.29         4011.55         5430.36  
    0.181       784.71          1438.26        2436.04         3987.99         5500.00  
    0.188       774.74          1418.26        2419.71         3969.37         5500.00  
    0.194       771.90          1423.41        2436.73         4019.44         5500.00  
    0.200       778.54          1436.12        2435.94         4032.49         5335.58  
    0.206       779.11          1419.79        2418.40         3939.92         5117.77  
    0.213       774.84          1400.64        2424.26         3877.83         5069.92  
    0.219       779.31          1423.50        2434.53         3890.51         5082.07  
    0.225       788.03          1463.92        2426.99         3944.74         5119.00  
    0.231       780.45          1457.97        2421.96         3976.47         5176.08  
    0.238       765.61          1412.46        2403.11         3839.09         5005.04  
    0.244       767.50          1388.56        2387.60         3774.02         4991.46  
    0.250       771.31          1388.10        2381.97         3918.74         4991.49  
    0.256       770.93          1385.98        2371.53         4012.91         4997.82  
    0.263       777.28          1394.95        2378.68         3966.06         4986.54  
    0.269       787.07          1397.15        2364.48         3850.63         4942.51  
    0.275       795.71          1399.73        2355.26         3772.28         4816.56  
    0.281       797.00          1409.24        2352.59         3713.94         4828.43  
    0.288       784.46          1418.25        2351.11         3650.25         4875.33  
    0.294       769.24          1443.16        2359.18         3638.20         4804.34  
    0.300       761.44          1452.08        2353.09         3641.76         4797.33  
    0.306       766.46          1447.20        2346.07         3671.39         4835.89  
    0.312       783.44          1472.79        2348.58         3655.35         4709.75  
    0.319       792.08          1504.84        2339.60         3650.18         4585.75  
    0.325       782.57          1522.50        2327.45         3729.86         4481.02  
    