0.025       912.14          1387.89        2528.95         3739.90         5251.06  
    0.031       902.30          1380.30        2524.95         3755.00         5269.25  
    0.038       883.26          1369.35        2528.18         3767.39         5292.84  
    0.044       874.12          1368.24        2537.05         3795.79         5337.31  
    0.050       886.19          1388.89        2533.72         4493.39         5439.12  
    0.056       911.81          1425.60        2538.51         5015.81         5500.00  
    0.062       921.42          1428.74        2540.15         4541.73         5426.34  
    0.069       920.23          1407.76        2535.57         4130.59         5342.82  
    0.075       923.31          1402.55        2541.68         4063.80         5345.01  
    0.081       927.91          1419.49        2543.71         4340.18         5434.08  
    0.088       926.00          1421.43        2547.40         4566.23         5500.00  
    0.094       921.29          1417.27        2547.01         4552.60         5500.00  
    0.100       917.11          1424.51        2538.05         4591.06         5500.00  
    0.106       909.16          1425.60        2535.49         4613.36         5500.00  
    0.113       905.33          1436.02        2535.74         4565.80         5500.00  
    0.119       908.49          1445.67        2533.50         4447.49         5500.00  
    0.125       431.89          1172.02        1966.05         3407.78         4882.42  
    0.131       0          930.84        1466.51         2531.11         4308.43  
    0.138       0          920.24        1455.56         2520.98         4283.61  
    0.144       0          910.89        1452.10         2513.17         4299.86  
    0.150       0          907.74        1451.62         2517.51         4306.71  
    0.156       0          904.70        1439.28         2521.11         4288.60  
    0.163       0          911.06        1438.92         2518.20         4274.86  
    0.169       0          914.87        1444.40         2518.58         4282.37  
    0.175       465.31          1199.32        2003.77         3492.16         4929.85  
    0.181       877.15          1456.42        2511.31         4399.60         5500.00  
    0.188       878.55          1478.10        2518.77         4440.97         5500.00  
    0.194       885.40          1490.28        2513.16         4397.39         5500.00  
    0.200       887.33          1492.42        2506.65         4344.28         5500.00  
    0.206       888.25          1506.41        2504.58         4373.84         5500.00  
    0.213       884.01          1492.22        2504.86         4441.06         5500.00  
    0.219       417.58          1163.38        1982.23         3435.98         4893.11  
    0.225       463.93          1198.96        2039.87         3497.41         4953.27  
    0.231       872.36          1463.21        2510.80         4440.67         5500.00  
    0.238       860.16          1446.29        2507.14         4435.64         5500.00  
    0.244       406.10          1136.06        1959.37         3402.15         4891.91  
    0.250       443.86          1184.90        2003.16         3494.76         4952.19  
    0.256       832.12          1466.45        2486.29         4420.94         5500.00  
    0.263       817.00          1460.73        2499.59         4424.93         5122.53  
    0.269       814.50          1482.78        2512.19         4402.37         5159.95  
    0.275       811.65          1474.69        2494.50         4336.85         4934.83  
    0.281       382.79          1119.04        1947.89         3329.81         4390.08  
    0.288       421.61          1149.93        1995.29         3222.29         4379.88  
    0.294       792.58          1417.45        2464.69         3774.31         4428.90  
    0.300       790.50          1397.31        2461.60         3793.93         4438.26  
    0.306       797.05          1409.40        2466.20         3812.76         4421.08  
    0.312       800.40          1408.48        2469.32         3750.86         4425.68  
    0.319       799.91          1401.91        2465.24         3721.39         4437.69  
    0.325       793.67          1400.14        2462.17         3726.17         4447.04  
    0.331       785.19          1382.06        2475.90         3829.14         4459.14  
    0.338       774.41          1353.50        2484.48         3913.20         4482.20  
    0.344       768.09          1351.60        2478.09         3928.61         4489.66  
    0.350       767.26          1352.62        2480.22         3918.53         4485.92  
    0.356       771.07          1341.50        2486.48         3966.87         4483.21  
    0.363       784.83          1349.94        2485.82         3981.40         4467.69  
    0.369       797.15          1369.35        2484.66         3983.68         4470.78  
    0.375       794.03          1368.72        2484.45         3811.18         4504.62  
    0.381       786.79          1363.45        2481.09         3644.86         4507.87  
    0.388       791.13          1367.54        2487.59         3781.16         4477.64  
    0.394       803.72          1377.53        2489.49         3832.93         4473.22  
    0.400       817.45          1386.36        2492.70         3645.28         4487.81  
    0.406       825.64          1392.56        2506.68         3794.21         4473.33  
    0.413       837.40          1400.87        2506.57         4256.55         4466.04  
    0.419       845.00          1388.15        2490.25         4406.37         4459.56  
    0.425       838.13          1362.89        2486.34         4184.60         4449.45  
    0.431       833.89          1349.89        2490.58         4118.06         4461.03  
    0.438       833.00          1354.64        2490.82         4233.83         4480.87  
    0.444       834.57          1370.38        2498.86         4296.95         4482.88  
    0.450       822.95          1383.65        2506.61         4336.54         4493.63  
    0.456       806.49          1377.64        2499.75         4301.42         4553.21  
    0.463       801.28          1364.69        2479.99         4286.58         4566.27  
    0.469       796.74          1372.91        2461.14         4329.76         4514.53  
    0.475       792.74          1388.35        2457.84         4279.62         4485.73  
    0.481       786.63          1383.25        2458.55         4213.81         4499.99  
    0.488       778.01          1370.91        2459.44         4253.89         4517.12  
    0.494       774.47          1368.81        2461.30         4356.99         4508.69  
    0.500       772.56          1368.61        2457.80         4378.39         4518.93  
    0.506       768.14          1371.48        2460.71         4306.05         4563.08  
    0.513       768.69          1381.92        2471.38         4300.72         4599.46  
    0.519       779.94          1397.48        2475.16         4357.97         4596.92  
    0.525       797.39          1428.20        2476.39         4413.07         4538.90  
    0.531       810.40          1451.34        2482.49         4358.62         4495.60  
    0.537       817.27          1451.74        2488.24         4362.24         4507.37  
    0.544       820.59          1456.44        2492.54         4441.79         4538.17  
    0.550       815.98          1465.39        2494.60         4440.94         4545.79  
    0.556       816.28          1465.31        2493.89         4436.31         4533.68  
    0.562       828.66          1456.29        2492.34         4468.60         4519.21  
    0.569       835.36          1456.18        2493.41         4511.33         4556.73  
    0.575       837.31          1474.21        2492.99         4531.33         4607.30  
    0.581       837.94          1492.36        2481.29         4514.32         4677.09  
    0.588       827.29          1502.45        2465.83         4491.24         4605.22  
    0.594       819.67          1522.53        2460.96         4428.61         4506.03  
    0.600       821.87          1544.93        2461.41         4355.91         4514.62  
    0.606       825.27          1531.79        2460.80         4359.36         4497.51  
    0.613       839.95          1515.15        2466.29         4427.75         5019.94  
    0.619       850.58          1500.97        2472.90         4462.06         5500.00  
    0.625       849.65          1474.23        2474.10         4449.99         5500.00  
    0.631       849.57          1470.07        2470.33         4423.48         5357.28  
    0.638       853.87          1467.43        2468.23         4408.34         5156.73  
    0.644       871.91          1462.33        2471.28         4441.39         5306.59  
    0.650       867.64          1427.14        2470.23         4449.69         5418.74  
    0.656       835.21          1386.59        2464.92         4425.15         5010.79  
    0.663       817.46          1380.55        2460.91         4415.47         4814.42  
    0.669       802.28          1380.82        2456.78         4408.76         5220.00  
    0.675       774.55          1382.48        2456.13         4401.32         5142.26  
    0.681       758.41          1390.45        2463.41         4398.28         4756.27  
    0.688       756.42          1402.21        2475.51         4396.19         5120.33  
    