0.025       932.13          1298.56        2777.28         3676.98         5500.00  
    0.031       916.66          1314.95        2806.19         3732.98         5398.05  
    0.038       907.51          1340.90        2800.39         3835.12         5035.05  
    0.044       912.57          1351.13        2792.83         3881.86         4867.71  
    0.050       917.12          1341.86        2825.11         3901.61         4919.40  
    0.056       921.61          1351.68        2866.47         3931.31         4965.85  
    0.062       929.01          1361.42        2908.00         3949.06         4973.61  
    0.069       935.63          1351.66        2928.16         3958.83         4925.76  
    0.075       946.16          1361.69        2905.33         4003.44         4831.85  
    0.081       952.71          1370.38        2884.84         4038.21         4815.16  
    0.088       959.26          1375.97        2873.11         4058.62         4787.54  
    0.094       973.92          1367.19        2873.89         4041.27         4803.15  
    0.100       990.09          1367.56        2883.98         4013.60         4801.03  
    0.106       986.37          1393.95        2882.46         4023.08         4795.89  
    0.113       959.99          1448.55        2876.61         3989.22         4818.13  
    0.119       946.47          1482.05        2865.71         3962.28         4870.33  
    0.125       947.11          1494.63        2849.79         3999.45         4970.13  
    0.131       947.51          1548.49        2832.12         4043.05         5080.34  
    0.138       339.38          1169.82        2166.62         3283.98         4450.13  
    0.144       0          944.32        1820.64         2858.41         4065.75  
    0.150       620.52          1438.03        2479.26         3631.57         4983.85  
    0.156       965.99          1711.33        2834.63         4065.42         5500.00  
    0.163       345.90          1222.32        2203.13         3262.61         4598.90  
    0.169       0          951.00        1865.81         2823.20         4081.91  
    0.175       0          969.77        1849.00         2813.72         4060.16  
    0.181       0          975.43        1780.36         2811.95         4044.09  
    0.188       0          970.30        1795.17         2809.89         4045.84  
    0.194       0          967.63        1836.86         2827.20         4035.78  
    0.200       0          968.58        1875.91         2842.36         4018.57  
    0.206       0          964.47        1937.88         2846.72         4024.59  
    0.213       0          956.26        1957.97         2855.57         4037.14  
    0.219       0          950.68        1931.47         2850.60         4045.45  
    0.225       0          955.00        1925.16         2860.44         4014.78  
    0.231       0          962.65        1925.52         2866.58         3981.96  
    0.238       0          974.38        1850.98         2848.13         3978.72  
    0.244       0          981.28        1699.59         2853.18         3961.52  
    0.250       0          979.27        1514.75         2867.87         3908.08  
    0.256       620.88          1266.08        2364.40         3469.23         4921.17  
    0.263       955.35          1437.03        2907.33         3841.29         5500.00  
    0.269       946.54          1443.47        2924.80         3855.52         5500.00  
    0.275       944.29          1428.86        2891.25         3846.25         5500.00  
    0.281       943.15          1413.40        2868.80         3818.00         5500.00  
    0.288       337.81          1105.43        1935.72         3223.52         4408.26  
    0.294       0          928.77        1422.37         2905.06         3824.12  
    0.300       0          920.82        1415.65         2881.74         3857.58  
    0.306       0          925.19        1438.44         2868.78         3893.64  
    0.312       0          940.17        1457.02         2856.44         3882.97  
    0.319       0          951.99        1454.42         2815.38         3862.04  
    0.325       0          961.31        1443.39         2804.16         3882.26  
    