0.025       797.56          1205.78        2421.18         3848.40         4428.78  
    0.031       797.66          1313.57        2452.61         3861.35         4432.28  
    0.038       814.12          1355.42        2487.42         3852.89         4414.68  
    0.044       796.71          1311.69        2526.03         3848.91         4416.40  
    0.050       826.12          1255.64        2479.08         3817.05         4418.19  
    0.056       838.00          1245.30        2484.10         3803.67         4390.09  
    0.062       830.37          1261.03        2506.36         3856.85         4383.78  
    0.069       818.98          1281.11        2498.08         3902.86         4424.52  
    0.075       811.70          1304.36        2488.08         3893.41         4470.69  
    0.081       814.97          1324.48        2514.70         3858.73         4542.45  
    0.088       816.93          1348.16        2563.58         3841.66         4587.76  
    0.094       818.51          1373.25        2601.24         3828.80         4639.03  
    0.100       819.30          1426.49        2636.78         3801.19         4668.42  
    0.106       821.39          1471.45        2645.20         3803.98         4640.00  
    0.113       819.53          1456.93        2639.50         3802.27         4581.93  
    0.119       821.96          1439.82        2620.46         3796.75         4578.92  
    0.125       819.23          1495.85        2627.38         3826.11         4810.21  
    0.131       808.58          1593.82        2652.24         3857.53         4918.46  
    0.138       801.27          1607.74        2620.12         3833.31         4640.40  
    0.144       801.24          1581.63        2573.39         3785.64         4409.47  
    0.150       804.12          1695.33        2592.15         3957.97         4563.92  
    0.156       806.60          1706.87        2611.50         4053.25         4954.79  
    0.163       808.86          1708.86        2643.56         4092.15         5383.29  
    0.169       806.50          1678.19        2673.62         4100.18         5500.00  
    0.175       800.96          1595.62        2701.81         4051.97         5500.00  
    0.181       797.29          1533.48        2668.56         4020.89         5500.00  
    0.188       794.08          1496.95        2626.15         3951.57         5307.40  
    0.194       793.85          1484.26        2576.70         3921.25         5427.42  
    0.200       787.37          1456.64        2516.29         3870.91         5294.27  
    0.206       782.07          1448.88        2474.48         3873.26         5106.23  
    0.213       770.26          1440.46        2435.16         3923.82         4889.59  
    0.219       758.42          1421.38        2412.96         3991.79         4725.00  
    0.225       746.81          1384.71        2386.37         4067.58         4541.62  
    0.231       733.43          1331.36        2398.75         4009.79         4429.62  
    0.238       723.58          1288.80        2451.54         3949.22         4382.14  
    0.244       720.13          1279.99        2468.25         3896.88         4380.86  
    0.250       720.33          1283.77        2472.33         3837.83         4394.33  
    0.256       722.54          1280.09        2491.53         3803.58         4401.26  
    0.263       717.89          1260.68        2508.15         3815.11         4370.15  
    0.269       720.15          1276.20        2499.78         3802.34         4343.66  
    0.275       726.42          1260.10        2507.28         3815.74         4389.85  
    0.281       740.08          1228.14        2489.14         3835.32         4448.84  
    0.288       774.55          1223.09        2454.51         3869.75         4442.94  
    0.294       813.43          1232.90        2429.72         3946.51         4373.52  
    0.300       816.14          1243.93        2404.50         3947.98         4299.52  
    0.306       810.29          1240.15        2363.87         3865.19         4305.50  
    0.312       817.59          1224.29        2368.39         3809.07         4391.32  
    0.319       816.51          1200.87        2390.82         3835.59         4410.43  
    0.325       806.44          1197.88        2400.66         3892.70         4412.53  
    0.331       798.21          1227.84        2390.01         3930.80         4397.98  
    