0.025       893.80          1292.12        3025.34         4299.43         4974.25  
    0.031       917.43          1294.52        2987.82         4314.68         4830.30  
    0.038       925.41          1285.53        2977.89         3662.60         4874.29  
    0.044       919.03          1294.98        3015.42         3632.97         4918.96  
    0.050       940.56          1271.37        2978.72         4359.87         4830.15  
    0.056       1001.54          1282.76        2954.66         4327.00         5456.30  
    0.062       954.81          1326.68        2924.96         4278.43         4533.45  
    0.069       939.14          1342.13        2989.22         3876.57         4619.00  
    0.075       945.29          1353.46        3001.51         3703.75         4727.14  
    0.081       971.16          1351.62        3006.57         3818.26         4739.27  
    0.088       998.72          1338.95        3027.25         4216.90         4731.65  
    0.094       1028.40          1326.14        3033.71         4047.53         4822.32  
    0.100       1105.58          1301.34        3057.12         3900.74         4804.68  
    0.106       1078.19          1310.99        3066.54         3636.94         4874.58  
    0.113       1019.04          1334.56        3055.53         3563.08         4973.93  
    0.119       1001.17          1344.87        3035.97         3545.38         5001.82  
    0.125       1014.77          1339.28        3050.77         3635.77         5039.83  
    0.131       1005.44          1334.54        3063.52         3757.05         5010.60  
    0.138       964.60          1336.46        3050.61         3712.58         4967.70  
    0.144       964.24          1336.66        3066.55         3674.08         4950.42  
    0.150       973.30          1331.45        3062.50         3663.85         4964.46  
    0.156       986.23          1332.26        3054.14         3723.61         4953.21  
    0.163       1036.81          1314.89        3043.20         3818.81         5024.29  
    0.169       1015.86          1326.16        3029.57         3661.55         5102.10  
    0.175       973.88          1334.90        3025.17         3615.70         5095.42  
    0.181       978.56          1341.52        3024.54         3619.49         5134.98  
    0.188       992.28          1352.34        3032.68         3677.69         5082.47  
    0.194       999.17          1353.11        3044.31         3765.13         5062.35  
    0.200       1015.84          1340.83        3043.14         3811.18         5101.42  
    0.206       1032.14          1319.92        3018.92         3691.68         5077.10  
    0.213       1101.86          1270.74        3000.77         3618.73         5046.60  
    0.219       1106.38          1289.05        2990.28         3557.43         5033.03  
    0.225       1088.50          1322.61        3023.65         3559.77         5021.46  
    0.231       1074.72          1350.08        3017.90         3667.25         5042.80  
    0.238       1077.07          1365.13        3013.29         3737.15         5034.38  
    0.244       1082.76          1362.06        3016.35         3815.89         5029.76  
    0.250       1053.02          1374.82        3022.23         3765.10         5008.54  
    0.256       1019.89          1379.21        3011.30         3649.91         5029.42  
    0.263       1056.31          1369.57        3005.94         3681.41         5046.02  
    0.269       1064.98          1371.88        3009.04         3720.80         4993.71  
    0.275       1035.84          1359.34        3008.68         3727.21         4986.52  
    0.281       994.50          1398.05        3018.86         3678.20         4948.27  
    0.288       1029.64          1388.59        3017.34         3635.19         4948.24  
    0.294       1040.72          1360.66        3022.76         3733.53         4974.74  
    0.300       1048.45          1341.29        3020.86         3824.17         5012.24  
    0.306       1098.57          1323.70        3009.50         3923.55         5468.64  
    0.312       1071.59          1349.17        2992.47         3907.74         5500.00  
    0.319       1059.11          1352.09        2995.32         3957.05         5500.00  
    0.325       1049.22          1337.61        2994.86         3984.97         5500.00  
    0.331       1056.33          1339.70        2995.09         4075.86         5350.60  
    0.338       1028.97          1391.86        3001.83         4125.27         5489.68  
    0.344       1010.84          1444.59        3011.79         3977.09         5190.09  
    0.350       1021.45          1502.34        3014.04         4090.36         5286.77  
    0.356       1004.06          1500.41        3004.86         3870.84         5194.43  
    0.363       996.24          1479.91        2998.79         3865.43         5199.73  
    0.369       1019.35          1427.68        2995.18         4177.60         5480.65  
    0.375       1028.03          1388.72        2988.58         4240.87         5500.00  
    0.381       1001.32          1364.09        2975.50         3795.81         5139.91  
    0.388       1015.71          1348.78        2970.65         3611.56         4996.77  
    0.394       989.22          1362.18        2959.73         3508.39         4991.21  
    0.400       949.16          1364.93        2929.12         3385.56         5029.08  
    0.406       920.48          1360.70        2904.47         3255.68         4999.12  
    0.413       881.86          1356.82        2904.49         3077.97         4995.74  
    0.419       865.13          1358.45        2740.47         3039.46         5010.57  
    0.425       863.53          1359.86        2802.48         3000.66         4943.61  
    0.431       854.33          1354.82        2919.52         3092.35         4874.22  
    0.438       824.97          1344.84        2901.34         3272.77         4904.67  
    0.444       794.61          1334.72        2964.52         3322.29         5396.52  
    