0.025       805.91          1429.45        2640.89         4178.99         5500.00  
    0.031       804.47          1422.76        2637.21         4177.23         5500.00  
    0.038       803.73          1412.77        2634.08         4149.34         5266.11  
    0.044       806.24          1405.73        2649.82         4114.85         5128.66  
    0.050       813.40          1406.59        2661.98         4156.63         5164.30  
    0.056       814.97          1436.86        2654.91         4195.86         5122.08  
    0.062       817.77          1431.81        2647.35         4174.82         5014.02  
    0.069       819.03          1404.23        2650.16         4129.21         5115.97  
    0.075       809.00          1385.57        2653.22         4014.82         5207.90  
    0.081       798.60          1381.37        2640.00         3964.61         5147.31  
    0.088       791.58          1375.46        2643.06         4001.64         5126.44  
    0.094       786.77          1365.64        2650.55         3992.02         5058.12  
    0.100       779.48          1360.11        2656.73         4020.80         5180.91  
    0.106       779.13          1356.29        2674.05         4060.11         5420.70  
    0.113       785.36          1362.51        2697.19         4061.45         5336.71  
    0.119       784.59          1358.82        2697.40         4041.91         5120.00  
    0.125       778.78          1365.45        2655.51         3981.80         5199.09  
    0.131       774.58          1376.55        2635.30         3948.93         5366.65  
    0.138       775.77          1385.95        2670.41         4006.57         5461.32  
    0.144       771.80          1396.07        2653.08         3998.29         5334.27  
    0.150       770.91          1399.21        2631.60         3945.83         5200.02  
    0.156       775.20          1411.14        2663.94         3927.92         5369.05  
    0.163       775.63          1422.51        2674.75         3967.22         5500.00  
    0.169       769.54          1421.67        2646.62         3989.04         5500.00  
    0.175       762.90          1432.99        2620.62         3965.33         5354.70  
    0.181       768.66          1474.24        2640.86         3944.90         5283.84  
    0.188       767.81          1475.84        2642.52         3944.14         5374.05  
    0.194       756.72          1446.34        2623.75         3959.45         5349.63  
    0.200       750.21          1433.95        2624.29         3957.76         5220.79  
    0.206       755.09          1449.76        2646.36         3931.26         4969.88  
    0.213       764.76          1488.21        2699.80         3891.39         4831.31  
    0.219       771.09          1529.37        2777.17         3864.67         5030.82  
    0.225       770.24          1550.76        2768.83         3887.38         5362.33  
    0.231       761.65          1519.81        2693.51         3934.67         5500.00  
    0.238       763.57          1517.38        2683.75         3952.59         5500.00  
    0.244       781.25          1685.14        2802.33         3962.67         5500.00  
    0.250       780.64          1793.26        2912.88         3966.39         5500.00  
    0.256       771.52          1719.22        2939.77         3953.56         5500.00  
    0.263       773.01          1614.40        2912.20         3938.66         5500.00  
    0.269       792.57          1574.66        2826.83         3947.40         5500.00  
    0.275       809.71          1516.10        2736.02         3963.68         5500.00  
    0.281       806.29          1461.20        2678.90         3969.92         5500.00  
    0.288       800.96          1465.35        2661.50         3965.63         5500.00  
    0.294       800.84          1455.31        2665.76         3962.84         5500.00  
    0.300       795.42          1426.12        2670.92         3969.43         5500.00  
    0.306       801.25          1447.68        2685.76         3973.20         5500.00  
    0.312       802.74          1466.14        2692.73         3965.35         5500.00  
    0.319       796.01          1462.67        2689.51         3976.27         5500.00  
    0.325       792.69          1462.10        2685.05         3986.50         5500.00  
    0.331       783.90          1462.94        2680.73         3984.86         5500.00  
    0.338       776.02          1465.16        2677.76         3987.83         5500.00  
    0.344       776.47          1461.87        2672.36         3987.89         5500.00  
    0.350       329.55          1072.32        1983.65         3231.73         4622.84  
    0.356       0          778.30        1477.91         2685.44         3981.83  
    0.363       431.09          1163.11        2186.04         3443.59         4858.04  
    0.369       740.45          1459.37        2710.47         3992.94         5500.00  
    0.375       311.33          1046.32        2076.41         3231.50         4632.00  
    