0.025       765.98          1267.00        2497.34         3803.81         4438.02  
    0.031       743.35          1267.02        2508.74         3772.38         4421.48  
    0.038       731.31          1269.34        2494.11         3730.41         4266.14  
    0.044       717.14          1300.54        2471.01         3715.57         4185.27  
    0.050       715.27          1280.89        2469.27         3705.66         4202.19  
    0.056       726.97          1267.25        2499.77         3700.10         4190.10  
    0.062       728.96          1268.76        2476.19         3695.65         4320.49  
    0.069       714.56          1267.71        2437.37         3688.15         4324.37  
    0.075       717.30          1265.62        2451.11         3672.33         4203.24  
    0.081       727.82          1259.23        2479.23         3687.16         4300.29  
    0.088       775.56          1256.45        2495.96         3670.06         4028.32  
    0.094       764.26          1264.63        2453.47         3676.32         3941.84  
    0.100       730.55          1265.42        2431.73         3696.22         4187.39  
    0.106       723.02          1258.81        2460.70         3692.89         4378.42  
    0.113       718.90          1250.36        2456.04         3676.46         4282.87  
    0.119       706.38          1241.66        2418.50         3684.91         4236.88  
    0.125       702.43          1236.20        2404.29         3712.34         4315.69  
    0.131       693.23          1227.43        2393.24         3705.64         4503.21  
    0.138       678.90          1216.38        2382.78         3662.77         4678.17  
    0.144       671.25          1209.31        2371.11         3716.86         4679.11  
    0.150       692.93          1219.83        2394.68         3739.88         4237.17  
    0.156       692.89          1218.62        2395.95         3736.78         4177.13  
    0.163       655.45          1199.67        2369.50         3745.24         4454.52  
    0.169       655.61          1195.83        2408.92         3746.73         4520.41  
    0.175       662.96          1199.12        2452.85         3770.08         4613.22  
    0.181       662.38          1204.88        2596.57         3784.93         4813.40  
    0.188       647.94          1197.78        2602.04         3773.01         4787.29  
    0.194       640.09          1185.24        2536.10         3781.20         4739.70  
    0.200       622.50          1166.98        2568.92         3760.25         4678.53  
    0.206       617.39          1162.33        2562.11         3742.40         4573.45  
    0.213       630.86          1159.97        2521.92         3765.54         4608.71  
    0.219       652.02          1125.72        2458.40         3796.03         4621.78  
    0.225       672.75          1117.88        2443.34         3793.67         4788.99  
    0.231       697.60          1108.11        2405.36         3779.68         4686.16  
    0.238       690.61          1042.43        2399.69         3775.55         4714.11  
    0.244       591.17          1120.47        2464.93         3784.52         4753.92  
    0.250       393.91          1122.87        2465.87         3786.70         4773.59  
    0.256       20.42          59.83        1199.20         2491.18         3851.46  
    