0.025       759.52          1273.12        2547.39         3741.90         4974.14  
    0.031       771.51          1253.31        2490.88         3759.97         4778.84  
    0.038       776.49          1236.15        2480.95         3762.87         4930.24  
    0.044       765.30          1238.92        2529.69         3767.92         4964.05  
    0.050       739.05          1263.92        2554.22         3744.57         4607.04  
    0.056       724.56          1263.05        2512.82         3724.09         4432.57  
    0.062       725.82          1249.96        2468.70         3715.25         4409.56  
    0.069       734.03          1248.82        2455.55         3705.31         4880.55  
    0.075       731.07          1240.74        2438.13         3723.87         5043.28  
    0.081       736.24          1234.83        2407.34         3712.73         5026.10  
    0.088       740.71          1234.33        2390.42         3676.46         4837.72  
    0.094       744.66          1236.22        2386.29         3638.38         4865.26  
    0.100       748.22          1224.44        2373.47         3604.36         5356.76  
    0.106       746.39          1218.40        2382.48         3593.88         5500.00  
    0.113       745.33          1214.25        2392.77         3612.18         5398.01  
    0.119       750.24          1219.24        2426.75         3628.82         5113.07  
    0.125       757.08          1228.74        2440.12         3630.70         4788.13  
    0.131       758.65          1231.56        2415.88         3606.14         4163.31  
    0.138       757.90          1224.34        2411.29         3600.00         4229.84  
    0.144       753.28          1224.91        2415.69         3604.69         4294.93  
    0.150       754.60          1230.76        2418.31         3604.08         4256.08  
    0.156       754.81          1230.10        2419.82         3602.78         4272.37  
    0.163       751.66          1223.08        2415.61         3581.17         4139.30  
    0.169       755.31          1222.81        2414.10         3564.52         4063.29  
    0.175       754.66          1214.16        2413.80         3553.12         3865.30  
    0.181       755.88          1221.93        2414.04         3550.36         3913.73  
    0.188       756.07          1230.33        2413.09         3553.78         3984.54  
    0.194       749.56          1232.50        2412.53         3555.44         4079.96  
    0.200       738.27          1230.74        2412.74         3557.30         4181.16  
    0.206       729.04          1229.45        2401.23         3539.64         4058.33  
    0.213       726.77          1230.96        2382.76         3531.69         4081.39  
    0.219       716.95          1226.62        2361.68         3527.17         4366.27  
    0.225       711.49          1224.89        2342.78         3529.23         4463.67  
    0.231       706.01          1229.87        2340.36         3528.49         4723.76  
    0.238       700.31          1233.60        2347.78         3519.69         5335.91  
    0.244       701.06          1238.68        2346.92         3539.57         5500.00  
    