0.025       817.28          1370.64        2599.30         3685.39         5237.34  
    0.031       809.20          1363.64        2577.05         3654.31         5260.93  
    0.038       795.13          1348.76        2572.54         3681.20         5298.61  
    0.044       784.10          1344.44        2591.38         3714.61         5355.46  
    0.050       788.06          1358.26        2601.09         4069.62         5462.73  
    0.056       819.21          1395.78        2595.15         4700.21         5500.00  
    0.062       840.07          1412.95        2603.45         4875.62         5500.00  
    0.069       843.00          1367.86        2594.21         4386.71         5500.00  
    0.075       858.22          1332.37        2592.18         4009.61         5440.36  
    0.081       861.40          1322.24        2602.25         3992.61         5474.80  
    0.088       867.03          1349.66        2603.38         4332.14         5500.00  
    0.094       859.96          1345.78        2590.19         4410.19         5500.00  
    0.100       858.12          1337.70        2574.98         4272.92         5500.00  
    0.106       859.13          1326.30        2569.83         4054.97         5500.00  
    0.113       856.65          1326.43        2570.53         4121.25         5500.00  
    0.119       861.87          1312.65        2566.06         4010.73         5500.00  
    0.125       871.26          1264.35        2554.58         3834.80         5500.00  
    0.131       874.71          1245.04        2552.46         3775.00         5500.00  
    0.138       864.10          1260.18        2552.40         3808.04         5500.00  
    0.144       855.80          1285.62        2543.97         3843.81         5500.00  
    0.150       855.79          1327.87        2548.37         3965.75         5500.00  
    0.156       848.59          1324.48        2545.67         3970.97         5500.00  
    0.163       846.17          1323.77        2540.45         3940.77         5500.00  
    0.169       842.53          1328.32        2541.51         3868.55         5500.00  
    0.175       837.95          1328.08        2534.36         3784.32         5353.69  
    0.181       826.46          1330.01        2521.08         3697.03         5084.53  
    0.188       820.99          1339.75        2528.77         3737.72         4942.65  
    0.194       827.69          1345.74        2526.74         3721.21         4916.87  
    0.200       830.01          1322.91        2520.29         3657.64         4948.36  
    0.206       828.82          1307.33        2515.72         3599.27         4951.83  
    0.213       825.60          1294.54        2518.66         3593.54         4925.05  
    0.219       809.32          1300.88        2517.77         3562.30         4893.45  
    0.225       809.79          1317.01        2523.23         3646.89         4906.38  
    0.231       802.08          1327.26        2541.64         3698.61         4900.83  
    0.238       793.94          1313.30        2536.19         3729.44         4907.52  
    0.244       787.15          1314.57        2531.28         3770.37         4855.45  
    0.250       779.32          1345.12        2528.52         3834.13         4693.59  
    0.256       774.63          1349.45        2514.19         3671.66         4733.87  
    0.263       765.65          1332.08        2513.73         3588.38         4762.91  
    0.269       762.25          1333.24        2527.50         3662.07         4655.05  
    0.275       765.46          1349.68        2528.64         3689.68         4780.48  
    0.281       769.84          1343.90        2510.99         3866.47         4781.86  
    0.288       774.40          1355.12        2502.58         4280.89         4657.77  
    0.294       759.06          1309.59        2486.30         3842.96         4652.93  
    0.300       750.61          1277.34        2472.35         3725.84         4628.01  
    0.306       760.67          1296.37        2478.62         3912.94         4550.62  
    0.312       764.60          1314.83        2490.14         3933.14         4523.06  
    0.319       766.06          1336.07        2493.93         4085.45         4501.67  
    0.325       770.53          1355.69        2494.27         4062.98         4503.34  
    0.331       769.38          1351.87        2507.63         4006.21         4526.87  
    0.338       757.32          1314.65        2515.18         3962.48         4558.51  
    0.344       749.51          1295.34        2512.82         3835.30         4591.61  
    0.350       748.21          1298.91        2512.19         3773.16         4579.65  
    0.356       740.72          1294.76        2511.02         3796.47         4569.64  
    0.363       743.06          1296.88        2515.13         3916.25         4590.39  
    0.369       752.92          1316.20        2513.96         3921.67         4625.20  
    0.375       748.41          1307.54        2508.76         3735.34         4666.89  
    0.381       737.56          1287.67        2496.43         3556.33         4681.40  
    0.388       738.78          1284.83        2497.92         3562.78         4664.31  
    0.394       743.54          1311.63        2511.97         3690.34         4654.67  
    0.400       741.12          1331.76        2507.88         3745.78         4671.29  
    0.406       744.54          1356.51        2520.83         4199.05         4573.08  
    0.413       752.49          1380.84        2532.23         4442.93         5211.40  
    0.419       766.95          1390.80        2529.03         4479.86         5500.00  
    0.425       771.94          1367.23        2521.90         4443.73         4791.03  
    0.431       764.77          1331.23        2522.94         4208.51         4511.48  
    0.438       758.83          1315.96        2518.51         4027.48         4573.82  
    0.444       761.80          1328.53        2526.20         4039.99         4586.47  
    0.450       766.43          1353.59        2539.82         4369.07         4644.91  
    0.456       752.24          1352.09        2535.56         4147.66         4655.70  
    0.463       747.44          1335.52        2517.86         3979.53         4672.83  
    0.469       756.48          1351.02        2507.91         4179.67         4632.52  
    0.475       763.77          1397.50        2505.50         4407.68         5235.99  
    0.481       763.76          1398.84        2506.27         4486.08         5500.00  
    0.488       753.54          1354.41        2499.24         4311.47         4832.76  
    0.494       745.40          1338.83        2492.95         4231.25         4587.57  
    0.500       739.10          1339.93        2489.36         4270.49         4617.65  
    0.506       732.88          1340.41        2488.64         4365.09         4622.42  
    0.513       729.38          1339.57        2496.22         4164.06         4656.73  
    0.519       731.51          1356.15        2501.49         4319.32         4659.11  
    0.525       744.21          1379.25        2499.92         4538.21         4714.61  
    0.531       761.92          1410.93        2502.23         4543.01         4595.28  
    0.537       764.72          1407.75        2506.81         4383.93         4519.44  
    0.544       756.45          1402.12        2506.77         4221.48         4559.31  
    0.550       750.41          1415.65        2507.39         4082.16         4583.20  
    0.556       748.43          1412.23        2508.74         4067.32         4584.19  
    0.562       753.15          1408.17        2507.08         4133.25         4560.44  
    0.569       757.56          1405.37        2507.89         4232.43         4554.25  
    0.575       758.20          1411.34        2510.35         4308.25         4570.50  
    0.581       764.11          1424.19        2510.18         4273.90         4587.41  
    0.588       770.77          1444.65        2498.69         4343.58         4562.76  
    0.594       770.68          1482.68        2487.11         4392.01         4547.60  
    0.600       772.15          1520.60        2484.02         4261.61         4555.24  
    0.606       771.32          1519.86        2480.13         4306.42         4531.88  
    0.613       772.31          1493.63        2479.26         4331.27         4524.65  
    0.619       782.57          1470.60        2486.24         4459.51         4527.23  
    0.625       784.06          1433.40        2489.88         4476.01         4512.53  
    0.631       784.78          1412.66        2489.22         4396.78         4491.39  
    0.638       783.06          1425.85        2484.79         4410.90         4549.56  
    0.644       779.48          1427.02        2485.67         4455.08         4663.56  
    0.650       779.69          1416.99        2488.73         4477.84         4585.67  
    0.656       766.24          1382.04        2485.30         4485.59         4506.75  
    0.663       766.09          1375.25        2488.88         4431.29         4476.89  
    0.669       769.35          1376.48        2489.33         4436.29         4592.82  
    0.675       756.16          1379.74        2483.52         4430.00         4952.42  
    0.681       739.59          1384.29        2480.35         4411.24         4860.41  
    0.688       737.02          1389.99        2489.01         4413.63         4666.69  
    0.694       740.98          1402.77        2502.48         4407.32         5239.92  
    0.700       736.19          1445.15        2510.94         4378.29         5500.00  
    0.706       727.73          1468.47        2516.54         4409.13         5500.00  
    0.713       729.34          1446.45        2521.09         4462.17         5500.00  
    