0.025       763.49          1423.55        2508.56         3922.38         4922.47  
    0.031       768.82          1395.37        2497.58         3876.61         4957.70  
    0.038       773.98          1367.94        2492.43         3813.88         4973.95  
    0.044       779.56          1390.27        2519.43         3810.48         4924.81  
    0.050       789.36          1473.69        2550.45         3888.05         4967.29  
    0.056       781.08          1471.33        2549.91         3882.52         4908.75  
    0.062       768.56          1427.70        2527.60         3830.20         4885.52  
    0.069       772.17          1419.75        2528.98         3860.47         5283.12  
    0.075       775.26          1411.94        2561.67         3876.83         5500.00  
    0.081       777.75          1411.36        2611.30         3939.51         5115.75  
    0.088       782.50          1414.59        2683.71         4013.05         5001.00  
    0.094       782.17          1397.81        2690.41         4011.36         5014.43  
    0.100       775.70          1370.66        2642.03         3975.99         5006.03  
    0.106       770.52          1363.19        2613.79         3975.52         5081.66  
    0.113       766.81          1357.77        2631.88         3967.68         5081.34  
    0.119       770.45          1363.63        2701.87         4003.53         5339.70  
    0.125       767.38          1374.64        2687.45         4010.35         5500.00  
    0.131       764.38          1380.19        2676.82         3995.58         5366.71  
    0.138       769.89          1404.11        2754.80         4009.96         5423.66  
    0.144       770.30          1414.38        2793.30         4017.94         5500.00  
    0.150       769.99          1406.15        2772.47         4008.18         5500.00  
    0.156       766.25          1391.84        2729.12         4012.12         5500.00  
    0.163       769.80          1414.87        2762.27         4015.42         5500.00  
    0.169       773.59          1458.12        2791.61         4020.66         5500.00  
    0.175       767.59          1462.35        2684.85         3992.32         5500.00  
    0.181       758.93          1436.11        2618.49         3973.84         5352.66  
    0.188       753.76          1412.30        2638.18         3964.69         5189.17  
    0.194       760.18          1411.76        2737.51         3934.41         5157.06  
    0.200       760.11          1413.95        2747.24         3915.98         5377.86  
    0.206       753.70          1410.84        2698.16         3939.97         5500.00  
    0.213       748.40          1411.23        2629.11         3953.25         5350.12  
    0.219       750.00          1431.40        2581.38         3963.96         5414.15  
    0.225       751.62          1452.82        2598.86         3969.96         5500.00  
    0.231       758.35          1500.67        2635.90         4008.56         5500.00  
    0.238       760.60          1491.07        2612.43         4030.32         5500.00  
    0.244       759.94          1476.20        2593.36         4005.44         5500.00  
    0.250       763.71          1497.42        2644.54         3957.24         5500.00  
    0.256       765.73          1454.74        2694.14         3901.08         5500.00  
    0.263       766.39          1431.51        2721.19         3934.65         5500.00  
    0.269       767.28          1442.25        2709.18         3995.01         5500.00  
    0.275       765.64          1479.21        2678.55         4021.78         5500.00  
    0.281       764.36          1551.94        2612.97         4043.83         5500.00  
    0.288       755.95          1587.07        2526.61         4044.76         5135.42  
    0.294       750.30          1611.12        2501.29         4006.90         4678.90  
    0.300       733.09          1611.19        2436.08         4100.05         4366.60  
    0.306       717.66          1650.05        2438.88         4254.74         4598.62  
    0.312       706.12          1444.65        2433.62         4057.92         4865.60  
    