0.025       816.42          1277.29        2540.99         3669.32         4156.76  
    0.031       815.10          1284.72        2531.50         3513.57         4166.42  
    0.038       803.45          1302.33        2532.72         3488.62         4220.92  
    0.044       771.59          1327.71        2547.63         3588.70         4203.67  
    0.050       754.82          1336.42        2559.60         3499.39         4179.16  
    0.056       746.34          1330.09        2566.84         3426.52         4186.44  
    0.062       747.68          1313.21        2575.12         3480.24         4212.23  
    0.069       744.30          1298.87        2593.18         3500.19         4198.20  
    0.075       739.82          1281.90        2599.29         3429.83         4180.24  
    0.081       747.38          1281.82        2615.65         3423.81         4204.51  
    0.088       761.32          1290.82        2619.22         3452.88         4244.03  
    0.094       764.09          1300.08        2601.18         3413.62         4242.29  
    0.100       754.88          1312.65        2589.25         3382.91         4118.22  
    0.106       751.16          1308.45        2586.59         3379.57         4088.36  
    0.113       758.18          1325.75        2570.86         3368.04         4122.12  
    0.119       764.86          1336.75        2576.22         3365.17         4073.87  
    0.125       770.83          1340.91        2583.55         3351.74         4028.95  
    0.131       779.12          1338.82        2605.73         3346.74         4022.33  
    0.138       793.00          1322.19        2621.10         3332.73         3988.24  
    0.144       807.10          1316.43        2635.68         3331.26         4016.36  
    0.150       815.81          1320.29        2641.52         3355.35         4121.18  
    0.156       819.07          1312.69        2639.16         3390.37         4172.25  
    0.163       820.80          1299.19        2626.92         3368.14         4132.04  
    0.169       825.78          1280.96        2609.00         3361.01         4132.09  
    0.175       816.98          1277.90        2612.03         3374.66         4072.98  
    0.181       806.44          1281.60        2628.80         3361.50         3987.13  
    0.188       817.42          1279.99        2657.31         3370.92         4016.19  
    0.194       821.46          1266.89        2655.51         3362.33         4036.60  
    0.200       822.52          1253.42        2646.15         3364.05         4039.44  
    0.206       819.83          1258.82        2634.70         3395.85         4054.48  
    0.213       798.19          1263.65        2642.46         3410.48         4037.93  
    0.219       780.79          1261.64        2664.96         3428.02         3931.83  
    0.225       769.61          1309.12        2676.90         3442.68         3917.08  
    0.231       763.15          1337.93        2668.68         3435.47         3868.34  
    