0.025       754.36          1151.07        2584.37         3718.50         5005.09  
    0.031       750.31          1160.91        2561.70         3745.19         4953.25  
    0.038       725.02          1199.05        2566.57         3732.71         5012.36  
    0.044       722.26          1172.08        2614.35         3735.65         5008.44  
    0.050       681.71          1223.57        2647.43         3707.93         4961.52  
    0.056       674.77          1234.85        2623.51         3700.91         5003.88  
    0.062       683.23          1211.82        2597.20         3696.02         5044.57  
    0.069       684.24          1195.89        2601.64         3674.81         5063.61  
    0.075       669.75          1199.14        2588.03         3711.75         5055.38  
    0.081       664.81          1198.32        2545.39         3698.81         5074.00  
    0.088       692.27          1203.99        2527.49         3637.17         5479.86  
    0.094       708.94          1181.66        2521.76         3604.42         5500.00  
    0.100       720.41          1083.87        2471.99         3568.92         5500.00  
    0.106       729.43          1039.24        2474.77         3525.44         5500.00  
    0.113       728.64          1072.14        2461.70         3528.33         5235.40  
    0.119       729.18          1105.23        2479.28         3571.93         5059.26  
    0.125       743.13          1109.26        2500.37         3588.76         5022.46  
    0.131       771.21          1095.69        2475.87         3565.81         4666.41  
    0.138       767.48          1114.76        2476.38         3574.85         5177.34  
    0.144       737.89          1145.40        2470.41         3579.81         4972.36  
    0.150       744.63          1132.19        2469.82         3570.84         4822.36  
    0.156       752.49          1142.02        2474.92         3558.34         5152.47  
    0.163       754.28          1151.59        2469.25         3541.51         5372.09  
    0.169       751.90          1162.83        2445.62         3530.50         5494.42  
    0.175       745.26          1154.45        2446.66         3522.63         4507.86  
    0.181       749.50          1164.52        2451.04         3530.33         4626.45  
    0.188       752.38          1185.62        2449.60         3537.69         5091.09  
    0.194       738.21          1191.12        2441.34         3532.90         5030.56  
    0.200       715.25          1181.97        2439.12         3531.09         4884.07  
    0.206       698.53          1176.10        2424.49         3522.40         4613.27  
    0.213       689.59          1174.00        2403.94         3509.44         4653.79  
    0.219       678.65          1162.97        2381.90         3494.55         4801.26  
    0.225       677.00          1162.16        2364.83         3477.99         4845.28  
    0.231       668.39          1175.53        2359.24         3447.84         4886.96  
    0.238       653.25          1191.75        2369.45         3440.16         5263.32  
    0.244       656.04          1178.79        2355.87         3480.70         5022.74  
    0.250       674.67          1090.81        2384.39         3501.16         4996.19  
    0.256       699.47          1000.35        2383.18         3539.73         4778.87  
    0.263       641.42          1153.84        2381.49         3563.96         4787.39  
    0.269       579.30          1188.77        2371.18         3597.12         4844.40  
    