0.025       320.04          730.48        2649.83         3406.64         5500.00  
    0.031       362.18          769.26        2727.99         3569.52         5311.37  
    0.038       92.04          793.27        2081.85         3275.86         4605.56  
    0.044       0          591.55        2039.90         2853.02         4423.63  
    0.050       85.67          1734.49        2673.87         4044.15         5238.55  
    0.056       27.78          520.84        2305.15         3430.94         4754.77  
    0.062       0          1362.74        2696.91         4161.13         5042.99  
    0.069       0          1776.08        2736.35         4468.15         5094.73  
    0.075       0          1729.83        2738.66         4439.44         5059.21  
    0.081       0          1752.21        2770.72         4423.21         4807.08  
    0.088       0          2008.99        2924.57         4589.73         4718.84  
    0.094       838.38          2178.58        3177.85         4569.53         5012.80  
    0.100       1408.91          2293.99        3173.49         4488.06         5247.39  
    0.106       1795.21          2743.70        3229.28         4495.16         5449.14  
    0.113       462.63          705.42        2305.95         3658.96         4771.90  
    0.119       695.70          1612.39        3172.98         4272.43         5263.86  
    0.125       716.77          2219.13        3554.37         4570.19         5500.00  
    0.131       159.29          1841.64        2605.26         3944.39         4800.09  
    0.138       1118.84          2154.52        3192.45         4308.71         5273.00  
    0.144       1297.25          2296.16        3431.20         4445.80         5500.00  
    0.150       303.05          1327.94        2654.43         3668.77         4713.78  
    0.156       0          1434.65        2402.27         3458.37         4507.11  
    0.163       0          776.54        2399.29         3447.81         4498.84  
    0.169       0          1167.49        2318.09         3423.64         4475.15  
    0.175       150.76          1920.55        3145.64         4253.73         4527.89  
    0.181       265.83          2091.48        3419.01         4175.89         4561.53  
    0.188       308.16          2095.96        3288.46         3599.17         4778.27  
    0.194       315.73          2122.42        3264.81         3452.41         5054.87  
    0.200       316.75          2123.99        3250.50         3443.31         4954.51  
    0.206       316.53          2096.99        3158.48         3456.01         4809.91  
    0.213       316.40          2086.89        3096.01         3482.17         5069.95  
    0.219       315.82          2073.36        3040.91         3495.21         5417.66  
    0.225       313.08          2061.47        3034.65         3493.43         5299.69  
    0.231       310.36          2056.61        3089.04         3473.64         5220.25  
    0.238       309.72          2056.52        3140.32         3461.08         5108.57  
    0.244       307.81          2056.42        3134.28         3459.00         5165.56  
    0.250       305.47          2062.23        3193.56         3466.38         5425.38  
    0.256       304.27          2100.23        3208.76         3497.83         5421.09  
    0.263       304.51          2116.24        3223.34         3506.60         5388.24  
    0.269       304.99          2108.79        3225.67         3512.34         5472.05  
    0.275       303.67          2102.37        3210.10         3504.53         5445.61  
    0.281       298.27          2106.39        3219.66         3489.66         5482.36  
    0.288       294.91          2097.42        3311.33         3488.74         5500.00  
    0.294       293.90          2083.08        3347.80         3518.52         5500.00  
    0.300       293.01          2076.08        3328.49         3530.99         5500.00  
    0.306       291.36          2078.30        3296.19         3520.10         5500.00  
    0.312       286.33          2092.46        3278.47         3500.04         5369.83  
    0.319       280.77          2127.01        3289.61         3491.24         5457.78  
    0.325       277.25          2118.08        3319.66         3498.36         5390.16  
    0.331       273.58          2119.45        3373.06         3539.91         5397.74  
    0.338       269.99          2124.73        3377.84         3563.85         5478.39  
    0.344       272.10          2121.27        3363.39         3563.20         5500.00  
    0.350       274.23          2159.07        3376.11         3571.45         5500.00  
    0.356       273.88          2174.76        3425.40         3590.90         5500.00  
    0.363       273.61          2133.75        3450.92         3613.59         5500.00  
    0.369       273.30          2118.10        3402.98         3595.99         5500.00  
    0.375       275.46          2148.77        3375.76         3578.88         5500.00  
    0.381       279.03          2173.01        3387.83         3560.19         5403.61  
    0.388       302.92          2163.65        3449.50         3540.18         5468.74  
    0.394       318.13          2182.53        3495.11         3648.17         5500.00  
    0.400       309.71          2232.42        3513.71         3914.45         5500.00  
    