0.025       550.52          890.32        2366.63         3437.22         4117.61  
    0.031       555.07          897.03        2343.22         3323.98         4052.22  
    0.038       557.50          899.43        2317.44         3226.33         3990.08  
    0.044       556.36          894.52        2318.50         3208.55         3988.69  
    0.050       550.23          889.18        2320.52         3195.68         3990.26  
    0.056       547.22          885.60        2326.86         3207.64         4056.18  
    0.062       543.36          882.18        2336.36         3237.05         4228.52  
    0.069       521.61          867.61        2328.42         3238.79         4156.11  
    0.075       492.44          848.76        2318.17         3264.94         4071.16  
    0.081       466.46          828.89        2350.67         3528.42         4053.23  
    0.088       450.46          839.88        2435.57         3813.79         4088.37  
    0.094       439.47          867.38        2504.37         3910.39         4126.25  
    0.100       473.06          872.19        2520.67         3940.10         4176.06  
    0.106       491.55          892.48        2554.08         3950.80         4266.10  
    0.113       502.81          904.97        2583.01         3877.71         4163.81  
    0.119       531.49          908.08        2518.49         3820.28         4085.22  
    0.125       560.26          983.81        2424.16         3710.15         4082.82  
    0.131       224.25          854.80        2384.27         3513.05         4070.48  
    0.138       423.47          934.51        2430.20         3821.55         4937.14  
    0.144       654.65          994.99        2477.95         4054.85         5500.00  
    0.150       463.01          848.58        2534.03         3981.18         5093.09  
    0.156       538.56          923.36        2563.98         3943.88         5001.93  
    0.163       607.75          1346.15        2511.09         3959.28         5066.36  
    0.169       598.02          1649.32        2582.04         3978.59         4897.66  
    0.175       240.33          1151.82        2484.94         3998.85         4516.51  
    0.181       0          783.49        2470.39         3882.59         4194.44  
    0.188       438.65          771.10        2469.84         3940.23         4953.35  
    0.194       283.70          768.13        2331.96         3992.61         5500.00  
    0.200       0          767.37        2399.03         4010.74         5500.00  
    0.206       349.89          1144.05        2502.26         4081.69         5500.00  
    0.213       534.41          1613.26        2437.47         4102.00         5039.41  
    0.219       483.79          1788.60        2422.60         4049.71         4602.75  
    0.225       405.22          1827.24        2419.51         3989.93         4482.15  
    0.231       329.57          1925.58        2366.82         3974.59         4329.19  
    0.238       284.90          2138.56        2428.30         3721.53         4214.52  
    0.244       275.43          2239.60        2486.81         3546.91         4082.24  
    0.250       276.41          2241.68        2543.20         3536.68         3998.19  
    0.256       269.74          2257.69        2674.08         3537.69         3980.39  
    0.263       262.52          2279.38        2816.76         3556.76         3960.78  
    0.269       260.83          2286.04        2920.33         3598.61         3983.96  
    0.275       263.71          2286.88        2991.46         3631.39         3994.41  
    0.281       263.78          2290.77        3076.65         3659.14         3995.76  
    0.288       259.96          2299.26        3158.10         3700.10         4044.85  
    0.294       254.92          2308.78        3243.87         3733.68         4038.50  
    0.300       253.37          2308.23        3304.23         3755.06         4011.20  
    0.306       255.19          2306.69        3344.47         3770.22         3997.46  
    0.312       255.48          2309.92        3453.55         3787.21         4027.22  
    0.319       257.15          2313.47        3468.98         3794.82         4064.44  
    0.325       261.07          2321.32        3407.66         3796.80         4019.52  
    0.331       265.63          2328.13        3412.17         3807.25         3943.67  
    0.338       268.97          2338.97        3494.14         3802.07         3919.07  
    0.344       271.21          2341.20        3522.67         3784.38         3876.13  
    0.350       274.72          2338.65        3586.07         3708.78         3812.04  
    0.356       276.06          2337.16        3597.13         3757.53         4313.25  
    0.363       277.53          2350.14        3558.77         3813.23         5167.05  
    0.369       109.44          1100.68        2841.82         3684.45         4482.08  
    0.375       0          282.99        2390.97         3637.95         3845.65  
    