0.025       711.96          1000.22        2096.22         3521.29         4544.64  
    0.031       699.95          1004.27        2230.56         3550.82         4641.41  
    0.038       656.62          1125.95        2322.45         3566.32         4683.99  
    0.044       659.05          1176.83        2336.43         3577.59         4649.50  
    0.050       748.92          1072.13        2329.75         3589.50         4605.51  
    0.056       790.66          1075.94        2230.39         3565.51         4571.68  
    0.062       766.41          1220.60        2193.45         3565.36         4582.84  
    0.069       783.40          1206.66        2288.51         3602.86         4620.81  
    0.075       804.06          1296.40        2069.36         3587.49         4547.64  
    0.081       258.12          927.58        1843.03         3558.75         4390.04  
    0.088       0          806.69        1863.38         3568.48         4395.69  
    0.094       0          900.09        1997.02         3540.24         4461.66  
    0.100       0          943.15        2085.14         3516.17         4449.41  
    0.106       0          304.07        1311.38         2666.82         3821.53  
    0.113       0          643.55        1858.80         3146.21         4251.76  
    0.119       0          952.79        2288.27         3547.87         4635.50  
    0.125       0          959.05        2272.23         3561.39         4649.47  
    0.131       0          984.39        2285.83         3627.29         4781.16  
    0.138       0          318.33        1503.45         2865.39         4125.40  
    0.144       0          850.97        2062.62         3389.69         4537.59  
    0.150       0          1296.07        2439.55         3781.80         4879.16  
    0.156       868.50          1990.11        2625.98         3791.13         4859.46  
    0.163       1278.07          2252.61        2951.43         3889.99         4913.08  
    0.169       408.84          1630.59        2526.75         3854.32         4713.18  
    0.175       0          1329.79        2294.75         3691.65         4601.55  
    0.181       929.37          1951.56        3149.23         4291.57         5212.09  
    0.188       436.80          1704.52        2677.91         3981.27         4885.45  
    0.194       0          1428.00        2267.52         3701.60         4611.64  
    0.200       997.13          2048.81        3251.84         3854.97         4906.35  
    0.206       1451.87          2328.11        3047.52         3939.10         5088.54  
    0.213       1420.79          2184.66        3027.76         4246.45         5261.12  
    0.219       1416.63          2179.69        3274.56         4413.25         5446.24  
    0.225       454.05          1689.15        2610.59         3804.68         4689.20  
    0.231       0          1561.58        2324.03         3712.69         4449.00  
    0.238       0          1620.71        2384.78         3707.61         4724.10  
    0.244       0          1575.00        2371.29         3644.36         4660.28  
    0.250       243.79          1844.14        2337.37         3675.52         4804.17  
    0.256       370.87          2002.85        2347.22         3696.73         5310.59  
    0.263       375.73          2016.66        2372.80         3735.64         5095.74  
    0.269       373.60          2052.10        2399.87         3797.66         4820.61  
    0.275       373.41          2082.91        2432.04         3832.17         4833.32  
    0.281       373.74          2108.07        2472.20         3815.92         4881.14  
    0.288       372.39          2136.44        2500.91         3786.99         4885.92  
    0.294       369.79          2151.21        2506.87         3801.94         4789.40  
    0.300       365.69          2153.58        2527.03         3830.15         4551.41  
    0.306       360.19          2166.44        2568.31         3859.68         4333.12  
    0.312       352.85          2192.87        2595.62         3884.41         4207.98  
    0.319       345.93          2221.24        2599.95         3865.93         4121.93  
    0.325       344.93          2245.98        2621.92         3885.68         4126.88  
    0.331       346.23          2259.56        2612.13         3910.23         4186.58  
    0.338       348.97          2261.83        2614.79         3911.40         4361.72  
    0.344       354.46          2248.10        2628.23         3903.59         4651.43  
    0.350       359.19          2242.13        2624.85         3913.38         4735.66  
    0.356       362.48          2262.37        2607.32         3900.99         4716.12  
    0.363       364.94          2292.13        2595.09         3873.27         4759.25  
    0.369       368.97          2291.12        2580.20         3883.38         4814.10  
    0.375       371.07          2277.44        2534.46         3911.84         4860.87  
    0.381       373.08          2278.46        2511.98         3909.30         4858.05  
    0.388       374.81          2284.89        2554.47         3882.15         4849.52  
    