0.025       518.83          918.83        2413.02         3973.55         4873.40  
    0.031       524.93          910.25        2632.47         3936.32         4961.98  
    0.038       536.61          906.47        2536.74         3379.86         4953.32  
    0.044       555.27          895.81        2366.45         3215.83         4985.74  
    0.050       565.71          885.34        2349.22         3258.43         4954.40  
    0.056       557.96          872.67        2339.48         3136.46         5057.68  
    0.062       546.34          854.29        2351.73         3116.19         5192.06  
    0.069       533.67          842.69        2376.36         3300.53         5193.80  
    0.075       496.23          822.64        2357.00         3543.10         5285.93  
    0.081       477.19          858.93        2470.28         3588.37         5213.25  
    0.088       473.96          817.41        2489.27         3657.97         4948.44  
    0.094       485.06          859.62        2535.89         3829.35         4841.53  
    0.100       510.79          874.45        2487.80         3900.52         5463.27  
    0.106       521.34          803.68        2393.10         3872.05         5306.43  
    0.113       28.87          573.80        877.01         2655.31         4261.51  
    0.119       510.95          832.39        2403.77         3777.24         5151.69  
    0.125       563.40          856.77        2399.02         3770.78         4903.31  
    0.131       577.63          1134.19        2367.37         3907.25         5466.00  
    0.138       549.99          1007.99        2411.79         3699.13         5158.20  
    0.144       30.34          570.62        1258.84         2703.70         4421.02  
    0.150       520.96          939.40        2485.53         4091.75         5437.98  
    0.156       592.75          889.83        2625.12         4189.61         5500.00  
    0.163       556.97          1036.34        2726.54         4167.49         5500.00  
    0.169       626.33          2580.53        2923.52         3561.12         4797.45  
    0.175       740.53          2581.87        2791.65         3991.48         4738.38  
    0.181       511.22          2468.84        3161.91         4261.68         5113.25  
    0.188       357.65          2198.09        2639.35         3850.48         5479.82  
    0.194       329.91          2184.17        2597.61         3782.00         5500.00  
    0.200       308.99          2211.46        2668.93         3836.98         5500.00  
    0.206       314.11          2257.17        2857.16         3837.30         5500.00  
    0.213       17.40          427.96        2526.30         3063.42         3997.93  
    0.219       302.73          2136.55        2996.10         3835.36         5412.02  
    0.225       327.62          2198.92        3125.27         3905.98         5500.00  
    0.231       309.29          2242.75        3131.54         3883.68         5500.00  
    0.238       296.80          2243.28        3120.84         3873.59         5500.00  
    0.244       289.52          2241.72        3126.92         3904.14         5500.00  
    0.250       286.07          2248.27        3119.72         3899.57         5500.00  
    0.256       296.06          2263.28        3157.74         3880.80         5500.00  
    0.263       16.41          409.88        2496.36         3300.70         4031.22  
    0.269       0          298.79        2372.61         3180.68         3919.59  
    0.275       0          293.23        2340.76         3132.75         3892.92  
    