0.025       0          909.39        2568.30         3510.52         4137.26  
    0.031       0          873.98        2635.50         3527.25         4098.99  
    0.038       447.56          896.49        2800.31         3593.98         4595.34  
    0.044       515.67          926.90        2905.70         3565.00         5393.21  
    0.050       531.75          943.99        3042.79         3569.97         5500.00  
    0.056       541.93          941.11        2960.75         3519.98         5500.00  
    0.062       544.34          936.02        2940.48         3562.35         5176.10  
    0.069       546.07          919.72        2937.17         3581.76         4734.97  
    0.075       547.82          901.54        2953.76         3568.50         4653.75  
    0.081       550.56          889.59        3005.58         3545.59         5390.76  
    0.088       551.01          885.00        3046.80         3537.74         5500.00  
    0.094       543.88          892.82        3108.02         3553.55         5500.00  
    0.100       533.20          890.89        2992.98         3528.86         4961.24  
    0.106       517.54          897.66        2909.25         3483.79         5420.51  
    0.113       482.42          914.66        2797.10         3471.10         5500.00  
    0.119       426.13          945.75        2802.62         3470.34         5500.00  
    0.125       387.29          964.37        2831.77         3517.47         5230.54  
    0.131       446.96          909.75        2798.59         3626.54         5460.24  
    0.138       512.36          910.49        2809.93         3685.33         5500.00  
    0.144       541.55          916.46        2841.00         3700.16         5500.00  
    0.150       488.98          894.89        2793.57         3655.12         5500.00  
    0.156       449.60          906.59        2731.14         3625.37         5500.00  
    0.163       515.24          932.34        2805.69         3706.41         5500.00  
    0.169       543.90          973.35        2848.25         3835.07         5500.00  
    0.175       566.65          974.36        2893.63         3898.17         5500.00  
    0.181       610.01          971.21        2983.27         3792.87         5500.00  
    0.188       594.73          1014.33        2927.30         3853.09         5500.00  
    0.194       588.47          1171.24        2918.28         3962.72         5500.00  
    0.200       606.09          1153.53        2775.59         4023.56         5500.00  
    0.206       647.48          1168.68        2889.53         3877.57         5500.00  
    0.213       83.98          852.60        2394.51         2924.47         3886.58  
    0.219       0          814.61        2059.55         3147.84         4180.29  
    0.225       0          794.42        2090.89         3061.66         4222.99  
    0.231       0          760.12        2215.14         3170.54         4313.51  
    0.238       574.92          1839.79        2947.58         4624.80         5349.27  
    0.244       163.78          1981.38        2962.35         3900.85         4920.32  
    0.250       274.68          2037.34        2782.54         3511.97         4812.02  
    0.256       314.34          2075.40        2872.22         3493.26         5411.11  
    0.263       311.83          2076.45        2807.46         3494.14         4830.43  
    0.269       300.23          2075.36        2821.97         3514.70         4545.01  
    0.275       291.55          2101.23        2855.97         3542.03         4502.62  
    0.281       289.68          2156.42        2928.16         3557.41         4518.40  
    0.288       290.14          2203.63        2982.70         3561.33         4884.69  
    0.294       289.72          2182.72        2995.83         3556.52         5427.79  
    0.300       288.92          2150.59        3015.64         3590.93         5500.00  
    0.306       286.02          2152.91        3015.94         3587.21         5500.00  
    0.312       284.77          2145.08        3004.69         3607.76         5500.00  
    0.319       285.96          2139.31        3014.53         3621.74         5500.00  
    0.325       285.70          2152.97        3029.01         3627.94         5500.00  
    0.331       284.71          2168.03        3038.70         3631.81         5500.00  
    0.338       284.76          2168.85        3062.46         3634.01         5500.00  
    0.344       284.38          2157.26        3087.48         3598.95         5500.00  
    0.350       281.82          2156.62        3084.32         3580.41         5500.00  
    0.356       280.50          2163.57        3070.74         3632.48         5337.93  
    0.363       278.01          2159.34        3051.31         3646.59         5476.09  
    0.369       277.68          2150.79        3090.11         3627.01         5500.00  
    0.375       278.66          2151.22        3135.56         3595.15         5500.00  
    0.381       277.97          2155.77        3134.00         3591.41         5500.00  
    0.388       278.09          2157.85        3116.80         3592.06         5500.00  
    0.394       276.36          2180.88        3151.89         3624.61         5500.00  
    0.400       275.94          2178.22        3210.77         3632.68         5500.00  
    0.406       276.18          2175.76        3205.20         3631.81         5500.00  
    0.413       277.28          2201.72        3175.05         3613.30         5500.00  
    0.419       277.18          2206.15        3193.18         3617.04         5500.00  
    0.425       276.45          2201.80        3181.51         3610.07         5500.00  
    0.431       277.69          2207.99        3188.26         3600.74         5500.00  
    0.438       277.47          2220.38        3214.65         3602.59         5500.00  
    0.444       276.37          2215.85        3220.44         3628.81         5500.00  
    0.450       277.19          2221.27        3213.47         3642.34         5500.00  
    0.456       277.36          2222.85        3212.52         3634.47         4869.07  
    0.463       278.55          2204.64        3226.14         3644.03         5064.81  
    0.469       279.39          2201.84        3230.04         3657.16         5106.86  
    0.475       279.84          2210.94        3181.15         3662.66         5033.62  
    0.481       279.11          2233.61        3144.19         3671.12         5036.53  
    0.488       280.66          2249.22        3140.91         3633.16         4927.19  
    0.494       292.90          2313.80        3232.71         3515.59         4872.77  
    0.500       37.89          644.51        2476.07         3478.45         4756.84  
    0.506       0          511.07        2312.75         3365.04         4670.43  
    0.513       0          395.01        2286.38         3318.96         4565.52  
    0.519       0          344.38        2293.55         3379.02         4509.86  
    0.525       0          326.55        2412.21         3438.27         4648.31  
    0.531       0          328.42        2419.26         3565.40         4638.50  
    