0.025       555.27          1187.81        2152.49         3960.39         4471.06  
    0.031       565.11          1186.21        2105.55         3621.91         4630.77  
    0.038       604.30          1255.59        2062.91         3823.50         4681.92  
    0.044       644.47          1397.91        2221.12         3976.15         4687.50  
    0.050       664.23          1427.90        2295.34         4009.90         4389.56  
    0.056       668.35          1421.11        2271.26         4022.98         4242.05  
    0.062       684.91          1426.16        2258.77         4070.74         4236.54  
    0.069       701.53          1426.51        2225.82         4123.22         4172.33  
    0.075       717.26          1431.84        2251.28         4109.80         4197.83  
    0.081       184.84          920.18        1689.08         3031.11         4295.63  
    0.088       0          735.99        1510.79         2660.96         4113.23  
    0.094       0          739.39        1538.64         2746.91         4104.19  
    0.100       0          749.02        1554.24         2826.47         4145.87  
    0.106       0          738.76        1467.73         2626.12         4073.40  
    0.113       0          710.36        1085.78         2603.83         4171.11  
    0.119       0          649.09        1309.75         2715.58         4178.31  
    0.125       0          599.26        1364.13         2578.85         4166.52  
    0.131       390.49          1097.45        2160.48         3572.04         5158.36  
    0.138       535.41          1171.58        2442.49         3891.42         5500.00  
    0.144       557.99          1102.12        2509.49         3877.98         5500.00  
    0.150       571.76          1480.60        2651.60         4020.67         5144.69  
    0.156       561.05          1801.48        2724.61         4130.78         5060.18  
    0.163       562.60          1784.61        2770.51         4257.64         4937.98  
    0.169       632.49          1782.80        2789.35         4327.02         4779.73  
    0.175       677.71          1891.45        2583.46         4095.37         4723.87  
    0.181       631.36          1669.24        2445.35         3855.80         4776.04  
    0.188       570.67          1604.32        2464.10         3820.09         4912.18  
    0.194       482.00          1572.60        2374.43         3667.99         5359.63  
    0.200       457.82          1563.97        2324.39         3556.06         5500.00  
    0.206       459.50          1574.33        2294.30         3748.47         5500.00  
    0.213       451.62          1619.09        2242.12         3659.37         5254.54  
    0.219       422.63          1689.90        2208.50         3547.25         5415.44  
    0.225       420.00          1733.64        2202.47         3466.65         5116.17  
    0.231       427.29          1759.66        2217.08         3428.96         4956.58  
    0.238       426.49          1792.26        2255.29         3408.49         5034.64  
    0.244       425.51          1807.95        2266.81         3406.94         5185.97  
    0.250       423.83          1824.17        2265.35         3429.42         5430.23  
    0.256       423.65          1821.23        2215.85         3408.73         5500.00  
    0.263       426.46          1816.73        2276.77         3378.07         5352.37  
    0.269       427.49          1798.01        2290.19         3380.17         5327.74  
    0.275       425.76          1824.09        2216.37         3419.90         5372.99  
    0.281       425.84          1875.83        2193.06         3305.48         5341.55  
    0.288       426.81          1872.33        2171.52         3403.55         5225.42  
    0.294       427.01          1871.13        2183.84         3546.06         5256.01  
    0.300       426.39          1881.66        2213.94         3558.57         5242.80  
    0.306       424.41          1875.35        2174.12         3525.48         5224.04  
    0.312       417.08          1892.84        2169.16         3581.20         5230.01  
    0.319       413.24          1902.91        2185.64         3635.99         5243.34  
    0.325       410.40          1883.40        2153.03         3535.82         5234.35  
    0.331       408.57          1885.26        2063.90         3504.78         5252.26  
    0.338       411.59          1876.79        2084.16         3561.60         5262.07  
    0.344       410.11          1884.25        2090.21         3585.11         5265.71  
    0.350       407.64          1906.55        2249.97         3437.98         5239.90  
    0.356       408.92          1898.12        2484.98         3363.15         5220.26  
    0.363       406.92          1867.70        2519.53         3753.10         5259.30  
    0.369       104.03          777.40        2131.64         2913.87         5278.39  
    0.375       0          409.70        2010.14         2628.09         5291.47  
    0.381       0          411.43        1998.85         2600.63         5277.85  
    0.388       0          407.12        1894.62         2557.59         5245.72  
    0.394       301.41          1490.45        2471.92         2985.12         5228.56  
    0.400       402.63          1844.26        2508.48         3163.22         5224.06  
    0.406       399.64          1916.26        2474.02         3210.00         5380.05  
    0.413       396.53          1880.17        2375.05         3413.15         5483.09  
    0.419       394.24          1863.49        2360.70         3498.14         5340.77  
    0.425       391.77          1858.28        2377.45         3542.79         5281.61  
    0.431       390.15          1851.42        2360.84         3684.24         5443.66  
    0.438       389.32          1838.63        2330.54         3680.00         5398.12  
    