0.025       521.62          970.08        3397.51         3900.02         4427.56  
    0.031       410.37          750.18        2922.64         3658.87         4457.79  
    0.038       437.78          711.43        2482.67         3495.21         4511.11  
    0.044       529.26          891.36        2332.18         3478.69         4709.62  
    0.050       550.08          1022.15        2325.48         3496.75         4750.35  
    0.056       564.99          1159.61        2410.55         3554.72         4607.36  
    0.062       580.33          1216.17        2408.67         3574.41         4705.51  
    0.069       581.02          1209.86        2346.51         3570.62         4789.75  
    0.075       578.47          1267.89        2299.21         3575.83         4759.98  
    0.081       592.77          1337.55        2335.38         3601.80         4721.87  
    0.088       631.21          1294.69        2356.79         3614.11         4677.56  
    0.094       633.33          1339.07        2355.45         3611.23         4660.69  
    0.100       619.48          1406.50        2438.53         3659.31         4736.36  
    0.106       649.03          1305.06        2443.65         3680.71         4772.47  
    0.113       641.43          1374.25        2298.12         3641.70         4702.34  
    0.119       641.51          1322.56        2195.13         3641.41         4653.08  
    0.125       635.49          955.83        2192.86         3605.35         4608.54  
    0.131       253.84          316.00        1425.58         2738.26         3952.53  
    0.138       0          0        872.94         2242.80         3535.43  
    0.144       0          0        863.50         2335.06         3568.39  
    0.150       0          0        854.47         2392.83         3582.33  
    0.156       0          492.10        1797.87         3121.78         4334.52  
    0.163       0          910.15        2437.48         3622.75         4903.99  
    0.169       494.07          1270.46        2509.35         3731.50         4896.71  
    0.175       743.84          1474.36        2558.50         3848.00         4868.68  
    0.181       545.37          1513.21        2544.71         3885.02         4883.59  
    0.188       888.68          1808.19        2522.02         3855.18         4871.74  
    0.194       1202.65          2067.56        2656.02         3911.27         4889.61  
    0.200       1242.04          2107.77        2873.05         4069.88         5260.10  
    0.206       1281.56          2204.47        2953.52         4076.07         5087.05  
    0.213       1312.83          2241.78        3128.48         4362.95         4987.90  
    0.219       541.09          1785.44        2685.04         3979.57         4858.90  
    0.225       0          1467.73        2275.52         3595.64         4631.26  
    0.231       861.79          1978.67        2783.57         3716.73         4780.70  
    0.238       1469.04          2190.16        2798.07         3849.96         5003.69  
    0.244       1441.46          2117.55        2725.98         3956.02         5014.12  
    0.250       1424.41          2150.29        3093.60         4231.70         5285.99  
    0.256       583.68          1736.70        2664.88         3739.46         4735.30  
    0.263       0          1521.88        2306.05         3453.13         4246.00  
    0.269       0          1608.18        2427.05         3624.76         4406.75  
    0.275       0          1587.59        2490.91         3584.89         4438.41  
    0.281       151.58          1772.28        2427.97         3612.86         4652.24  
    0.288       333.68          1918.20        2344.35         3598.99         4733.44  
    0.294       390.79          1956.05        2355.29         3592.78         4988.21  
    0.300       387.67          2004.20        2384.85         3686.50         4958.00  
    0.306       382.31          2050.87        2414.01         3769.74         4824.26  
    0.312       382.32          2091.60        2475.12         3786.90         4895.88  
    0.319       382.54          2122.35        2518.01         3755.96         4935.91  
    0.325       380.22          2132.34        2521.10         3754.98         4941.76  
    0.331       375.17          2131.18        2528.05         3801.90         4908.72  
    0.338       368.64          2138.11        2576.53         3842.50         4809.23  
    0.344       361.86          2154.90        2626.06         3882.25         4747.99  
    0.350       354.93          2187.64        2658.40         3905.02         4581.32  
    0.356       351.52          2216.35        2693.99         3910.22         4487.64  
    0.363       351.75          2237.03        2710.44         3928.68         4717.01  
    0.369       353.61          2258.94        2689.82         3930.05         5241.60  
    0.375       357.61          2237.01        2657.21         3926.42         5347.05  
    0.381       362.53          2195.81        2648.15         3930.45         5001.56  
    0.388       366.26          2203.27        2661.86         3937.81         4778.69  
    0.394       368.28          2262.80        2652.16         3899.13         4759.98  
    0.400       370.96          2310.15        2619.89         3874.30         4773.00  
    0.406       374.32          2298.58        2580.94         3912.22         4804.74  
    0.413       377.30          2288.95        2607.03         4019.56         4807.38  
    0.419       379.74          2305.00        2570.58         3943.04         4815.28  
    0.425       380.84          2307.65        2631.49         3858.88         4822.64  
    0.431       381.18          2285.66        2697.05         3874.35         4823.76  
    0.438       376.37          2252.80        2615.47         3885.76         4831.81  
    0.444       364.46          2220.91        2546.68         3891.70         4805.80  
    0.450       347.91          2202.74        2535.08         3788.08         4823.62  
    