0.025       673.31          1291.79        2610.00         3867.95         4628.43  
    0.031       39.24          724.68        2122.57         2781.04         3931.67  
    0.038       0          692.50        2006.81         2403.67         3861.94  
    0.044       646.70          1846.77        2334.07         3745.38         5404.44  
    0.050       686.03          1829.06        2343.62         3798.51         5500.00  
    0.056       680.39          1626.43        2330.42         3836.11         5500.00  
    0.062       679.16          1529.03        2330.69         3838.49         5500.00  
    0.069       677.65          1620.90        2363.26         3873.93         5500.00  
    0.075       676.53          1807.77        2391.60         3908.68         5500.00  
    0.081       674.81          2013.67        2496.41         3956.78         5500.00  
    0.088       668.12          2000.69        2551.53         3993.58         5500.00  
    0.094       656.57          1870.69        2545.42         3924.85         5500.00  
    0.100       649.57          1912.25        2540.37         3897.34         5500.00  
    0.106       648.28          1987.80        2668.91         3969.27         4711.91  
    0.113       642.89          1929.25        2664.66         3789.07         4579.11  
    0.119       640.07          1886.94        2628.43         3787.62         4657.07  
    0.125       641.51          1818.23        2654.51         3823.85         4471.24  
    0.131       671.09          1322.81        2564.50         3429.13         4378.33  
    0.138       725.48          803.72        2597.40         3393.08         4436.23  
    0.144       42.47          45.08        789.41         2665.02         3574.24  
    0.150       182.55          642.03        2502.52         3535.54         4651.33  
    0.156       634.49          744.54        2835.85         3594.44         5026.22  
    0.163       625.16          656.56        2819.55         3711.58         5473.49  
    0.169       36.30          645.78        2675.39         3351.48         3854.89  
    0.175       0          669.94        2418.61         3131.05         3918.60  
    0.181       642.08          928.09        2836.76         3580.64         5408.44  
    0.188       634.87          1007.30        2848.65         3636.89         5500.00  
    0.194       629.41          944.36        2654.58         3652.58         5500.00  
    0.200       639.51          848.19        2727.05         3708.19         5500.00  
    0.206       648.36          901.76        2740.51         3648.71         5500.00  
    0.213       676.11          870.72        2863.17         3797.20         5500.00  
    0.219       642.32          890.36        2829.46         3800.99         5500.00  
    0.225       773.67          789.22        2813.04         3881.60         5500.00  
    0.231       780.96          806.25        2850.51         3891.72         5500.00  
    0.238       784.50          802.50        2721.03         3805.04         5500.00  
    0.244       499.00          696.69        2609.61         3646.57         5500.00  
    0.250       28.05          685.88        2514.49         3594.99         3866.55  
    0.256       0          724.92        2577.98         2911.57         3882.55  
    0.263       0          767.86        2460.26         3281.70         3856.23  
    0.269       699.34          1870.29        2848.17         4111.70         4841.13  
    0.275       833.84          1932.99        2823.69         3929.69         4832.90  
    0.281       327.70          1967.13        2714.20         3926.97         4937.12  
    0.288       271.62          2237.25        2713.91         3853.63         4840.91  
    0.294       270.91          2438.62        2897.58         3831.75         4507.21  
    0.300       282.02          2447.06        2963.98         3809.33         4399.45  
    0.306       278.60          2433.28        3000.33         3799.59         4388.64  
    0.312       271.13          2450.84        3062.28         3823.58         4390.41  
    0.319       269.89          2471.25        3116.69         3850.53         4395.51  
    0.325       271.55          2463.43        3158.09         3849.80         4438.10  
    0.331       269.97          2468.73        3201.77         3871.46         4413.79  
    0.338       266.64          2493.85        3225.01         3924.91         4320.54  
    0.344       260.66          2499.10        3213.11         3971.94         4233.71  
    0.350       260.92          2519.07        3318.30         4011.04         4456.88  
    0.356       256.64          2544.12        3356.44         3983.74         4747.67  
    0.363       255.60          2555.23        3371.15         3960.93         4647.20  
    0.369       259.82          2569.91        3494.99         4117.16         5449.88  
    0.375       15.16          393.78        2666.81         3584.08         4198.88  
    0.381       0          258.16        2674.16         3366.94         4102.77  
    0.388       0          259.50        2644.56         3324.50         4067.69  
    0.394       0          257.46        2667.82         3434.76         4051.65  
    0.400       0          259.52        2699.79         3550.32         4026.17  
    0.406       0          260.09        2727.04         3675.24         3997.17  
    0.413       0          255.04        2715.58         3482.47         4047.84  
    0.419       230.32          2565.83        3355.79         3995.96         5415.56  
    