0.025       453.54          858.75        2364.52         3504.40         4111.84  
    0.031       474.47          854.24        2458.51         3961.36         4052.88  
    0.038       556.35          834.14        2457.60         3660.44         4547.67  
    0.044       563.52          837.22        2377.93         3562.93         4179.72  
    0.050       578.68          822.31        2372.46         3504.95         4109.07  
    0.056       566.37          855.54        2345.68         3331.56         4057.53  
    0.062       554.01          880.38        2310.63         3223.25         3978.09  
    0.069       549.80          875.45        2320.00         3198.53         3987.02  
    0.075       561.46          856.48        2335.22         3232.96         4049.70  
    0.081       550.24          861.50        2331.12         3219.58         4086.74  
    0.088       533.64          861.19        2328.04         3211.28         4139.52  
    0.094       506.76          848.79        2314.89         3208.99         4044.63  
    0.100       479.48          830.71        2310.52         3234.14         4043.25  
    0.106       450.76          800.70        2340.97         3432.81         4069.76  
    0.113       451.31          827.76        2413.74         3852.32         4077.38  
    0.119       445.17          852.00        2504.20         3886.49         4126.22  
    0.125       498.43          851.93        2506.14         3960.75         4113.13  
    0.131       505.22          907.14        2546.46         3951.78         4231.50  
    0.138       492.49          970.01        2572.40         3985.91         4025.05  
    0.144       505.66          966.22        2523.47         3710.64         4092.11  
    0.150       515.63          1195.22        2410.47         3739.61         4080.96  
    0.156       30.08          70.48        769.21         2454.43         3640.19  
    0.163       0          648.38        2099.67         2439.79         4051.71  
    0.169       546.99          1161.21        2460.48         3964.50         5417.18  
    0.175       646.52          708.41        2530.90         3985.18         4921.96  
    0.181       686.22          813.49        2576.56         3930.48         4896.79  
    0.188       594.95          1399.95        2503.56         3959.37         5216.53  
    0.194       571.77          1685.80        2756.33         3979.27         5120.70  
    0.200       33.26          795.82        2355.54         3992.34         4478.18  
    0.206       0          777.05        2446.35         3919.47         4096.47  
    0.213       0          45.42        868.59         2576.71         4078.74  
    0.219       0          0        770.17         2310.60         3985.54  
    0.225       0          724.55        2291.82         3892.60         5411.41  
    0.231       619.73          782.06        2553.13         4100.46         5500.00  
    0.238       547.29          1875.11        2525.25         4105.66         5500.00  
    0.244       483.10          1773.67        2518.92         4068.80         4646.11  
    0.250       422.79          1787.57        2603.78         3994.58         4689.74  
    0.256       352.14          1819.19        2562.04         4043.05         4641.61  
    0.263       316.83          2152.68        2501.36         3743.05         4156.66  
    0.269       300.29          2223.29        2534.60         3555.36         4168.32  
    0.275       294.58          2241.51        2592.64         3570.83         4131.05  
    0.281       287.48          2256.40        2713.62         3591.24         4163.40  
    0.288       278.14          2279.69        2832.38         3589.89         4230.51  
    0.294       278.40          2287.52        2903.87         3644.03         4291.92  
    0.300       281.49          2294.51        2975.36         3693.34         4331.52  
    0.306       283.86          2306.16        3050.10         3730.89         4317.42  
    0.312       280.08          2307.95        3078.14         3739.97         4627.94  
    0.319       273.31          2326.63        3132.22         3771.48         4641.20  
    0.325       268.96          2318.15        3156.07         3770.30         4639.67  
    0.331       270.08          2298.10        3127.41         3788.85         4666.60  
    0.338       268.50          2306.48        3246.80         3801.68         4677.15  
    0.344       266.53          2316.74        3231.62         3789.21         4621.92  
    0.350       268.66          2340.66        3217.64         3793.45         4491.20  
    0.356       270.98          2332.30        3205.14         3812.58         4552.48  
    0.363       274.41          2350.72        3290.92         3817.10         4645.59  
    0.369       273.23          2358.03        3337.50         3819.67         4673.98  
    0.375       275.55          2354.05        3348.39         3805.67         4702.54  
    0.381       275.46          2349.47        3349.24         3797.37         5453.62  
    0.388       16.05          396.30        2425.94         3412.03         3923.30  
    0.394       0          282.96        2382.33         3440.73         3823.28  
    0.400       0          282.88        2392.27         3575.32         3878.26  
    0.406       0          279.81        2403.79         3555.63         3963.19  
    0.413       0          277.02        2429.36         3525.83         3975.86  
    0.419       0          292.29        2453.62         3564.94         4069.47  
    