0.025       615.85          1054.69        2280.38         3458.75         4316.69  
    0.031       615.08          1047.48        2296.19         3441.87         4253.63  
    0.038       636.91          1053.47        2316.33         3467.42         4258.09  
    0.044       656.13          1127.32        2387.98         3509.03         4391.52  
    0.050       654.86          1151.88        2349.31         3492.60         5077.16  
    0.056       643.10          1118.25        2277.66         3492.65         5273.39  
    0.062       632.08          1107.69        2260.19         3509.49         4929.93  
    0.069       630.66          1113.37        2254.63         3555.48         4707.27  
    0.075       634.68          1120.73        2333.82         3556.96         4546.28  
    0.081       627.46          1066.61        2373.42         3475.95         4595.07  
    0.088       592.75          988.30        2307.57         3433.42         4542.46  
    0.094       543.63          972.62        2263.20         3440.32         4445.55  
    0.100       504.40          968.20        2270.49         3448.52         4540.10  
    0.106       486.69          1017.65        2345.59         3514.96         4701.24  
    0.113       496.54          1010.47        2371.16         3630.52         5005.97  
    0.119       579.51          900.37        2351.47         3658.01         5023.82  
    0.125       645.05          980.42        2381.90         3628.85         4840.13  
    0.131       657.38          963.88        2410.02         3603.85         4790.28  
    0.138       652.78          1342.27        2541.61         3754.17         4776.84  
    0.144       609.45          1564.28        2672.51         3983.34         5200.76  
    0.150       598.27          1535.00        2704.97         4096.53         5500.00  
    0.156       598.79          1478.72        2680.01         4023.69         5179.20  
    0.163       240.74          1013.67        2344.10         3421.98         4365.27  
    0.169       0          965.88        2326.05         3190.73         4530.96  
    0.175       0          458.36        1744.88         2886.95         3955.44  
    0.181       0          0        1276.03         2757.53         3148.72  
    0.188       0          635.06        1580.03         2986.00         3642.28  
    0.194       468.21          1265.31        2421.92         3224.40         4478.15  
    0.200       763.24          1427.43        2719.34         3418.93         4857.20  
    0.206       303.22          1207.24        2282.93         3207.53         4202.86  
    0.213       0          1060.99        2086.96         3124.53         3942.41  
    0.219       0          1101.81        2214.35         3224.24         4373.51  
    0.225       454.32          1264.89        2319.83         3304.94         4628.22  
    0.231       710.94          1580.00        2302.74         3369.85         4743.36  
    0.238       591.62          1744.26        2493.13         3287.92         4762.21  
    0.244       469.27          1794.47        2567.29         3359.40         4787.74  
    0.250       172.39          740.99        1999.97         2967.72         4117.63  
    0.256       0          879.34        1598.46         2994.06         4009.40  
    0.263       190.86          1618.21        2069.98         3354.68         4522.53  
    0.269       326.49          1987.19        2511.83         3435.18         4534.96  
    0.275       327.66          2191.68        2634.35         3493.82         4366.50  
    0.281       322.89          2215.36        2688.03         3566.39         4346.71  
    0.288       321.01          2239.03        2723.73         3622.63         4368.14  
    0.294       317.67          2243.52        2766.91         3638.24         4396.26  
    0.300       315.73          2232.09        2774.78         3649.12         4428.54  
    0.306       316.31          2220.95        2763.64         3665.89         4434.15  
    0.312       317.25          2217.57        2773.67         3682.88         4494.84  
    0.319       318.53          2233.42        2775.84         3694.80         4567.02  
    0.325       318.93          2259.62        2795.79         3709.89         4751.87  
    0.331       318.40          2265.02        2806.73         3724.10         4805.90  
    0.338       326.52          2276.06        2747.83         3736.55         4631.47  
    0.344       332.52          2151.10        2540.61         3532.14         4455.27  
    0.350       346.29          2119.72        2442.48         3254.37         4361.52  
    0.356       356.48          2203.82        2609.75         3734.92         5026.91  
    0.363       353.19          2122.23        2715.67         4009.47         5500.00  
    0.369       344.85          2000.51        2711.37         3918.55         5500.00  
    0.375       344.27          2137.15        2748.67         3992.35         5230.95  
    0.381       353.52          2216.31        2744.09         4066.44         4769.12  
    0.388       352.92          2160.48        2757.03         4074.33         5125.31  
    0.394       347.54          2218.75        2799.60         4146.87         5500.00  
    0.400       347.79          2300.17        2764.87         3994.95         4808.97  
    0.406       348.22          2294.89        2735.25         3711.20         4349.34  
    0.413       350.42          2277.17        2767.47         3825.70         4281.90  
    0.419       143.26          1137.11        2536.76         3270.99         4221.02  
    0.425       0          348.05        2366.32         2777.05         4213.09  
    0.431       0          343.92        2347.70         2766.55         4232.34  
    0.438       0          358.01        2356.03         2825.04         4285.28  
    