0.025       560.04          708.06        2765.80         3583.64         5500.00  
    0.031       573.57          719.10        2882.21         3619.42         5500.00  
    0.038       134.40          612.08        1867.17         3482.52         4102.93  
    0.044       0          573.71        1670.17         3561.86         3620.55  
    0.050       0          569.35        1717.06         3496.80         3881.04  
    0.056       0          574.29        1712.75         3377.45         4044.12  
    0.062       0          578.81        1720.68         3335.37         4121.32  
    0.069       0          580.42        1731.46         3222.70         4199.98  
    0.075       0          580.27        1734.66         3126.89         4203.04  
    0.081       0          574.01        1730.15         3077.04         4144.93  
    0.088       0          560.80        1709.19         2964.36         4070.62  
    0.094       0          539.81        1659.33         2927.66         3995.92  
    0.100       0          523.38        1612.64         2993.71         3970.94  
    0.106       0          525.48        1621.21         3134.67         3904.20  
    0.113       0          551.55        1694.98         3319.95         3878.83  
    0.119       0          593.89        1699.89         3365.65         3929.83  
    0.125       0          590.36        1680.15         3350.12         3878.07  
    0.131       0          549.89        1707.41         3351.08         3712.18  
    0.138       409.80          709.62        2731.34         3649.06         5073.81  
    0.144       124.25          611.93        1955.05         3319.01         4263.50  
    0.150       0          566.49        2235.85         3331.41         3704.44  
    0.156       0          574.19        1941.30         3249.16         3824.32  
    0.163       0          581.81        1614.65         3107.27         3820.52  
    0.169       0          584.69        1865.52         3161.99         3941.41  
    0.175       0          602.99        2042.80         3174.02         4120.16  
    0.181       0          614.49        2159.01         3174.23         4085.34  
    0.188       0          604.00        2028.36         2899.40         4024.75  
    0.194       0          609.28        2115.62         2893.37         4166.56  
    0.200       0          621.18        2125.52         2993.79         4332.47  
    0.206       0          565.57        1854.43         2993.59         4307.57  
    0.213       0          542.53        2126.09         3072.61         4152.02  
    0.219       441.07          1372.95        2348.31         3795.77         4949.19  
    0.225       503.30          1573.56        2310.76         3941.41         5153.40  
    0.231       399.31          1548.99        2249.12         3919.91         5120.35  
    0.238       306.93          1626.06        2238.11         3940.02         5410.41  
    0.244       300.28          1944.05        2274.20         4220.74         5500.00  
    0.250       318.71          2079.08        2319.70         3653.25         5364.19  
    0.256       332.76          2119.61        2458.51         3487.31         5257.51  
    0.263       336.12          2169.57        2592.88         3572.54         5254.23  
    0.269       328.84          2186.84        2766.23         3676.29         5278.39  
    0.275       318.73          2181.20        3010.74         3767.92         5370.66  
    0.281       316.84          2195.54        3192.48         3868.78         5222.07  
    0.288       318.52          2241.54        3273.09         4533.69         5108.63  
    0.294       311.97          2256.64        3279.66         5003.64         5404.68  
    0.300       297.27          2214.22        3238.74         4609.62         5258.81  
    0.306       289.12          2201.99        3231.65         4175.72         5133.37  
    0.312       284.05          2217.68        3279.87         4106.37         5109.29  
    0.319       285.05          2248.71        3304.57         4245.41         5125.60  
    0.325       285.96          2270.92        3299.88         4375.99         5120.14  
    0.331       289.83          2300.64        3299.86         4943.08         5410.84  
    0.338       293.47          2349.58        3294.39         5100.55         5500.00  
    0.344       298.36          2344.72        3282.33         5033.13         5500.00  
    0.350       305.48          2299.59        3312.24         5041.21         5500.00  
    0.356       304.48          2289.87        3338.66         4932.29         5500.00  
    0.363       70.64          761.75        2541.18         3700.65         5040.51  
    0.369       0          298.59        2307.40         3359.54         5114.76  
    0.375       0          294.75        2314.16         3375.62         5061.05  
    0.381       0          285.42        2316.74         3359.33         4980.20  
    0.388       0          273.87        2324.83         3330.81         4957.95  
    0.394       0          259.79        2349.00         3343.98         5101.69  
    0.400       0          256.79        2348.54         3370.89         5262.51  
    0.406       0          250.27        2370.86         3402.18         5148.55  
    0.413       0          240.83        2434.15         3408.22         5008.15  
    0.419       0          236.96        2495.39         3349.65         4879.18  
    0.425       0          237.59        2464.64         3332.53         4858.08  
    0.431       182.79          1871.76        3125.57         4428.82         5351.31  
    0.438       235.36          2342.07        3320.18         4702.44         5500.00  
    0.444       54.56          722.77        2575.15         3655.02         4803.97  
    0.450       0          235.69        2381.62         3332.37         4534.48  
    0.456       0          237.11        2384.12         3342.27         4504.54  
    0.463       0          244.92        2344.26         3366.20         4509.76  
    0.469       0          248.20        2355.53         3395.90         4507.31  
    0.475       0          255.03        2490.07         3568.27         4461.99  
    0.481       0          278.82        2513.92         3571.81         4421.85  
    0.488       0          274.52        2538.82         3672.06         4386.37  
    