0.025       0          445.24        1426.80         2496.37         3873.45  
    0.031       231.03          897.38        2039.56         3231.62         4467.22  
    0.038       434.96          1348.91        2598.50         3871.28         4742.59  
    0.044       447.78          1408.69        2581.82         3878.50         4552.80  
    0.050       470.93          1412.39        2580.87         3906.56         4517.84  
    0.056       486.08          1421.54        2599.76         3907.94         4446.32  
    0.062       493.13          1462.91        2589.26         3900.24         4528.14  
    0.069       499.80          1519.41        2614.79         3922.22         5085.52  
    0.075       510.98          1533.05        2664.25         3951.24         5205.00  
    0.081       514.96          1510.58        2683.77         3957.20         5063.66  
    0.088       498.70          1471.55        2693.44         3937.76         5344.52  
    0.094       477.26          1447.07        2695.01         3904.24         5500.00  
    0.100       219.62          926.61        2078.15         3269.00         4637.35  
    0.106       0          469.04        1524.03         2724.30         3891.83  
    0.113       0          525.42        2032.96         2819.58         3903.26  
    0.119       0          595.17        2440.87         2946.77         3887.38  
    0.125       0          606.03        2367.48         2940.40         3869.80  
    0.131       0          593.35        2321.72         2767.32         3881.19  
    0.138       0          570.06        1760.94         2669.14         3890.79  
    0.144       0          541.40        1045.94         2685.33         3894.38  
    0.150       306.77          608.26        1820.88         3313.72         4751.03  
    0.156       270.14          636.60        1834.50         3277.96         4629.63  
    0.163       0          604.29        1393.89         2809.57         3888.80  
    0.169       0          599.08        1829.33         2835.74         3930.09  
    0.175       0          557.59        1716.16         2749.58         3932.96  
    0.181       0          491.93        1540.99         2752.74         3998.01  
    0.188       0          472.02        1657.80         2861.40         4138.70  
    0.194       0          469.26        1569.67         2871.17         4209.53  
    0.200       236.30          1160.34        2183.70         3696.25         4898.50  
    0.206       521.68          1760.36        2840.19         4436.91         5500.00  
    0.213       609.33          1702.57        2822.06         4404.96         5500.00  
    0.219       293.40          1640.10        2598.09         3486.19         4879.03  
    0.225       140.50          1689.52        2594.87         3523.28         4953.17  
    0.231       123.73          1357.70        2236.28         3511.86         4774.02  
    0.238       0          1043.07        1778.35         2860.65         4133.77  
    0.244       0          502.21        832.18         2297.37         3449.38  
    0.250       0          698.42        1051.36         2377.84         3544.93  
    0.256       0          1478.85        2007.12         2887.85         4179.81  
    0.263       0          1758.16        1957.51         2887.24         4202.87  
    0.269       0          1809.69        1870.77         2903.83         4194.10  
    0.275       0          1656.96        1866.10         2925.69         4186.93  
    0.281       0          1457.82        1878.29         2926.90         4154.45  
    0.288       0          1437.98        1917.88         2907.00         4113.43  
    0.294       0          1305.64        1963.73         2871.21         4079.84  
    0.300       0          526.93        1973.61         2821.01         3949.51  
    0.306       0          0        1983.73         2810.76         3819.22  
    0.312       90.20          1075.28        2463.73         3300.19         4698.38  
    0.319       206.98          2018.82        2892.96         3668.68         5406.43  
    0.325       254.58          2006.23        2895.72         3599.43         5227.07  
    0.331       271.65          1955.34        2880.36         3543.15         5129.36  
    0.338       276.34          1867.84        2878.57         3473.70         5193.72  
    0.344       279.23          1811.32        2868.30         3326.71         5275.65  
    0.350       284.86          1777.51        2854.50         3194.74         5266.59  
    0.356       291.53          1754.44        2853.68         3186.19         5224.98  
    0.363       296.72          1763.34        2852.76         3232.64         5208.61  
    0.369       301.72          1812.00        2838.92         3238.93         5364.60  
    