0.025       328.43          810.39        2498.41         3862.19         4142.25  
    0.031       375.82          741.35        2343.72         3736.71         4279.77  
    0.038       425.85          686.71        2200.15         3670.34         4270.99  
    0.044       425.77          729.51        2173.92         3724.80         4264.87  
    0.050       424.10          808.21        2211.07         3752.13         4303.99  
    0.056       443.86          879.55        2246.63         3512.86         4354.83  
    0.062       468.61          931.72        2233.93         3510.46         4345.10  
    0.069       480.35          920.54        2208.61         3451.56         4348.72  
    0.075       467.60          914.49        2200.78         3369.01         4371.61  
    0.081       456.40          914.83        2214.83         3381.33         4396.31  
    0.088       454.80          909.97        2220.61         3413.45         4398.48  
    0.094       460.11          914.75        2220.30         3382.69         4421.44  
    0.100       455.07          908.56        2215.15         3321.89         4433.15  
    0.106       445.18          874.50        2255.46         3319.24         4465.52  
    0.113       433.16          866.68        2265.25         3399.33         4497.51  
    0.119       383.79          911.03        2276.00         3434.14         4441.84  
    0.125       270.75          859.05        2285.69         3411.57         4527.82  
    0.131       271.51          874.00        2331.46         3491.48         4609.29  
    0.138       333.33          891.21        2288.16         3650.73         4489.70  
    0.144       377.96          887.31        2400.45         3737.73         4441.29  
    0.150       415.47          882.61        2473.74         3785.59         4574.86  
    0.156       434.22          882.05        2459.63         3711.51         4796.02  
    0.163       426.90          852.93        2417.50         3755.64         4884.48  
    0.169       398.59          912.47        2537.31         3721.08         4720.16  
    0.175       446.34          820.48        2500.59         3579.30         4569.52  
    0.181       469.22          842.23        2503.30         3782.20         4546.52  
    0.188       459.88          905.29        2616.68         3906.27         4737.77  
    0.194       528.89          880.51        2624.00         3564.86         4672.28  
    0.200       591.36          1767.80        2552.34         3422.72         4988.77  
    0.206       548.34          1874.02        2643.26         3558.93         5256.60  
    0.213       402.82          1837.56        2704.03         3524.37         5122.77  
    0.219       276.03          1800.90        2741.25         3467.34         4821.50  
    0.225       274.45          1842.94        2607.66         3463.05         4746.48  
    0.231       269.06          2134.74        2366.77         3355.13         4306.83  
    0.238       279.73          2165.11        2206.23         3309.91         3813.25  
    0.244       290.68          2085.83        2406.99         3282.35         3778.93  
    0.250       304.30          2092.87        2515.77         3285.00         3793.32  
    0.256       312.61          2110.15        2581.32         3327.07         3954.42  
    0.263       315.96          2157.96        2646.74         3319.55         3942.36  
    0.269       318.55          2159.02        2753.34         3309.36         3915.59  
    0.275       320.81          2155.48        2795.73         3317.57         3833.09  
    0.281       319.64          2170.87        2778.48         3332.67         3798.35  
    0.288       311.61          2224.62        2962.59         3437.37         3691.88  
    0.294       13.83          393.45        2261.22         2976.77         3630.01  
    0.300       294.98          2167.66        3038.63         3252.14         3791.79  
    0.306       309.86          2203.19        2391.07         3268.45         3957.11  
    0.312       306.85          2030.38        2347.87         3280.41         3927.88  
    0.319       301.60          2283.51        2748.42         3226.38         3880.74  
    0.325       293.46          2287.40        3195.67         3228.21         3802.52  
    0.331       289.92          2322.14        2832.86         3124.18         3846.06  
    0.338       12.88          379.88        2376.86         2991.76         3878.70  
    0.344       263.34          2243.92        2894.37         3628.81         3947.90  
    0.350       269.94          2338.11        2931.16         3902.27         3948.91  
    0.356       281.99          2468.14        2816.39         3555.23         4314.63  
    0.363       289.03          2505.30        2649.91         3552.93         4482.13  
    0.369       307.41          2114.68        2499.98         3484.82         4469.71  
    0.375       13.70          386.23        2535.81         3423.23         4265.73  
    