0.025       481.99          837.11        2234.40         3684.52         5037.16  
    0.031       567.68          829.96        2207.47         3602.82         4983.83  
    0.038       643.49          924.22        2116.93         3532.01         4904.32  
    0.044       687.11          964.68        2143.87         3563.17         4762.29  
    0.050       710.61          885.53        2156.48         3582.21         4645.66  
    0.056       380.98          762.81        2188.76         3565.58         4590.64  
    0.062       247.23          705.67        2279.57         3539.71         4644.98  
    0.069       187.68          698.07        2356.71         3475.35         4676.20  
    0.075       49.86          233.57        1269.39         2749.66         3838.76  
    0.081       0          0        702.17         2392.38         3411.68  
    0.088       0          0        674.82         2387.19         3454.89  
    0.094       0          0        646.00         2384.88         3573.08  
    0.100       0          0        610.86         2382.70         3637.51  
    0.106       375.93          743.26        1784.46         3298.94         4360.06  
    0.113       543.08          1113.69        2367.73         3699.90         4749.79  
    0.119       178.07          721.09        2329.17         3632.77         4781.51  
    0.125       0          527.00        2309.59         3719.21         4468.79  
    0.131       0          567.39        2301.24         3819.49         4028.06  
    0.138       0          196.49        1221.92         2843.42         3824.16  
    0.144       237.74          436.85        1851.94         3308.63         4606.70  
    0.150       487.40          856.24        2670.83         3771.97         4951.39  
    0.156       546.22          951.86        2727.48         3849.88         4845.05  
    0.163       543.91          925.23        2595.94         3872.21         4896.22  
    0.169       566.42          821.00        2549.74         3830.51         4981.25  
    0.175       592.09          778.55        2533.68         3832.11         5002.89  
    0.181       618.39          836.03        2674.90         3918.44         5333.82  
    0.188       649.17          906.77        2760.15         3970.30         5500.00  
    0.194       220.85          776.96        1584.99         3321.78         4855.95  
    0.200       0          542.74        783.74         2872.43         4291.50  
    0.206       377.97          605.41        1968.74         3522.85         5055.04  
    0.213       648.03          694.12        2453.26         3827.69         5500.00  
    0.219       230.35          668.60        2353.37         3262.45         5328.16  
    0.225       415.62          1647.61        2636.75         3348.89         5164.99  
    0.231       430.18          2021.30        2735.28         3534.40         5147.91  
    0.238       338.17          1914.68        2727.63         3749.02         5284.85  
    0.244       327.43          1929.17        2476.22         3494.08         4819.56  
    0.250       313.76          1961.70        2386.95         3313.43         4442.12  
    0.256       302.31          2003.00        2471.63         3329.89         4339.43  
    0.263       294.32          2062.28        2601.93         3392.78         4315.41  
    0.269       288.05          2065.83        2741.95         3476.87         4344.25  
    0.275       283.41          2056.76        2868.40         3560.66         4393.42  
    0.281       281.60          2053.16        2946.13         3672.96         4400.05  
    0.288       280.99          2035.12        2998.15         3747.53         4509.64  
    0.294       279.53          2000.87        3044.26         3746.30         4611.95  
    0.300       276.26          1982.68        3060.64         3719.02         4604.85  
    0.306       274.52          1978.39        3061.32         3719.57         4601.14  
    0.312       274.11          1969.93        3073.56         3782.28         4630.43  
    0.319       273.56          1962.02        3097.91         3800.29         4703.08  
    0.325       274.82          1959.05        3100.10         3755.47         4727.08  
    0.331       276.62          1987.69        3093.25         3688.39         4728.54  
    0.338       278.18          2014.89        3093.21         3676.72         4710.97  
    0.344       280.50          2013.54        3095.17         3686.35         4712.27  
    0.350       282.84          2035.72        3111.80         3679.51         4711.82  
    0.356       286.01          2002.40        3094.95         3617.10         4659.81  
    0.363       289.90          1969.19        3065.89         3605.54         4636.45  
    0.369       294.97          1958.65        3064.33         3599.52         4630.77  
    0.375       300.05          1961.73        3078.81         3598.64         4651.32  
    0.381       302.71          1997.36        3074.01         3580.49         4778.84  
    0.388       307.64          2012.13        3070.29         3592.16         4957.27  
    0.394       314.25          1975.53        3073.85         3566.60         4951.46  
    0.400       314.34          1953.68        3074.76         3452.35         4960.54  
    0.406       311.21          1959.85        3082.44         3448.39         5326.59  
    0.413       308.65          1975.15        3087.16         3485.68         5500.00  
    0.419       305.04          1960.29        3063.56         3431.15         5500.00  
    0.425       308.00          1954.34        3114.03         3505.04         5500.00  
    0.431       103.83          867.39        2349.08         3353.36         4432.33  
    0.438       0          314.69        1974.78         3224.19         3730.82  
    0.444       193.51          1414.92        2807.56         3410.77         4880.18  
    0.450       97.35          840.65        2396.31         3310.36         4405.83  
    0.456       0          269.86        1988.35         3180.64         4183.56  
    0.463       0          266.86        1994.09         3166.87         4554.78  
    0.469       0          265.37        2023.28         3153.01         4465.79  
    0.475       0          265.75        2011.70         3177.74         4274.12  
    