0.025       0          1004.93        2332.39         3952.91         4756.85  
    0.031       0          858.49        2320.61         3973.40         4816.26  
    0.038       333.36          881.28        2454.27         3902.90         4878.40  
    0.044       608.37          938.06        2546.53         3656.22         4809.23  
    0.050       678.05          974.94        2507.38         3473.28         4202.95  
    0.056       685.67          1045.19        2516.39         3382.15         3940.60  
    0.062       231.41          821.01        2271.53         3169.21         3886.55  
    0.069       0          695.81        2206.21         2987.78         3870.01  
    0.075       0          699.01        2247.33         3060.57         3952.41  
    0.081       0          236.31        1218.00         2640.89         3934.59  
    0.088       454.59          457.76        1759.73         3363.22         4314.22  
    0.094       231.73          233.35        1229.27         2797.77         4153.29  
    0.100       446.22          515.90        1704.42         3315.31         4319.21  
    0.106       663.20          1106.53        2202.71         3790.61         4725.85  
    0.113       651.43          1379.57        2167.39         3758.02         4802.61  
    0.119       640.31          1828.57        2127.87         3772.04         4872.35  
    0.125       630.63          1959.87        2228.42         3761.75         4978.99  
    0.131       626.57          1873.69        2442.92         3749.35         4919.28  
    0.138       625.24          1722.81        2629.27         3741.22         4670.22  
    0.144       630.63          1380.36        2722.19         3738.14         4532.08  
    0.150       639.81          1063.65        2735.22         3715.43         4481.27  
    0.156       519.98          782.83        2733.93         3639.23         4442.27  
    0.163       319.30          675.39        2829.87         3716.75         4133.44  
    0.169       84.06          226.37        1413.52         3338.57         3909.99  
    0.175       0          0        701.97         3118.07         3875.23  
    0.181       0          0        720.19         2939.67         3679.73  
    0.188       444.53          490.53        2138.70         3368.66         4068.20  
    0.194       654.56          886.44        2927.72         3694.42         4777.79  
    0.200       642.65          992.22        2969.36         3726.19         5335.41  
    0.206       216.39          766.37        2115.30         3295.50         4822.44  
    0.213       425.80          1337.27        2601.46         3972.67         5154.61  
    0.219       660.66          1729.81        3096.33         4287.59         5014.78  
    0.225       677.22          1736.57        2962.77         4037.89         4710.07  
    0.231       466.05          1738.43        2933.86         3725.61         4746.23  
    0.238       351.31          1773.34        2774.88         3554.18         4667.17  
    0.244       343.93          1774.25        2602.03         3493.08         4246.66  
    0.250       337.80          1769.51        2548.14         3463.77         3982.92  
    0.256       334.35          1900.23        2538.55         3449.78         3909.05  
    0.263       333.62          2102.80        2556.40         3463.70         3937.37  
    0.269       333.83          2187.67        2609.82         3491.50         3975.36  
    0.275       332.61          2211.68        2667.84         3558.79         4032.64  
    0.281       329.90          2292.33        2741.30         3736.75         4101.66  
    0.288       326.82          2337.66        2782.14         3787.26         4260.10  
    0.294       323.95          2325.04        2779.95         3762.02         4254.86  
    0.300       321.82          2302.21        2807.84         3722.80         4236.32  
    0.306       318.57          2306.66        2832.82         3628.69         4203.17  
    0.312       316.30          2303.18        2862.22         3596.88         4176.29  
    0.319       314.23          2308.19        2924.71         3642.68         4185.97  
    0.325       307.88          2312.96        2928.96         3657.37         4218.24  
    0.331       304.07          2336.98        2933.69         3690.04         4266.03  
    0.338       297.67          2348.43        2950.57         3721.21         4297.04  
    0.344       293.26          2333.27        2935.40         3743.73         4347.93  
    0.350       293.18          2332.32        2854.54         3792.79         4375.38  
    0.356       290.97          2344.33        2812.12         3784.06         4389.37  
    0.363       288.03          2387.68        2857.47         3755.87         4379.64  
    0.369       288.76          2396.84        2933.00         3762.39         4336.51  
    0.375       292.71          2373.71        2955.58         3767.57         4279.22  
    0.381       290.92          2370.75        2926.41         3795.36         4226.14  
    0.388       286.59          2426.55        2802.41         3787.35         4189.63  
    0.394       281.16          2436.94        2684.12         3790.16         4092.26  
    0.400       94.22          1007.81        2592.46         3604.66         3958.70  
    0.406       0          274.30        2541.03         3351.64         3929.73  
    0.413       0          237.48        2467.85         3227.85         3962.33  
    0.419       0          234.56        2511.81         3405.88         4032.81  
    