0.025       540.14          873.74        2667.99         4220.83         5038.34  
    0.031       542.29          880.81        2588.51         4174.53         5022.73  
    0.038       546.42          886.98        2520.18         4129.86         5040.59  
    0.044       569.27          889.22        2525.54         4126.94         5011.49  
    0.050       612.97          887.99        2547.31         4114.52         4897.13  
    0.056       647.15          904.99        2453.83         4053.45         4805.34  
    0.062       643.30          921.19        2495.98         4000.72         4775.29  
    0.069       658.94          923.74        2510.02         3988.42         4787.06  
    0.075       696.80          926.49        2242.85         3943.72         4775.21  
    0.081       721.26          809.21        2093.03         3950.98         4857.05  
    0.088       541.87          738.84        2024.51         3929.51         4880.21  
    0.094       660.89          724.49        2175.44         3948.97         4923.74  
    0.100       608.10          783.74        2609.88         3972.51         4929.36  
    0.106       114.84          156.61        1166.38         2902.73         4139.02  
    0.113       0          0        854.12         2775.57         3922.24  
    0.119       316.29          731.21        2456.94         3695.28         4684.73  
    0.125       431.99          888.62        2818.18         3825.19         4852.20  
    0.131       469.64          794.24        2738.66         3843.57         5067.96  
    0.138       574.34          736.33        2751.62         3931.12         5425.82  
    0.144       117.33          142.70        1172.12         3047.57         4341.82  
    0.150       0          658.33        2125.84         2992.37         4256.24  
    0.156       0          764.75        2214.70         3104.70         4337.33  
    0.163       0          716.67        2111.81         3433.15         4538.28  
    0.169       0          682.84        2132.06         3410.23         4380.51  
    0.175       0          668.72        2106.80         3356.92         4393.74  
    0.181       0          622.96        2126.94         3397.63         4478.24  
    0.188       0          601.80        2146.45         3191.00         4442.66  
    0.194       552.44          1680.65        2765.33         3788.63         4843.65  
    0.200       758.38          1919.67        2878.47         3887.13         4946.86  
    0.206       152.16          1824.33        2556.27         3749.74         4949.25  
    0.213       0          353.56        1978.72         2769.79         4105.47  
    0.219       228.02          1602.42        2309.84         3816.65         4606.17  
    0.225       315.06          1979.76        2275.40         4241.23         4666.64  
    0.231       336.13          1985.80        2271.10         4349.86         4746.15  
    0.238       341.35          2040.93        2341.85         4407.52         4874.17  
    0.244       339.43          2075.21        2430.86         4403.40         4944.17  
    0.250       333.58          2098.82        2478.42         4390.77         4959.65  
    0.256       327.25          2143.84        2547.47         4396.47         4945.10  
    0.263       321.72          2196.20        2650.13         4399.59         4942.55  
    0.269       319.20          2234.59        2775.30         4393.78         4902.09  
    0.275       320.26          2230.60        2972.20         4389.13         4903.34  
    0.281       321.32          2223.06        3019.78         4374.36         4945.88  
    0.288       321.31          2220.98        2944.48         4388.78         4907.34  
    0.294       318.71          2209.57        2875.39         4399.01         4870.79  
    0.300       316.22          2215.60        2883.79         4379.33         4899.12  
    0.306       312.42          2220.00        2849.11         4367.70         4841.37  
    0.312       309.47          2222.42        2860.50         4349.73         4796.07  
    0.319       305.82          2229.60        2908.28         4334.60         4784.15  
    0.325       300.23          2237.00        2902.14         4355.39         4809.04  
    0.331       298.69          2238.55        2930.29         4379.75         4840.56  
    0.338       297.10          2240.79        2930.03         4358.15         4788.26  
    0.344       293.75          2242.66        2693.20         4326.60         4897.20  
    0.350       287.98          2245.13        2742.10         4307.21         4971.98  
    0.356       275.78          2246.11        3317.18         4335.11         5001.64  
    0.363       264.00          2267.58        2916.94         4378.82         4817.46  
    0.369       256.03          2287.21        2533.46         4430.83         4926.24  
    