0.025       0          673.65        1778.18         4017.01         4440.67  
    0.031       0          562.93        1012.16         3205.50         4078.31  
    0.038       0          537.36        1427.70         3352.69         4044.41  
    0.044       464.74          1338.50        1937.32         3628.54         4364.85  
    0.050       496.07          1431.78        1909.61         3674.16         4626.56  
    0.056       486.92          1437.62        2018.22         3672.22         4648.54  
    0.062       476.80          1433.60        2375.07         3976.87         4786.14  
    0.069       466.49          1418.89        2359.07         4038.31         5446.94  
    0.075       468.17          1408.48        2201.99         3977.86         4770.14  
    0.081       473.85          1405.40        2097.11         3784.75         4792.68  
    0.088       488.03          1425.99        2416.92         3969.65         4694.14  
    0.094       486.79          1433.01        2240.54         3999.38         4487.97  
    0.100       477.72          1401.80        2068.96         3820.58         4614.32  
    0.106       469.38          1407.07        2017.79         3745.12         4677.46  
    0.113       460.74          1446.92        1947.66         3788.14         4662.05  
    0.119       448.18          1492.65        1931.06         3698.21         4605.51  
    0.125       445.62          1484.79        1940.18         3690.10         4453.96  
    0.131       527.98          756.63        1705.56         3706.12         4321.25  
    0.138       40.38          52.65        759.15         1811.03         3724.88  
    0.144       0          0        584.86         1822.90         3720.48  
    0.150       391.21          533.45        1850.03         3596.00         4680.77  
    0.156       188.24          591.28        2072.14         3745.66         4959.41  
    0.163       539.43          751.23        1946.53         3620.28         4993.02  
    0.169       482.42          1238.42        2138.94         3642.38         4801.48  
    0.175       463.22          1380.93        2433.05         3645.06         4540.01  
    0.181       455.60          1555.07        3322.92         3449.96         4344.49  
    0.188       460.75          1502.57        2189.43         3680.43         4729.52  
    0.194       469.65          1416.70        2037.08         3520.22         4751.15  
    0.200       472.31          1516.28        2443.13         4281.62         4410.74  
    0.206       454.06          1538.95        2539.55         4131.22         4708.79  
    0.213       462.01          1468.83        2541.31         3993.37         5196.33  
    0.219       442.87          1428.19        2416.98         3881.27         4921.81  
    0.225       460.64          1952.79        2087.00         3589.26         4813.68  
    0.231       471.86          1388.67        2158.87         3797.16         4831.10  
    0.238       528.98          1045.59        2215.96         3794.75         5021.60  
    0.244       589.26          1065.69        2205.65         3803.59         5170.66  
    0.250       546.01          652.00        1984.58         3710.40         5475.96  
    0.256       40.93          627.41        1766.92         3700.97         4228.45  
    0.263       0          644.72        2054.33         3260.81         4235.02  
    0.269       609.23          1938.42        2871.10         4237.57         5405.16  
    0.275       732.12          2078.47        3478.16         4315.04         5500.00  
    0.281       55.73          1717.39        2298.25         3643.22         4364.69  
    0.288       0          127.44        1832.07         2368.19         3944.70  
    0.294       0          0        2235.08         2284.83         3707.94  
    0.300       217.82          2095.76        2563.59         3443.38         4138.02  
    0.306       240.90          2277.55        2769.46         3512.47         4079.45  
    0.312       235.65          2282.78        2914.57         3501.29         3997.77  
    0.319       231.91          2282.99        3000.75         3493.26         3981.06  
    0.325       232.46          2280.68        3229.92         3530.02         4065.46  
    0.331       232.02          2283.37        3335.40         3608.36         4257.01  
    0.338       228.47          2288.49        3348.64         3604.26         4567.03  
    0.344       228.50          2286.23        3384.88         3615.25         4632.44  
    0.350       229.47          2288.71        3435.26         3693.64         4894.15  
    0.356       228.80          2289.68        3461.12         3745.56         5294.30  
    0.363       231.41          2287.11        3463.82         3760.33         5486.81  
    0.369       230.03          2290.60        3455.68         3750.53         5500.00  
    0.375       229.08          2287.67        3461.55         3749.30         5500.00  
    0.381       229.09          2293.73        3460.06         3754.17         5500.00  
    0.388       230.03          2301.35        3455.02         3751.89         5500.00  
    0.394       228.08          2310.56        3454.41         3751.49         5500.00  
    0.400       229.86          2315.15        3473.70         3762.99         5500.00  
    0.406       232.78          2326.11        3471.94         3763.71         5500.00  
    0.413       236.66          2314.21        3467.55         3745.24         5500.00  
    0.419       238.88          2327.13        3482.68         3769.82         5500.00  
    0.425       239.64          2325.56        3456.55         3764.95         5500.00  
    0.431       242.23          2314.99        3478.30         3757.81         5500.00  
    0.438       243.72          2311.44        3515.66         3741.71         5500.00  
    0.444       246.31          2299.20        3548.90         3765.23         5500.00  
    