0.025       383.98          864.93        2205.46         3554.08         4330.98  
    0.031       397.73          890.45        2220.93         3518.97         4340.03  
    0.038       429.87          914.96        2217.88         3491.15         4344.66  
    0.044       451.67          913.76        2199.36         3429.96         4350.16  
    0.050       450.43          909.03        2195.87         3373.95         4373.13  
    0.056       443.00          907.51        2204.10         3377.40         4393.70  
    0.062       444.03          906.13        2207.37         3398.46         4395.10  
    0.069       445.85          904.50        2207.65         3368.80         4421.86  
    0.075       439.05          899.03        2213.60         3321.73         4432.14  
    0.081       426.02          879.38        2243.25         3322.42         4466.05  
    0.088       404.31          872.26        2265.30         3399.07         4477.58  
    0.094       339.72          865.50        2285.62         3427.47         4463.54  
    0.100       262.95          868.36        2318.73         3445.22         4558.90  
    0.106       257.85          878.60        2332.96         3517.11         4600.71  
    0.113       309.98          889.45        2331.61         3662.03         4517.78  
    0.119       365.23          891.67        2409.02         3767.96         4481.97  
    0.125       400.34          892.61        2477.86         3765.45         4636.66  
    0.131       419.71          882.19        2457.06         3743.59         4827.23  
    0.138       411.86          878.76        2451.77         3749.26         4890.30  
    0.144       402.14          883.41        2539.29         3719.86         4782.59  
    0.150       431.87          839.94        2533.71         3703.61         4653.62  
    0.156       450.52          858.88        2553.55         3824.78         4854.02  
    0.163       451.11          907.83        2623.27         3946.34         5037.49  
    0.169       561.95          844.28        2602.34         3657.57         4965.04  
    0.175       603.75          1421.29        2651.81         3487.47         5251.24  
    0.181       527.51          1865.68        2675.14         3543.59         5353.69  
    0.188       360.21          1835.59        2704.86         3518.07         5063.71  
    0.194       262.26          1809.34        2748.52         3485.79         4846.11  
    0.200       255.42          1931.83        2460.73         3394.88         4707.23  
    0.206       105.60          994.87        2206.47         3320.25         3982.82  
    0.213       153.12          1384.73        2215.00         3265.62         3584.59  
    0.219       273.82          2194.60        2322.07         3192.86         3643.66  
    0.225       289.59          2161.97        2448.93         3223.45         3745.59  
    0.231       298.10          2159.27        2550.08         3275.90         3876.36  
    0.238       300.81          2173.86        2704.58         3252.39         3872.05  
    0.244       303.22          2165.22        2839.77         3223.61         3803.85  
    0.250       306.90          2171.08        2864.45         3219.80         3717.49  
    0.256       306.96          2214.52        2876.85         3205.45         3657.87  
    0.263       128.06          1114.06        2511.15         3058.15         3631.27  
    0.269       0          304.19        2231.63         2941.59         3611.02  
    0.275       0          304.79        2262.92         2999.87         3716.24  
    0.281       0          305.39        2359.54         3143.38         3833.63  
    0.288       0          303.41        2367.24         3179.33         3860.34  
    0.294       0          297.74        2311.18         3134.11         3827.83  
    0.300       0          289.60        2290.04         3115.97         3779.39  
    0.306       0          285.25        2305.41         3026.04         3779.86  
    0.312       0          278.90        2333.82         2950.36         3847.26  
    0.319       147.00          1466.95        2677.11         3518.98         4824.14  
    0.325       256.05          2363.09        2957.59         3961.57         4640.19  
    0.331       263.55          2466.93        2772.66         3702.97         4247.18  
    