0.025       469.91          1029.36        2102.25         3695.21         5404.70  
    0.031       472.00          1011.77        2155.09         3581.75         5053.13  
    0.038       486.82          1027.30        2182.93         3522.49         4712.64  
    0.044       516.38          1090.85        2157.73         3496.45         4569.71  
    0.050       552.08          1155.24        2139.21         3484.98         4712.31  
    0.056       586.04          1232.54        2125.35         3500.34         4722.15  
    0.062       606.70          1272.94        2133.79         3547.40         4686.93  
    0.069       613.23          1260.85        2148.42         3505.19         4667.30  
    0.075       618.09          1289.53        2113.11         3488.27         4724.83  
    0.081       624.88          1372.96        1894.65         3498.03         4753.11  
    0.088       624.89          1327.72        1781.27         3509.78         4725.18  
    0.094       611.00          1265.23        1802.95         3503.20         4658.75  
    0.100       586.44          1189.45        1788.69         3510.19         4585.70  
    0.106       526.80          1005.28        1958.80         3538.62         4577.91  
    0.113       461.13          959.10        2162.42         3549.85         4597.27  
    0.119       453.50          916.35        2185.77         3534.38         4623.10  
    0.125       430.85          654.05        2230.13         3834.37         4721.69  
    0.131       310.39          696.13        2299.06         3897.65         4830.30  
    0.138       262.76          742.49        2402.46         3896.62         4968.07  
    0.144       254.83          721.60        2395.52         3899.76         4970.23  
    0.150       229.63          723.01        2390.78         3888.25         4959.64  
    0.156       190.20          727.06        2504.99         3896.29         4887.75  
    0.163       56.72          234.34        1300.63         2973.88         4281.64  
    0.169       0          0        726.09         2542.76         4045.71  
    0.175       0          0        722.10         2570.11         4146.70  
    0.181       131.39          455.96        1933.52         3566.63         4646.06  
    0.188       62.40          609.57        2412.31         4028.77         4454.45  
    0.194       0          628.29        2227.30         3559.65         4304.46  
    0.200       0          672.91        2192.82         3342.40         4279.04  
    0.206       0          703.23        2290.34         3722.13         4043.24  
    0.213       0          612.70        1992.92         3352.03         4073.08  
    0.219       206.52          1273.11        2533.20         3909.98         5060.62  
    0.225       98.08          1391.36        2014.01         3395.59         4871.85  
    0.231       0          1164.18        1602.12         2967.46         4538.71  
    0.238       0          355.95        1597.55         2956.01         4490.96  
    0.244       197.81          1104.68        2313.55         3678.26         4617.79  
    0.250       310.02          1662.33        2412.61         3838.41         4769.10  
    0.256       338.17          1686.65        2233.29         3710.19         4817.23  
    0.263       331.71          1792.25        2000.50         3754.24         4986.69  
    0.269       338.18          1748.97        1890.98         3733.54         5139.06  
    0.275       362.42          1672.98        1937.56         3695.12         5327.29  
    0.281       119.39          533.72        891.13         2562.75         4228.92  
    0.288       263.00          1295.80        1513.98         3108.97         4733.29  
    0.294       386.53          2009.04        2100.04         3629.56         5158.42  
    0.300       383.26          2091.20        2144.00         3615.08         5040.35  
    0.306       123.01          939.83        2211.89         3279.96         4931.69  
    0.312       0          383.71        2213.64         3306.31         5005.98  
    0.319       0          381.01        2168.22         3327.61         4989.35  
    0.325       0          381.87        2142.97         3325.69         4867.85  
    0.331       0          383.86        2118.35         3413.26         4854.96  
    0.338       0          383.67        2089.00         3297.82         4734.93  
    0.344       0          384.65        2075.53         3208.36         4694.54  
    0.350       0          385.62        2080.84         3335.21         4509.70  
    0.356       0          385.04        2101.28         3447.15         4340.29  
    0.363       0          384.07        2119.71         3458.24         4421.14  
    0.369       0          380.98        2126.09         3473.85         4861.70  
    0.375       0          373.64        2108.58         3473.56         4900.51  
    0.381       0          367.04        2084.82         3315.99         4723.74  
    0.388       0          364.10        2085.09         3270.55         4727.28  
    0.394       0          348.63        2078.28         3317.20         4750.19  
    0.400       0          326.71        2058.11         3437.51         4741.58  
    0.406       0          313.53        2038.09         3472.50         4707.26  
    0.413       0          317.14        2022.70         3432.13         4617.48  
    0.419       0          321.31        2023.12         3435.17         4587.46  
    0.425       208.50          1480.18        2834.42         4069.87         5207.03  
    