0.025       575.67          1012.18        2315.84         3441.49         4278.91  
    0.031       576.51          1011.27        2329.36         3447.56         4261.68  
    0.038       581.70          1015.38        2400.58         3492.08         4347.52  
    0.044       589.14          1028.43        2429.70         3502.77         4675.51  
    0.050       591.40          1040.84        2362.76         3487.47         4973.36  
    0.056       590.46          1049.34        2295.19         3497.01         4907.97  
    0.062       588.94          1052.44        2288.36         3521.88         4740.26  
    0.069       585.90          1048.29        2326.27         3564.17         4618.93  
    0.075       574.43          1035.96        2426.49         3516.21         4639.53  
    0.081       559.21          1017.81        2413.00         3457.07         4616.73  
    0.088       542.12          998.77        2309.20         3438.05         4479.57  
    0.094       515.46          991.33        2268.55         3442.31         4476.92  
    0.100       490.72          1000.32        2324.02         3466.30         4604.72  
    0.106       472.04          1017.37        2388.22         3589.15         4890.70  
    0.113       491.74          988.27        2404.89         3668.78         5055.86  
    0.119       567.39          994.04        2421.11         3653.08         4925.44  
    0.125       619.71          991.80        2454.40         3622.48         4816.87  
    0.131       652.13          844.29        2502.16         3623.78         4776.62  
    0.138       755.63          880.23        2608.89         3872.84         5198.84  
    0.144       701.80          1199.27        2691.70         4073.18         5500.00  
    0.150       623.27          1440.72        2697.41         4086.37         5500.00  
    0.156       654.76          1261.77        2613.31         3958.13         5500.00  
    0.163       273.95          1041.05        2408.62         3420.36         4737.79  
    0.169       0          404.63        1636.51         2784.33         3683.43  
    0.175       0          0        1239.49         2625.05         3267.07  
    0.181       0          614.41        1560.29         2886.09         3747.83  
    0.188       0          1053.10        1714.55         3092.81         4029.05  
    0.194       437.33          1260.73        2254.54         3317.45         4487.17  
    0.200       875.94          1383.19        2719.84         3489.19         5229.18  
    0.206       393.42          1187.78        2357.79         3275.71         4573.96  
    0.213       0          1082.54        2143.03         3181.95         4177.22  
    0.219       0          444.63        1554.49         2689.63         3715.73  
    0.225       432.60          1019.65        1866.67         2931.19         4187.55  
    0.231       640.20          1698.06        2277.02         3367.63         4763.47  
    0.238       527.57          1788.99        2357.09         3393.11         4798.89  
    0.244       198.74          751.94        2027.20         2784.90         4081.22  
    0.250       0          0        1642.65         2400.43         3619.20  
    0.256       0          0        1456.35         2336.50         3610.39  
    0.263       182.78          1325.95        2123.93         3077.42         4722.94  
    0.269       313.64          2228.14        2679.13         3617.88         4723.08  
    0.275       312.12          2232.39        2719.51         3622.97         4092.55  
    0.281       316.12          2245.57        2749.74         3647.36         4115.30  
    0.288       318.47          2249.72        2801.96         3667.56         4250.23  
    0.294       312.66          2244.06        2832.09         3674.30         4293.43  
    0.300       310.87          2241.06        2834.06         3683.17         4228.19  
    0.306       310.63          2239.21        2842.92         3699.40         4244.56  
    0.312       306.55          2249.70        2859.06         3704.51         4364.51  
    0.319       303.41          2268.07        2857.64         3700.76         4465.17  
    0.325       302.99          2276.04        2838.59         3709.42         4560.93  
    0.331       304.35          2274.46        2768.12         3711.45         4500.42  
    0.338       312.24          2289.36        2600.67         3673.82         4368.79  
    0.344       325.22          2321.28        2464.58         3590.40         4303.37  
    0.350       331.44          2328.08        2573.51         3568.14         4290.79  
    0.356       329.74          2316.32        2676.99         3673.50         4371.74  
    0.363       326.15          2311.62        2675.59         3734.93         4498.32  
    0.369       323.61          2287.67        2741.90         3755.57         4529.43  
    0.375       325.49          2276.61        2797.98         3769.35         4489.71  
    0.381       328.52          2283.06        2761.41         3779.82         4450.33  
    0.388       324.77          2285.11        2796.16         3894.63         4449.07  
    0.394       322.80          2298.47        2815.97         3946.03         4380.60  
    0.400       323.48          2323.16        2772.48         3786.98         4334.57  
    0.406       324.89          2313.33        2767.52         3748.73         4307.15  
    0.413       328.49          2290.14        2788.65         3762.44         4243.73  
    0.419       328.24          2337.59        2796.62         3461.14         4232.80  
    