0.025       479.28          953.79        2223.05         3778.70         4597.75  
    0.031       513.79          952.43        2291.72         3717.11         4517.15  
    0.038       596.63          923.28        2353.27         3734.03         4578.97  
    0.044       620.99          937.57        2375.10         3759.41         4575.04  
    0.050       670.13          943.27        2402.07         3846.75         4803.71  
    0.056       768.92          897.48        2440.79         3892.54         4693.76  
    0.062       800.22          859.07        2468.10         3923.25         4893.25  
    0.069       790.63          835.58        2463.42         3828.13         4753.08  
    0.075       694.27          959.68        2409.26         3845.59         4748.40  
    0.081       696.53          998.04        2358.80         3789.23         4822.59  
    0.088       664.94          1034.25        2321.62         3776.61         4808.53  
    0.094       615.33          1116.20        2279.50         3759.68         4855.30  
    0.100       544.95          1123.28        2317.24         3731.91         4782.40  
    0.106       502.07          1002.98        2383.38         3636.89         4801.48  
    0.113       460.18          858.89        2223.96         3641.62         4917.65  
    0.119       314.59          809.97        2361.11         3770.19         5301.38  
    0.125       350.57          884.19        2430.08         3764.55         5492.89  
    0.131       400.27          924.38        2526.07         3782.16         5500.00  
    0.138       453.65          962.48        2615.12         3965.88         5500.00  
    0.144       523.18          952.92        2639.18         4018.70         5500.00  
    0.150       540.06          944.28        2544.43         3791.11         5500.00  
    0.156       529.43          935.19        2457.97         3704.87         5500.00  
    0.163       524.13          942.57        2587.03         3715.67         5500.00  
    0.169       522.53          948.78        2659.95         3708.96         5500.00  
    0.175       564.66          951.34        2636.34         3728.73         5500.00  
    0.181       825.16          864.90        2771.62         3815.19         5500.00  
    0.188       705.90          1011.77        2774.35         3859.11         5500.00  
    0.194       27.17          602.32        1471.62         2754.15         4332.84  
    0.200       503.75          1606.73        2360.48         4521.88         5452.92  
    0.206       465.52          1795.61        2326.46         4186.70         4895.58  
    0.213       287.52          1821.92        2418.72         3692.92         4825.82  
    0.219       261.76          2013.81        2345.93         3486.79         5079.00  
    0.225       263.78          2170.82        2622.63         3518.07         5484.07  
    0.231       261.74          2196.09        2710.01         3518.47         5500.00  
    0.238       270.02          2228.13        2821.33         3548.13         5500.00  
    0.244       290.73          2249.82        2945.35         3559.81         5500.00  
    0.250       302.71          2257.48        3004.47         3577.50         4363.31  
    0.256       305.44          2290.68        3100.74         3628.75         4088.74  
    0.263       307.21          2320.65        3190.46         3685.93         5444.92  
    0.269       11.91          384.76        2341.49         3199.51         3742.60  
    0.275       288.99          2223.74        3050.70         3610.19         5429.11  
    0.281       296.96          2300.68        3056.61         3620.35         5500.00  
    0.288       296.75          2303.20        2996.01         3635.94         5500.00  
    0.294       296.91          2304.50        2967.47         3641.56         5500.00  
    0.300       296.49          2315.94        3093.48         3677.52         5500.00  
    0.306       291.40          2322.94        3188.98         3670.72         5500.00  
    0.312       286.54          2341.06        3110.07         3612.35         5500.00  
    0.319       282.78          2417.57        3331.93         3547.59         5500.00  
    0.325       276.13          2400.23        3302.94         3634.41         5342.30  
    0.331       267.07          2384.60        3111.07         3655.56         4606.46  
    0.338       10.34          363.62        2481.17         3568.49         4013.42  
    0.344       0          298.12        2477.39         3497.12         4210.09  
    0.350       0          282.25        2486.63         3530.78         4455.74  
    0.356       253.92          2446.91        2697.18         3576.69         4882.91  
    