0.025       0          856.22        2508.42         4056.37         4163.30  
    0.031       0          782.42        2564.38         3878.69         4164.57  
    0.038       0          577.28        2767.94         3170.54         4103.88  
    0.044       0          3.92        652.81         3155.12         3321.23  
    0.050       185.40          748.09        2748.21         3418.82         4288.15  
    0.056       419.10          749.18        2649.27         3426.46         4888.31  
    0.062       482.61          751.89        2644.35         3384.15         4874.92  
    0.069       464.94          851.86        2795.76         3557.81         4974.50  
    0.075       3.16          713.31        2086.59         3253.80         4362.34  
    0.081       381.75          2044.19        2869.36         4393.42         5492.23  
    0.088       2.61          1189.38        2228.13         3202.94         4506.99  
    0.094       0          1727.16        2529.73         3496.37         4599.80  
    0.100       0          1782.21        2794.48         3725.66         4508.64  
    0.106       0          1748.93        2676.39         4470.54         4625.19  
    0.113       0          1637.24        2662.57         3818.91         4731.73  
    0.119       0          1772.24        2674.39         3670.74         4766.33  
    0.125       0          2034.09        2425.61         3509.78         4745.04  
    0.131       0          1550.63        2407.50         3366.82         4525.86  
    0.138       0          1714.51        2684.83         3572.37         4473.07  
    0.144       0          1858.25        2780.68         3555.06         4508.56  
    0.150       0          1835.95        2651.75         3728.10         4629.06  
    0.156       0          1335.08        2262.93         3679.95         4581.50  
    0.163       0          1747.02        2323.43         3676.59         4601.42  
    0.169       0          1713.10        2345.59         3511.20         4559.43  
    0.175       0          1582.41        2316.70         3418.10         4445.12  
    0.181       0          1350.87        2416.28         3312.04         4417.22  
    0.188       0          1834.23        2481.18         3378.40         4492.78  
    0.194       0          12.50        16.88         2408.72         3369.31  
    0.200       139.12          2350.55        3250.92         4459.26         4501.11  
    0.206       299.92          2117.21        2771.38         3579.42         4646.91  
    0.213       315.61          2069.71        2882.54         3548.75         4644.55  
    0.219       315.45          2081.29        2812.52         3480.31         4694.78  
    0.225       315.15          2109.62        2829.33         3503.39         4969.01  
    0.231       314.89          2130.36        2924.84         3465.56         4966.97  
    0.238       316.87          2093.55        2929.48         3440.19         4777.85  
    0.244       315.94          2075.73        2964.20         3475.46         4844.15  
    0.250       316.11          2078.85        2961.72         3497.48         5495.54  
    0.256       314.78          2060.99        2959.26         3500.22         5276.19  
    0.263       309.93          2057.86        3006.29         3483.27         5257.83  
    0.269       310.04          2055.67        3018.63         3457.18         5131.20  
    0.275       307.85          2058.74        3006.81         3458.01         5084.41  
    0.281       305.42          2061.18        3006.14         3458.89         5279.43  
    0.288       303.78          2088.33        3043.81         3487.16         5386.54  
    0.294       303.90          2098.78        3038.69         3499.93         5237.86  
    0.300       304.13          2094.32        3048.15         3508.00         5211.61  
    0.306       304.77          2091.02        3043.88         3511.93         5171.21  
    0.312       299.24          2083.87        3064.50         3494.08         5225.00  
    0.319       294.61          2102.14        3099.63         3486.57         5498.13  
    0.325       293.30          2082.67        3146.86         3490.10         5500.00  
    0.331       292.41          2073.04        3159.88         3508.59         5500.00  
    0.338       291.52          2074.55        3144.53         3512.95         5500.00  
    0.344       287.54          2093.00        3118.27         3507.72         5246.22  
    0.350       280.95          2125.43        3119.36         3490.62         5191.43  
    0.356       276.27          2127.34        3102.59         3483.99         5245.93  
    0.363       274.38          2111.59        3131.32         3509.69         5223.86  
    0.369       269.04          2111.32        3175.69         3550.03         5200.93  
    0.375       270.36          2109.66        3181.67         3555.89         5223.84  
    0.381       273.96          2120.26        3181.65         3552.36         5090.01  
    0.388       273.84          2181.04        3185.38         3586.28         5276.11  
    0.394       273.37          2145.16        3217.53         3613.02         5287.85  
    0.400       272.53          2117.94        3280.30         3610.08         5124.48  
    0.406       273.06          2131.75        3222.48         3597.38         5371.69  
    0.413       278.13          2162.29        3224.53         3582.94         5285.28  
    0.419       287.65          2172.37        3300.13         3576.36         5219.81  
    0.425       322.98          2182.95        3378.65         3958.28         5498.09  
    0.431       313.76          2202.49        3325.55         4099.87         5500.00  
    0.438       302.75          2239.52        3273.69         4076.85         5500.00  
    0.444       2.06          319.83        2273.85         3329.74         4079.01  
    0.450       0          308.59        2259.47         3324.42         4020.08  
    0.456       0          319.57        2494.80         3249.74         4050.18  
    0.463       0          328.35        2574.55         3259.79         4095.31  
    0.469       0          343.62        2397.15         3260.73         4155.72  
    0.475       0          338.40        2279.13         3245.85         4282.83  
    0.481       0          317.01        2274.54         3304.97         4317.49  
    0.488       0          329.71        2315.10         3332.28         4228.40  
    0.494       0          336.24        2483.03         3300.99         3987.86  
    0.500       0          308.41        2705.34         3169.96         4097.55  
    0.506       0          364.88        2452.74         3379.10         4064.03  
    0.513       0          390.68        2291.00         3472.89         4179.13  
    