0.025       510.37          946.44        2177.09         3765.95         4615.47  
    0.031       546.20          936.64        2250.33         3733.32         4454.24  
    0.038       585.83          935.98        2323.24         3732.98         4504.85  
    0.044       603.24          941.33        2351.05         3758.93         4591.44  
    0.050       619.51          947.89        2365.77         3791.31         4700.69  
    0.056       641.85          948.78        2391.97         3835.18         4697.87  
    0.062       661.63          939.83        2412.89         3853.35         4743.30  
    0.069       651.11          937.75        2422.89         3826.83         4768.90  
    0.075       643.57          946.32        2394.80         3814.55         4779.36  
    0.081       650.23          952.33        2351.53         3781.18         4790.75  
    0.088       639.77          954.87        2314.75         3763.98         4814.75  
    0.094       618.28          975.86        2282.87         3763.66         4883.78  
    0.100       571.99          975.37        2315.16         3755.02         4849.19  
    0.106       517.50          925.68        2353.74         3668.53         4744.41  
    0.113       431.50          885.58        2271.23         3646.29         4750.94  
    0.119       346.65          860.35        2301.87         3714.77         4726.52  
    0.125       367.69          884.26        2357.49         3718.11         4745.60  
    0.131       414.79          922.47        2454.42         3739.04         4981.43  
    0.138       460.18          948.34        2549.64         3867.74         5318.39  
    0.144       514.56          946.39        2595.87         3942.48         5476.82  
    0.150       536.42          937.39        2527.52         3807.40         5500.00  
    0.156       532.98          933.86        2456.23         3714.35         5409.81  
    0.163       532.31          938.78        2548.79         3708.84         5460.51  
    0.169       531.79          945.10        2626.57         3707.95         5500.00  
    0.175       567.36          946.41        2627.77         3722.48         5500.00  
    0.181       754.03          910.19        2719.52         3790.89         5500.00  
    0.188       252.41          745.73        1539.33         3088.79         4373.13  
    0.194       0          615.07        1344.45         2714.99         4246.38  
    0.200       338.82          1332.82        2103.22         3997.74         5167.13  
    0.206       362.75          1767.78        2304.23         4081.58         5058.71  
    0.213       269.93          1831.10        2341.70         3671.98         4842.88  
    0.219       248.01          2087.16        2353.63         3542.79         5296.87  
    0.225       237.79          2201.67        2607.89         3538.61         5500.00  
    0.231       226.93          2220.62        2775.98         3560.55         5500.00  
    0.238       226.03          2249.90        3010.84         3577.75         4587.12  
    0.244       237.81          2262.64        3353.66         3536.69         3754.21  
    0.250       251.17          2261.31        3279.35         3516.44         3653.89  
    0.256       257.79          2281.75        3177.08         3495.93         3708.97  
    0.263       262.14          2307.39        3384.27         3644.38         4956.70  
    0.269       80.25          890.13        2657.07         3535.10         4226.90  
    0.275       0          264.87        2290.70         3407.28         3644.58  
    0.281       0          265.34        2299.12         3404.84         3631.89  
    0.288       0          269.34        2327.25         3477.69         3643.53  
    0.294       0          274.10        2331.74         3447.85         3656.70  
    0.300       0          278.07        2323.51         3433.00         3681.24  
    0.306       0          277.01        2322.38         3427.92         3679.22  
    0.312       0          273.58        2352.33         3431.39         3661.95  
    0.319       0          270.93        2405.71         3571.78         3671.35  
    0.325       0          265.84        2405.61         3557.52         3671.78  
    0.331       177.88          1745.62        3153.21         3621.48         4518.50  
    