0.025       517.50          875.02        2690.46         4219.87         5042.15  
    0.031       538.01          869.82        2576.25         4173.91         5036.75  
    0.038       561.46          870.89        2475.86         4126.90         5039.08  
    0.044       591.59          876.32        2492.60         4128.36         5012.54  
    0.050       613.75          883.25        2510.38         4110.85         4857.74  
    0.056       625.84          904.52        2431.64         4050.40         4798.23  
    0.062       629.66          909.53        2461.67         3995.92         4774.74  
    0.069       633.74          913.13        2495.68         3986.85         4787.37  
    0.075       654.79          911.07        2263.28         3942.80         4773.46  
    0.081       669.98          869.10        2182.27         3959.19         4868.98  
    0.088       658.24          823.90        2149.68         3950.38         4911.21  
    0.094       579.26          857.67        2310.67         3955.51         4908.99  
    0.100       537.01          863.42        2679.84         3976.80         4936.33  
    0.106       268.90          827.70        2788.11         3969.31         4923.38  
    0.113       219.53          867.12        2832.63         3928.65         4950.53  
    0.119       411.66          890.74        2892.21         3949.48         5006.05  
    0.125       481.05          878.10        2929.79         3933.40         4968.26  
    0.131       524.08          833.80        2765.93         3857.59         5055.69  
    0.138       686.63          746.13        2784.24         3943.86         5449.55  
    0.144       577.49          771.82        2891.44         4065.79         5500.00  
    0.150       65.43          807.59        2254.16         3113.89         4376.63  
    0.156       0          755.89        2018.64         3035.78         4241.50  
    0.163       0          711.78        1948.45         3309.44         4229.60  
    0.169       0          685.21        2021.65         3308.21         4245.83  
    0.175       0          671.13        2067.31         3321.61         4334.48  
    0.181       0          628.87        2092.56         3348.19         4371.31  
    0.188       0          616.56        2130.66         3185.97         4384.51  
    0.194       584.02          1817.00        2827.49         3884.83         4874.63  
    0.200       738.31          1947.68        2854.67         3854.55         4925.93  
    0.206       87.41          1816.61        2425.34         3687.36         4947.02  
    0.213       0          210.18        1899.78         2526.26         3997.40  
    0.219       231.58          1747.00        2253.42         3889.56         4673.48  
    0.225       302.79          1959.32        2259.02         4274.39         4661.83  
    0.231       327.69          1979.24        2278.17         4395.39         4821.15  
    0.238       333.47          2042.53        2339.43         4450.04         4982.87  
    0.244       331.12          2078.97        2411.69         4445.31         5038.92  
    0.250       324.62          2094.35        2435.96         4432.65         5048.62  
    0.256       318.34          2150.75        2455.69         4432.49         5016.92  
    0.263       312.79          2196.59        2580.72         4434.24         5003.43  
    0.269       311.01          2222.58        2747.79         4426.31         4955.43  
    0.275       313.36          2222.62        2934.60         4424.74         4972.54  
    0.281       314.82          2216.19        2931.67         4417.64         5005.27  
    0.288       315.48          2215.14        2909.90         4425.14         4957.15  
    0.294       313.56          2211.82        2870.13         4431.01         4925.17  
    0.300       311.80          2216.26        2874.96         4416.77         4942.21  
    0.306       308.48          2219.89        2835.06         4409.55         4892.22  
    0.312       306.13          2220.64        2844.19         4402.26         4855.64  
    0.319       303.18          2221.46        2888.85         4392.34         4836.85  
    0.325       298.09          2228.57        2869.98         4402.89         4848.79  
    0.331       297.53          2231.15        2872.80         4419.32         4866.07  
    0.338       296.50          2232.81        2861.31         4416.56         4848.25  
    0.344       293.36          2233.39        2688.56         4387.84         4906.58  
    0.350       287.80          2237.03        2752.20         4350.96         4977.54  
    0.356       274.86          2237.35        3064.56         4368.68         5008.50  
    