0.025       574.04          1280.54        2123.17         3643.88         4905.88  
    0.031       565.79          1374.99        2229.76         3602.60         4912.48  
    0.038       555.55          1556.49        2409.55         3599.79         4912.64  
    0.044       554.04          1647.16        2499.16         3684.31         4860.97  
    0.050       560.63          1698.18        2484.68         3756.51         4873.15  
    0.056       574.52          1767.23        2500.03         3904.91         5285.14  
    0.062       586.52          1777.65        2471.52         3995.68         5311.15  
    0.069       597.31          1772.03        2464.64         4028.15         5080.88  
    0.075       213.56          1027.95        2091.50         3202.28         4511.06  
    0.081       400.01          1404.53        2352.33         3566.61         5051.01  
    0.088       616.43          1806.05        2474.98         3913.33         5059.90  
    0.094       607.25          1793.63        2353.17         3728.94         4671.92  
    0.100       597.46          1791.78        2623.17         3596.23         4625.99  
    0.106       211.01          1019.48        2142.24         3358.53         4215.74  
    0.113       0          602.47        1754.81         3277.00         3868.78  
    0.119       0          618.21        1798.16         3338.68         3616.31  
    0.125       0          666.39        2135.80         3301.41         3500.80  
    0.131       0          714.58        2513.48         2907.69         3531.88  
    0.138       0          651.46        2514.78         2676.55         3643.40  
    0.144       0          595.42        1580.21         2962.45         3771.81  
    0.150       373.49          780.96        2209.43         3531.68         4651.40  
    0.156       569.91          841.55        2671.23         3844.22         5033.87  
    0.163       560.62          773.66        2701.10         4091.92         5319.19  
    0.169       198.26          646.28        2068.32         3436.87         4758.56  
    0.175       0          618.04        1719.70         3087.84         4392.86  
    0.181       0          653.38        1964.51         3173.07         4402.98  
    0.188       401.72          1540.02        2662.28         3782.66         5107.84  
    0.194       633.19          1569.49        2798.57         3940.24         5500.00  
    0.200       226.86          908.31        2230.02         3470.47         4718.53  
    0.206       0          688.49        1890.12         3301.82         4245.96  
    0.213       0          658.12        1804.44         3337.55         4235.92  
    0.219       395.27          1280.54        2781.99         3781.66         5053.71  
    0.225       596.73          1589.51        3080.68         4034.01         5500.00  
    0.231       618.99          1511.22        3002.82         4067.86         5500.00  
    0.238       225.90          959.40        2085.61         3577.37         4553.03  
    0.244       436.61          1344.52        2583.70         3782.03         4978.57  
    0.250       240.41          981.24        2210.05         3439.68         4446.40  
    0.256       0          907.74        1724.38         3124.75         3930.48  
    0.263       185.52          1702.49        2294.46         3495.26         4955.22  
    0.269       300.72          2078.27        2466.21         3457.04         5254.04  
    0.275       320.55          2137.75        2523.45         3354.37         5364.56  
    0.281       328.84          2163.18        2741.59         3394.03         5500.00  
    0.288       331.49          2198.19        2916.45         3434.22         5389.07  
    0.294       329.45          2197.44        2986.05         3509.21         5286.17  
    0.300       322.47          2160.62        2992.84         3538.83         5299.39  
    0.306       314.94          2150.47        2990.25         3539.74         5316.09  
    0.312       312.39          2204.89        3002.64         3540.26         5317.13  
    0.319       312.41          2235.46        3045.38         3550.34         5367.57  
    0.325       310.45          2229.24        3074.80         3571.29         5462.54  
    0.331       307.63          2228.59        3089.52         3603.13         5500.00  
    0.338       305.95          2228.89        3093.09         3622.56         5373.39  
    0.344       305.70          2220.58        3095.58         3624.11         5430.28  
    0.350       305.34          2214.05        3113.24         3638.69         5500.00  
    0.356       304.51          2215.14        3126.15         3649.21         5454.70  
    0.363       302.61          2201.39        3133.88         3624.83         5391.50  
    0.369       300.23          2187.07        3146.73         3630.30         5374.33  
    0.375       299.36          2180.40        3162.97         3647.76         5400.92  
    0.381       297.44          2169.06        3146.87         3608.31         5377.27  
    0.388       295.42          2165.42        3117.39         3567.34         5408.98  
    0.394       293.96          2170.74        3109.73         3542.51         5477.87  
    0.400       294.45          2178.95        3137.48         3549.34         5424.51  
    0.406       295.09          2182.09        3148.47         3572.57         5342.75  
    0.413       296.43          2187.37        3168.40         3586.90         5279.68  
    0.419       298.17          2191.20        3211.78         3572.37         5251.78  
    0.425       298.27          2189.97        3193.25         3564.73         5330.70  
    0.431       297.56          2196.34        3179.62         3606.79         5455.89  
    0.438       296.96          2213.13        3163.29         3631.16         5500.00  
    0.444       297.79          2238.85        3186.81         3607.22         5500.00  
    0.450       290.65          2240.75        3251.14         3629.66         5500.00  
    0.456       284.79          2240.46        3306.43         3599.77         5281.60  
    0.463       292.72          2004.62        3080.15         3515.13         5058.66  
    0.469       275.01          1767.28        2864.15         3466.39         4977.52  
    0.475       259.80          1832.78        2915.77         3480.19         4904.73  
    0.481       250.44          2104.10        3238.46         3474.38         4712.96  
    0.488       87.40          942.04        2690.40         3432.10         4389.83  
    0.494       0          241.94        2347.66         3365.24         4301.08  
    0.500       158.13          1407.52        2801.25         3654.93         4440.74  
    0.506       87.07          890.05        3053.19         3815.80         4546.51  
    0.513       158.43          1292.22        3135.25         4005.16         4572.26  
    