0.025       486.28          930.49        2363.14         4185.31         4927.41  
    0.031       500.95          919.73        2442.93         3958.30         4923.65  
    0.038       513.14          913.76        2579.06         3792.00         4915.72  
    0.044       522.41          903.72        2498.07         3405.87         4951.11  
    0.050       554.51          881.65        2372.85         3226.54         4973.75  
    0.056       575.97          861.06        2346.80         3227.83         4965.60  
    0.062       564.96          852.16        2337.43         3140.50         5082.19  
    0.069       578.58          803.84        2350.61         3122.20         5185.10  
    0.075       575.48          754.25        2363.36         3332.03         5344.24  
    0.081       569.84          705.18        2364.39         3560.39         5471.36  
    0.088       503.25          814.46        2488.20         3675.42         5290.41  
    0.094       477.64          858.16        2486.90         3646.55         4942.49  
    0.100       489.46          907.99        2551.47         3918.73         5315.02  
    0.106       507.49          898.18        2452.46         3880.73         5500.00  
    0.113       541.49          752.87        2416.33         3959.32         5500.00  
    0.119       154.65          591.45        1450.98         3027.99         4600.39  
    0.125       390.33          771.34        2062.53         3462.01         4805.06  
    0.131       568.36          914.45        2396.71         3814.93         4939.71  
    0.138       571.02          1086.07        2364.03         3839.33         5334.45  
    0.144       550.09          1066.69        2445.80         3742.26         5270.12  
    0.150       151.97          680.71        1981.96         2922.12         4566.58  
    0.156       408.58          828.81        2363.28         3723.58         5172.03  
    0.163       574.48          944.62        2614.79         4207.52         5500.00  
    0.169       572.42          1015.61        2712.86         3930.36         5050.99  
    0.175       642.77          2101.28        2723.38         3896.06         4814.11  
    0.181       712.75          2570.87        2838.52         4024.34         4672.38  
    0.188       523.84          2397.02        3017.80         4162.81         4555.87  
    0.194       373.67          2208.34        2721.43         3851.86         5228.11  
    0.200       334.43          2186.71        2601.42         3787.70         5500.00  
    0.206       318.45          2204.41        2688.14         3821.53         5500.00  
    0.213       324.97          2325.78        2878.52         3858.46         5500.00  
    0.219       330.77          2361.98        2981.44         3888.33         5500.00  
    0.225       332.38          2261.79        3046.42         3896.85         5500.00  
    0.231       333.99          2213.06        3125.07         3915.81         5500.00  
    0.238       320.30          2244.81        3134.07         3890.34         5500.00  
    0.244       307.89          2250.67        3126.23         3887.09         5500.00  
    0.250       298.42          2246.44        3131.83         3909.44         5500.00  
    0.256       297.81          2260.63        3136.86         3912.50         5500.00  
    0.263       83.55          860.28        2595.00         3432.33         4364.77  
    0.269       0          312.26        2402.02         3237.35         3934.31  
    0.275       0          308.97        2365.52         3175.35         3894.26  
    0.281       0          302.63        2327.24         3121.47         3880.48  
    0.288       0          303.68        2335.51         3134.01         3819.28  
    0.294       0          311.86        2342.40         3168.19         3849.09  
    0.300       0          331.51        2352.98         3256.05         4034.71  
    0.306       0          340.26        2421.85         3321.39         4150.46  
    0.312       0          305.53        2407.08         3340.29         4338.76  
    0.319       0          252.36        2343.41         3350.89         4557.81  
    0.325       0          253.93        2393.32         3371.27         4398.13  
    0.331       0          224.17        2412.47         3434.28         4113.67  
    0.338       161.90          1581.07        2416.73         3407.90         4663.54  
    0.344       254.39          2246.49        2894.22         3556.77         5334.14  
    0.350       74.40          875.20        2437.82         3142.01         4410.33  
    0.356       0          361.81        2222.41         3132.12         3864.82  
    0.363       0          380.81        2289.39         3331.56         3720.09  
    0.369       275.09          1518.60        2309.50         3586.46         4768.43  
    0.375       374.89          1900.41        2354.70         3720.41         4926.82  
    0.381       388.99          1860.36        2378.03         3631.69         4589.87  
    0.388       403.69          1856.07        2425.10         3596.59         4474.27  
    