0.025       0          710.26        1498.70         2890.09         3936.71  
    0.031       0          756.43        1504.05         2816.26         4006.09  
    0.038       0          788.16        1516.93         2829.80         4069.08  
    0.044       0          803.54        1586.17         2847.18         4250.55  
    0.050       0          798.67        1650.53         2826.37         4177.77  
    0.056       0          791.50        1684.57         2799.77         4174.80  
    0.062       0          788.81        1732.87         2783.72         4231.19  
    0.069       0          784.75        1759.54         2782.69         4156.62  
    0.075       0          779.87        1749.08         2780.99         4109.08  
    0.081       0          778.93        1746.24         2775.06         4085.31  
    0.088       0          777.35        1754.63         2778.84         4140.32  
    0.094       0          775.05        1724.51         2801.12         4116.03  
    0.100       0          768.87        1655.35         2842.86         4030.56  
    0.106       0          776.54        1603.64         2903.60         3867.56  
    0.113       0          790.70        1539.18         2914.35         3873.61  
    0.119       0          793.33        1512.05         2831.40         3998.18  
    0.125       0          717.62        1661.83         2734.01         4004.66  
    0.131       0          609.01        1585.47         2548.46         3981.24  
    0.138       175.76          812.19        2216.45         3535.95         4536.35  
    0.144       244.78          861.75        2444.47         3695.07         4587.76  
    0.150       274.64          856.92        2524.38         3752.51         4635.83  
    0.156       271.58          848.70        2484.45         3820.88         4808.45  
    0.163       215.96          840.33        2574.27         3878.71         4704.99  
    0.169       40.73          168.69        523.04         1335.26         3370.30  
    0.175       0          601.88        785.42         2460.93         4030.07  
    0.181       0          546.54        828.34         2839.60         4283.43  
    0.188       394.08          847.56        2295.15         3930.85         5255.56  
    0.194       99.22          522.70        1886.04         3099.09         4551.85  
    0.200       288.60          955.74        2444.82         4120.21         4682.07  
    0.206       314.55          1023.93        2634.24         4004.44         5109.84  
    0.213       60.90          538.00        2373.92         3371.37         4489.68  
    0.219       130.10          1775.04        2385.60         4083.17         4773.08  
    0.225       32.76          425.64        2155.51         2773.50         4277.29  
    0.231       198.28          1609.74        2333.68         3669.25         4675.05  
    0.238       265.85          1971.85        2382.29         4040.43         4698.54  
    0.244       269.55          2041.33        2335.92         3929.81         4775.97  
    0.250       279.11          2111.43        2331.28         3866.10         5359.77  
    0.256       294.53          2151.08        2380.97         3899.21         4858.36  
    0.263       308.47          2149.13        2397.73         3892.56         4265.20  
    0.269       62.58          684.96        2196.47         2687.11         3921.52  
    0.275       262.33          1787.77        2284.45         3382.71         3827.84  
    0.281       66.05          700.98        2210.76         2548.49         3750.38  
    0.288       0          337.47        2207.40         2321.34         3806.24  
    0.294       0          344.96        2210.14         2453.04         3899.39  
    0.300       0          346.37        2197.14         2755.72         4003.15  
    0.306       0          345.71        2204.44         2890.62         3952.22  
    0.312       0          351.00        2211.40         2850.82         3890.80  
    0.319       0          350.95        2215.29         2846.61         3944.53  
    0.325       0          350.11        2217.13         2842.94         3973.80  
    0.331       0          351.22        2209.92         2854.92         3980.49  
    0.338       0          351.10        2204.28         2874.81         3943.52  
    0.344       0          346.56        2198.45         2881.65         3933.77  
    0.350       0          345.20        2199.18         2918.11         3915.65  
    0.356       0          346.73        2202.24         3000.86         3890.13  
    0.363       0          348.60        2197.32         3030.64         3901.00  
    0.369       0          350.88        2198.81         3017.17         3914.10  
    0.375       0          351.39        2196.50         2995.72         3957.43  
    0.381       0          349.64        2191.63         2991.00         4017.75  
    