0.025       564.51          1338.03        2119.77         3587.74         4647.20  
    0.031       561.32          1453.93        2201.29         3556.13         5106.68  
    0.038       550.32          1574.97        2302.95         3528.27         4947.04  
    0.044       547.64          1623.98        2303.54         3511.59         4845.69  
    0.050       551.41          1652.61        2258.24         3473.39         4852.88  
    0.056       565.14          1709.77        2282.89         3479.08         4966.24  
    0.062       575.22          1756.32        2348.16         3510.68         4926.86  
    0.069       585.64          1777.04        2383.63         3415.80         4812.93  
    0.075       597.58          1863.41        2493.66         3086.21         4731.14  
    0.081       604.99          1860.64        2295.83         3344.65         5001.15  
    0.088       604.88          1759.60        2218.07         3479.95         4731.11  
    0.094       600.11          1732.02        2153.98         3430.42         4583.51  
    0.100       594.47          1727.43        2172.35         3430.70         4651.12  
    0.106       592.28          1741.06        2241.69         3424.60         5167.97  
    0.113       597.39          1711.62        2482.45         3414.81         5488.72  
    0.119       21.55          647.05        1732.63         2571.66         3531.23  
    0.125       0          644.58        1936.20         2322.62         3481.35  
    0.131       0          697.17        953.51         2437.26         3484.61  
    0.138       0          25.21        639.20         2436.10         3523.77  
    0.144       0          570.25        1320.96         2682.08         3473.88  
    0.150       564.26          832.60        2462.67         3329.28         5199.39  
    0.156       584.45          802.50        2407.71         3562.23         4925.07  
    0.163       577.44          671.02        2585.11         3818.70         4905.82  
    0.169       20.81          589.50        1804.11         3033.88         4289.40  
    0.175       0          619.69        1719.31         3120.35         4415.78  
    0.181       0          658.43        1907.51         3209.45         4356.37  
    0.188       0          629.54        2037.08         3183.22         4341.13  
    0.194       605.41          1194.35        2581.89         3714.61         5458.20  
    0.200       22.64          694.91        1983.16         3255.98         4099.59  
    0.206       0          700.08        1893.45         3357.90         4173.36  
    0.213       0          664.06        1808.48         3351.92         4230.90  
    0.219       0          625.06        1713.10         3388.40         4148.34  
    0.225       567.75          1543.00        2969.23         3971.50         5451.15  
    0.231       621.11          1525.92        3020.23         4086.99         5500.00  
    0.238       22.44          697.46        1559.35         3299.13         4013.85  
    0.244       0          699.87        2123.71         3267.69         4268.41  
    0.250       0          421.66        1854.95         3187.44         3558.72  
    0.256       0          1080.57        1833.65         3172.99         3730.40  
    0.263       254.58          2072.99        2535.71         3357.70         4747.17  
    0.269       267.33          2145.99        2460.42         3315.49         5349.06  
    0.275       298.22          2232.75        2567.07         3327.29         5495.32  
    0.281       318.33          2234.95        2743.39         3350.44         5500.00  
    0.288       323.76          2235.82        2818.22         3367.88         5500.00  
    0.294       321.81          2216.50        2860.64         3385.90         5500.00  
    0.300       319.43          2163.75        2898.89         3421.04         5500.00  
    0.306       313.73          2163.00        2921.24         3438.75         5500.00  
    0.312       312.48          2271.89        2946.20         3461.02         5500.00  
    0.319       312.44          2316.88        3011.76         3481.10         5500.00  
    0.325       309.61          2293.72        3040.93         3504.72         5500.00  
    0.331       306.40          2281.23        3048.71         3518.32         5500.00  
    0.338       304.99          2271.89        3054.27         3524.61         5500.00  
    0.344       304.49          2258.44        3064.45         3540.04         5500.00  
    0.350       303.01          2237.55        3074.99         3539.02         5500.00  
    0.356       301.73          2243.82        3080.54         3513.81         5500.00  
    0.363       300.37          2219.24        3092.11         3505.77         5500.00  
    0.369       298.73          2194.73        3109.71         3522.39         5500.00  
    0.375       298.38          2184.24        3135.45         3543.05         5500.00  
    0.381       296.44          2173.91        3140.27         3544.24         5500.00  
    0.388       294.45          2168.89        3119.27         3533.93         5500.00  
    0.394       293.05          2173.43        3130.80         3523.67         5500.00  
    0.400       294.19          2175.99        3155.40         3522.43         5500.00  
    0.406       295.06          2174.08        3141.30         3523.38         5500.00  
    0.413       296.26          2182.37        3143.70         3528.55         5500.00  
    0.419       298.40          2182.12        3178.47         3515.59         5357.87  
    0.425       298.97          2191.42        3176.58         3521.76         5494.68  
    0.431       299.70          2201.24        3179.97         3551.58         5500.00  
    0.438       301.21          2213.43        3165.64         3560.77         5500.00  
    0.444       304.71          2253.53        3167.51         3534.58         5500.00  
    0.450       298.82          2233.06        3193.54         3547.49         5500.00  
    0.456       293.70          2236.94        3214.50         3545.17         5221.41  
    0.463       295.74          2061.60        3168.47         3522.41         5489.58  
    0.469       290.91          1712.51        3085.80         3497.40         5001.12  
    0.475       252.68          1769.23        3083.59         3495.96         4931.40  
    0.481       224.91          2099.22        3220.82         3510.22         4740.63  
    