0.025       585.08          840.78        2219.11         3590.80         4925.58  
    0.031       643.08          820.44        2249.18         3589.15         4897.58  
    0.038       715.56          802.80        2281.31         3628.72         4788.61  
    0.044       727.45          800.79        2271.36         3644.66         4679.41  
    0.050       707.72          793.53        2290.50         3623.91         4635.39  
    0.056       689.71          777.30        2342.79         3604.05         4672.86  
    0.062       680.92          764.67        2375.42         3550.72         4698.30  
    0.069       661.03          763.35        2383.14         3500.70         4655.87  
    0.075       652.51          756.45        2378.05         3480.65         4583.95  
    0.081       669.70          738.41        2377.92         3515.04         4567.06  
    0.088       692.84          722.01        2384.80         3581.56         4567.26  
    0.094       677.89          753.28        2383.56         3611.12         4568.60  
    0.100       631.21          819.83        2368.98         3676.13         4653.30  
    0.106       586.98          865.02        2352.02         3694.26         4744.39  
    0.113       567.01          725.42        2336.01         3668.03         4798.40  
    0.119       571.83          593.54        2324.10         3727.46         4837.93  
    0.125       258.18          262.77        1408.95         2972.05         4299.27  
    0.131       0          0        708.39         2337.30         3822.19  
    0.138       286.06          396.77        1703.73         3147.88         4438.53  
    0.144       562.74          764.28        2597.36         3786.07         4904.88  
    0.150       582.40          830.11        2649.29         3818.45         4804.51  
    0.156       563.05          842.42        2559.78         3846.23         4833.36  
    0.163       575.88          798.58        2506.07         3818.98         4913.19  
    0.169       587.79          779.60        2488.42         3810.08         4918.90  
    0.175       614.27          810.62        2608.98         3889.10         5236.36  
    0.181       659.71          856.31        2708.98         3921.33         5213.51  
    0.188       689.48          876.55        2776.99         3702.95         4910.22  
    0.194       671.76          767.10        2718.21         3672.47         5037.16  
    0.200       635.77          679.89        2571.49         3818.43         5359.72  
    0.206       652.57          689.37        2421.44         3815.39         5500.00  
    0.213       302.48          652.88        2266.84         3320.84         5500.00  
    0.219       330.86          1447.11        2504.76         3218.77         5298.17  
    0.225       268.36          949.47        2348.11         3033.86         4172.46  
    0.231       146.73          1117.83        2369.47         3301.13         4556.03  
    0.238       286.89          1977.04        2420.15         3511.58         4923.45  
    0.244       299.69          1947.63        2269.33         3280.17         4337.82  
    0.250       291.63          1978.18        2361.07         3281.02         4229.67  
    0.256       285.99          2022.08        2516.04         3311.57         4225.92  
    0.263       282.50          2022.28        2692.36         3346.70         4233.58  
    0.269       279.42          2002.62        2837.86         3368.25         4228.44  
    0.275       277.97          1992.49        2941.18         3412.72         4218.20  
    0.281       278.06          1981.20        3015.01         3480.97         4249.72  
    0.288       277.71          1966.66        3055.24         3515.38         4300.22  
    0.294       275.66          1953.75        3065.38         3520.35         4316.13  
    0.300       273.98          1949.38        3067.86         3533.11         4306.06  
    0.306       273.03          1950.84        3083.32         3576.07         4313.76  
    0.312       272.14          1955.61        3106.99         3618.17         4370.44  
    0.319       272.94          1957.31        3111.88         3610.29         4408.73  
    0.325       274.81          1974.13        3101.95         3577.69         4425.06  
    0.331       277.05          1997.61        3095.87         3570.42         4442.03  
    0.338       280.36          2006.00        3100.97         3572.74         4453.41  
    0.344       283.64          2025.80        3115.56         3564.82         4490.65  
    0.350       286.83          2001.78        3107.68         3538.22         4524.73  
    0.356       291.06          1967.13        3091.11         3533.50         4568.41  
    0.363       296.11          1966.23        3090.40         3542.14         4602.74  
    0.369       300.43          1974.93        3083.06         3531.77         4595.69  
    0.375       303.18          1993.77        3077.35         3517.41         4578.70  
    0.381       307.88          1990.19        3087.63         3506.52         4560.10  
    0.388       313.28          1957.99        3090.86         3486.76         4562.97  
    0.394       313.10          1942.27        3083.83         3475.55         4813.87  
    0.400       310.26          1956.71        3088.27         3507.74         5280.16  
    0.406       138.54          1050.32        2485.28         3295.82         4410.02  
    0.413       0          303.62        1974.72         3087.44         3518.73  
    0.419       0          304.49        1964.03         3104.79         3586.75  
    0.425       0          309.13        1963.01         3178.28         3720.75  
    0.431       0          303.29        1991.29         3194.65         3670.90  
    