0.025       540.25          1199.64        2230.83         4339.81         4381.82  
    0.031       546.06          1247.93        2122.26         3431.80         4759.55  
    0.038       572.25          1621.70        2036.29         3799.54         4735.40  
    0.044       588.38          1691.59        2548.24         4021.00         5482.82  
    0.050       609.72          1651.63        2586.51         4019.08         5500.00  
    0.056       621.55          1604.04        2530.10         4048.94         4983.53  
    0.062       624.22          1591.12        2526.09         4092.69         5488.14  
    0.069       627.90          1553.14        2503.46         4144.97         4628.12  
    0.075       628.56          1526.94        2527.98         4183.33         4633.76  
    0.081       14.11          651.95        1586.60         2758.19         4473.37  
    0.088       0          624.62        1536.05         2687.16         4105.13  
    0.094       0          635.11        1598.39         2799.15         4098.54  
    0.100       0          670.03        1644.90         2899.85         4157.81  
    0.106       0          692.92        1667.28         2723.71         4076.60  
    0.113       541.22          873.11        2593.12         3790.77         4860.06  
    0.119       598.01          1229.41        2713.29         4087.83         5486.04  
    0.125       587.58          1183.95        2529.38         3855.68         5500.00  
    0.131       518.92          1180.31        2484.60         3837.75         5500.00  
    0.138       525.04          1113.02        2485.59         3769.86         5500.00  
    0.144       544.92          1069.57        2508.41         3697.07         5500.00  
    0.150       562.27          2064.00        2580.89         3660.58         5032.70  
    0.156       548.92          2452.51        2928.64         4198.06         4840.93  
    0.163       545.60          1963.72        2812.33         4199.15         4914.65  
    0.169       615.52          2062.63        2870.52         4380.66         4791.68  
    0.175       655.13          2241.58        2918.15         3983.86         4716.76  
    0.181       645.09          1859.83        2366.77         3776.13         4767.29  
    0.188       605.73          1708.09        2497.35         3811.23         4921.16  
    0.194       481.60          1655.18        2440.22         3786.51         5393.33  
    0.200       472.01          1670.69        2409.43         3698.19         5497.85  
    0.206       465.02          1688.85        2380.99         3906.26         5500.00  
    0.213       452.80          1743.83        2296.29         3653.10         5361.26  
    0.219       419.32          1777.16        2270.65         3554.94         5350.41  
    0.225       420.47          1791.44        2259.56         3475.88         5014.47  
    0.231       427.61          1805.82        2272.74         3436.90         4871.36  
    0.238       423.84          1854.71        2365.68         3418.66         5006.08  
    0.244       424.62          1859.38        2340.28         3429.99         5059.75  
    0.250       421.71          1866.17        2352.46         3444.26         5279.33  
    0.256       422.33          1883.22        2297.61         3414.47         5495.16  
    0.263       427.90          1857.31        2421.46         3376.67         5232.25  
    0.269       427.38          1815.39        2411.00         3406.76         5276.15  
    0.275       425.27          1856.37        2266.98         3463.11         5402.27  
    0.281       426.39          1910.51        2251.30         3310.35         5401.38  
    0.288       426.04          1872.97        2168.01         3436.85         5111.87  
    0.294       425.34          1850.20        2206.51         3560.58         5145.68  
    0.300       425.22          1864.72        2245.47         3558.13         5172.55  
    0.306       424.96          1850.02        2206.88         3485.97         5173.42  
    0.312       416.57          1880.20        2192.82         3511.38         5126.80  
    0.319       412.47          1875.54        2215.57         3617.43         5188.86  
    0.325       411.55          1842.68        2175.84         3478.00         5172.15  
    0.331       409.71          1832.87        2114.17         3477.77         5190.46  
    0.338       412.50          1819.71        2186.96         3561.31         5183.37  
    0.344       411.83          1856.49        2163.11         3563.06         5171.09  
    0.350       411.00          1895.09        2281.78         3491.94         5157.22  
    0.356       413.27          1881.76        2409.67         3407.17         5108.70  
    0.363       410.57          1833.79        2484.16         3680.35         5165.35  
    0.369       408.42          1971.67        2507.49         3568.09         5184.27  
    0.375       9.17          449.58        2034.77         2634.77         5220.82  
    0.381       0          416.37        2027.15         2602.11         5176.51  
    0.388       0          411.81        1864.70         2543.43         5127.41  
    0.394       402.77          1797.60        2564.14         3296.87         5129.98  
    0.400       408.20          1776.23        2446.39         3319.43         5115.63  
    0.406       405.29          1854.41        2464.11         3183.50         5090.89  
    0.413       404.77          1828.58        2367.70         3438.64         5193.25  
    0.419       402.78          1861.01        2386.48         3524.24         5171.38  
    0.425       399.66          1867.28        2399.74         3536.09         5106.89  
    0.431       400.40          1856.96        2370.19         3677.44         5491.14  
    0.438       401.62          1846.35        2340.34         3678.65         5215.68  
    0.444       394.09          1834.11        2322.53         3556.90         5082.17  
    0.450       370.79          1773.76        2292.83         3539.41         5031.00  
    0.456       369.39          1810.63        2236.73         3571.34         4978.75  
    