0.025       0          727.55        2173.78         3269.15         3907.01  
    0.031       0          745.25        2058.45         3192.03         3905.94  
    0.038       544.11          747.84        2173.91         3728.98         5184.39  
    0.044       724.14          1118.88        2229.17         3828.95         5500.00  
    0.050       723.83          1233.30        2228.17         3839.62         5500.00  
    0.056       712.17          1252.59        2210.59         3835.75         5361.58  
    0.062       702.73          1421.02        2216.19         3845.71         5238.25  
    0.069       696.69          1598.45        2221.98         3840.26         5185.50  
    0.075       694.14          1742.73        2195.34         3877.28         5234.87  
    0.081       691.59          1881.49        2159.71         3920.13         5312.55  
    0.088       681.77          1842.05        2194.47         3925.23         5209.22  
    0.094       668.05          1778.26        2229.79         3885.08         5065.15  
    0.100       660.89          1833.42        2171.08         3879.94         4903.67  
    0.106       653.42          1968.67        2112.88         3922.97         4767.62  
    0.113       647.78          1924.06        2250.87         3910.61         4700.08  
    0.119       647.51          1884.66        2336.13         3920.57         4717.24  
    0.125       659.85          1818.14        2362.39         3942.40         4542.36  
    0.131       712.03          1415.88        2491.84         3730.26         4469.81  
    0.138       704.81          1077.03        2598.12         3653.81         4656.57  
    0.144       673.72          839.78        2510.95         3724.98         4759.93  
    0.150       655.08          932.30        2652.11         3726.12         5356.21  
    0.156       650.50          1006.22        2784.03         3743.40         5500.00  
    0.163       647.79          989.60        2713.92         3783.99         5500.00  
    0.169       128.12          715.44        2389.57         3242.02         4249.91  
    0.175       545.67          1034.46        2661.51         3682.42         5191.45  
    0.181       651.52          1033.00        2836.51         3750.13         5500.00  
    0.188       631.63          1018.59        2749.54         3713.15         5500.00  
    0.194       633.70          949.94        2646.23         3744.09         5500.00  
    0.200       640.76          933.45        2675.71         3757.09         5500.00  
    0.206       649.24          960.48        2781.09         3802.90         5500.00  
    0.213       656.49          928.63        2833.37         3850.96         5500.00  
    0.219       702.43          890.80        2813.01         3843.73         5500.00  
    0.225       751.43          882.82        2828.39         3903.94         5500.00  
    0.231       786.90          855.18        2772.49         3843.39         5397.16  
    0.238       709.08          875.67        2677.43         3695.63         5059.07  
    0.244       136.25          174.68        1074.26         2761.95         3873.43  
    0.250       0          0        693.45         2538.46         3735.23  
    0.256       0          0        743.23         2651.49         3848.17  
    0.263       504.23          1609.26        2299.31         3648.01         5176.89  
    0.269       792.93          1925.06        2693.04         3863.05         5036.59  
    0.275       779.47          1956.01        2711.36         3866.56         4882.00  
    0.281       285.84          2083.71        2680.65         3820.74         4794.00  
    0.288       242.51          2401.16        2854.01         3804.43         4460.81  
    0.294       271.45          2475.35        3071.30         3785.34         4322.65  
    0.300       279.13          2472.07        3190.84         3793.15         4300.84  
    0.306       273.40          2480.15        3279.58         3811.77         4310.69  
    0.312       266.55          2493.24        3318.67         3836.86         4320.87  
    0.319       264.08          2493.75        3344.43         3852.26         4321.93  
    0.325       259.28          2481.86        3372.09         3856.74         4340.76  
    0.331       256.04          2496.73        3392.40         3873.11         4270.36  
    0.338       251.89          2509.45        3378.21         3881.24         4210.67  
    0.344       246.89          2511.09        3386.25         3902.21         4229.93  
    0.350       245.63          2526.20        3480.49         3933.87         4252.68  
    0.356       243.67          2537.54        3456.87         3916.41         4379.21  
    0.363       241.13          2533.09        3418.27         3896.59         4444.93  
    0.369       242.46          2576.60        3753.37         3979.69         5292.87  
    