0.025       0          654.70        2001.35         4021.65         4093.41  
    0.031       0          563.26        1562.80         3333.91         4057.65  
    0.038       386.33          949.62        1975.16         3590.34         4273.92  
    0.044       480.16          1262.97        2204.39         3654.12         4498.83  
    0.050       469.86          1411.70        2131.88         3643.90         4683.92  
    0.056       464.60          1507.88        2167.27         3638.19         4712.98  
    0.062       457.65          1517.38        2346.31         3827.44         4669.11  
    0.069       452.75          1475.21        2387.48         3943.35         4704.74  
    0.075       453.94          1434.09        2329.71         3823.52         4708.69  
    0.081       459.09          1418.05        2341.07         3709.75         4793.91  
    0.088       468.42          1430.41        2496.96         3748.23         4720.12  
    0.094       472.13          1437.35        2466.81         3806.99         4633.05  
    0.100       471.52          1443.53        2340.87         3747.88         4683.30  
    0.106       467.51          1473.17        2287.83         3655.17         4719.84  
    0.113       462.62          1531.85        2187.24         3661.05         4714.83  
    0.119       454.23          1584.58        2127.61         3633.42         4642.22  
    0.125       452.60          1451.51        2221.54         3661.30         4506.14  
    0.131       457.79          767.26        2322.80         3680.77         4462.80  
    0.138       103.10          130.49        1082.38         2534.28         3847.99  
    0.144       0          410.84        1704.56         3373.94         4481.00  
    0.150       0          118.93        824.18         2476.79         3933.61  
    0.156       0          0        596.84         2144.94         3691.33  
    0.163       438.15          510.30        1738.73         3256.89         4743.26  
    0.169       504.14          1204.90        2152.56         3640.75         4964.84  
    0.175       470.73          1606.17        2768.08         3962.28         4464.62  
    0.181       104.65          733.66        2087.79         3402.34         4180.30  
    0.188       364.18          977.04        1993.02         3539.97         4774.69  
    0.194       478.94          1461.28        1969.67         3475.64         4832.72  
    0.200       476.39          1597.92        2385.81         4117.66         5342.00  
    0.206       459.62          1596.54        2620.29         4134.12         5500.00  
    0.213       463.57          1508.57        2575.47         4016.18         5500.00  
    0.219       447.38          1507.62        2439.24         3902.26         5121.83  
    0.225       465.37          1755.18        2157.11         3622.32         4833.52  
    0.231       476.00          1405.50        2153.83         3782.62         4879.07  
    0.238       540.32          1064.96        2210.72         3818.12         5127.71  
    0.244       589.37          1055.54        2200.36         3783.87         5086.56  
    0.250       612.08          1128.12        2141.55         3703.33         5030.16  
    0.256       626.69          1590.84        2262.69         3666.48         5392.84  
    0.263       641.96          1879.88        2876.29         3700.05         5056.84  
    0.269       653.83          1886.52        2920.93         4019.49         4899.64  
    0.275       677.84          1885.07        3076.76         4079.51         4954.36  
    0.281       153.57          1867.85        2232.33         3655.19         4372.36  
    0.288       0          418.00        1859.26         2536.59         4165.10  
    0.294       154.48          1679.42        2291.73         3551.86         4292.94  
    0.300       245.37          2236.27        2566.85         3675.38         4260.65  
    0.306       252.52          2275.50        2720.92         3578.47         4251.71  
    0.312       245.38          2284.20        2867.65         3580.84         4213.84  
    0.319       238.49          2281.94        2998.04         3564.71         4134.62  
    0.325       238.78          2276.38        3149.91         3611.51         4268.86  
    0.331       239.31          2278.12        3225.72         3646.06         4550.39  
    0.338       233.90          2282.08        3246.83         3625.94         4731.60  
    0.344       231.55          2284.63        3291.12         3628.16         4685.68  
    0.350       233.78          2293.53        3354.05         3717.32         4856.93  
    0.356       235.27          2297.40        3389.36         3768.39         5368.24  
    0.363       237.66          2294.03        3390.79         3788.43         5500.00  
    0.369       235.02          2297.53        3363.11         3763.45         5223.57  
    0.375       235.22          2294.64        3376.72         3765.10         5294.11  
    0.381       234.78          2295.24        3385.48         3769.80         5463.56  
    0.388       233.94          2294.95        3379.99         3759.20         5500.00  
    0.394       230.69          2302.50        3383.26         3756.36         5319.25  
    0.400       232.95          2310.47        3413.36         3789.13         5447.68  
    0.406       235.53          2314.29        3402.92         3789.65         5500.00  
    0.413       238.96          2305.06        3384.28         3774.46         5454.57  
    0.419       240.57          2315.92        3384.10         3794.47         5486.85  
    0.425       241.60          2317.79        3384.14         3801.80         5500.00  
    0.431       243.73          2310.53        3383.85         3781.66         5500.00  
    0.438       245.19          2316.13        3459.99         3753.95         5482.02  
    0.444       247.81          2299.16        3502.25         3789.78         5494.79  
    0.450       246.50          2289.17        3504.07         3897.57         5500.00  
    0.456       55.21          699.38        2591.95         3686.53         4307.40  
    0.463       0          233.47        2339.29         3623.62         4035.04  
    