0.025       0          343.10        957.67         3656.42         4432.68  
    0.031       0          474.70        1009.84         3650.68         4308.34  
    0.038       458.16          986.21        2685.59         4115.62         5425.17  
    0.044       491.45          1076.89        2550.15         4028.83         5500.00  
    0.050       488.71          1136.15        2225.31         3763.38         5302.17  
    0.056       485.73          1040.42        2227.82         3620.08         4984.21  
    0.062       498.56          999.30        2232.27         3536.23         4759.57  
    0.069       522.85          1079.72        2208.41         3517.55         4555.44  
    0.075       561.43          1162.12        2195.69         3523.04         4706.11  
    0.081       585.50          1267.83        2198.31         3529.54         4772.89  
    0.088       609.03          1394.02        2210.90         3660.29         4643.65  
    0.094       619.74          1413.62        2193.04         3599.10         4655.59  
    0.100       627.54          1431.43        2220.02         3570.61         4674.21  
    0.106       629.77          1629.67        2060.98         3541.40         4734.46  
    0.113       627.20          1697.54        1733.71         3548.75         4700.69  
    0.119       617.09          1618.80        1880.29         3484.96         4648.85  
    0.125       593.84          1537.96        2005.41         3409.74         4546.57  
    0.131       573.43          967.55        2122.01         3640.46         4560.84  
    0.138       514.94          864.82        2260.91         3672.99         4575.32  
    0.144       484.73          981.99        2354.41         3587.90         4569.46  
    0.150       30.12          61.74        638.68         2383.47         4086.85  
    0.156       119.39          392.56        2219.80         3911.28         4757.93  
    0.163       263.55          727.37        2547.89         4054.03         5088.63  
    0.169       284.02          696.39        2525.20         4008.30         4966.39  
    0.175       131.58          667.49        2401.59         3931.88         5044.81  
    0.181       86.89          721.20        2575.20         3984.07         5050.34  
    0.188       5.28          715.44        2241.09         2881.00         4332.18  
    0.194       0          746.54        2565.46         2615.77         4232.15  
    0.200       0          46.68        870.43         2615.74         4238.84  
    0.206       0          0        713.70         2558.36         4094.37  
    0.213       0          0        628.98         2445.34         4174.84  
    0.219       0          608.45        2087.64         3217.44         4318.46  
    0.225       0          684.30        2142.03         3300.55         4296.40  
    0.231       0          712.58        2307.20         3485.08         4147.98  
    0.238       0          748.36        2300.16         3475.57         4203.87  
    0.244       0          772.42        2190.38         3344.43         4307.35  
    0.250       0          1513.78        1633.54         3009.04         4567.00  
    0.256       0          1567.24        1924.56         3000.41         4545.64  
    0.263       0          1572.66        2046.78         3000.26         4501.06  
    0.269       217.18          1672.45        2866.65         4354.72         4513.60  
    0.275       355.87          1742.02        2456.00         3864.29         4761.73  
    0.281       388.40          1764.61        2354.57         3698.09         4805.88  
    0.288       370.31          1910.59        2499.43         3781.10         5023.01  
    0.294       361.38          1940.47        2185.95         3703.22         5286.26  
    0.300       390.63          1974.56        2285.07         3702.73         5487.70  
    0.306       387.02          2037.84        2120.52         3677.01         5237.82  
    0.312       391.79          2025.10        2414.94         3676.63         5188.15  
    0.319       390.28          1989.29        2503.69         3662.73         5090.37  
    0.325       384.35          1938.61        2575.56         3692.40         5077.45  
    0.331       380.27          2052.35        2643.97         3720.74         4955.56  
    0.338       379.50          2205.44        3129.19         3342.65         5011.37  
    0.344       376.01          2159.00        2981.75         3468.55         5039.81  
    0.350       376.70          2134.59        3221.49         3720.75         4901.13  
    0.356       378.64          2125.43        3337.93         3512.29         4907.99  
    0.363       23.62          485.68        2146.73         3333.64         4867.82  
    0.369       0          376.64        2062.36         3160.69         4740.20  
    0.375       0          376.68        2071.78         3268.76         4559.41  
    0.381       353.71          1974.92        3259.95         3650.31         5440.63  
    0.388       375.24          2098.65        3265.55         3527.83         5177.81  
    0.394       373.14          2116.02        3032.05         3537.09         5151.19  
    0.400       364.87          2096.44        3021.75         3559.77         4962.41  
    0.406       357.55          2055.09        3267.34         3645.72         4889.07  
    0.413       22.27          462.95        2144.99         3251.96         4770.53  
    0.419       0          344.67        2056.50         3296.34         4778.02  
    0.425       0          330.99        2047.16         3424.46         4777.63  
    0.431       298.95          1919.55        2900.13         3588.75         4761.21  
    0.438       323.66          2008.51        3362.45         3953.29         4738.06  
    0.444       20.20          436.36        2091.65         3497.21         4717.56  
    0.450       309.49          1897.12        3095.59         3449.75         5030.08  
    0.456       323.81          1980.76        2920.57         3708.78         4911.00  
    