0.025       753.75          1035.89        3065.89         3886.18         5500.00  
    0.031       763.25          996.00        2875.27         3886.60         4750.28  
    0.038       770.93          998.53        2855.89         3936.08         4616.14  
    0.044       763.69          921.74        2537.03         3939.13         4705.51  
    0.050       556.85          782.91        2306.83         3919.50         4570.59  
    0.056       97.70          145.06        1034.12         2552.92         4073.75  
    0.062       0          0        729.11         2211.63         3935.88  
    0.069       567.36          659.87        1899.54         3523.74         4653.19  
    0.075       687.01          937.87        2158.65         3829.50         4827.45  
    0.081       662.84          1390.81        2157.67         3865.08         4923.68  
    0.088       643.43          1847.04        2122.80         3829.79         5066.72  
    0.094       636.58          1994.51        2296.90         3787.64         4995.54  
    0.100       641.08          1941.28        2573.53         3770.05         4674.57  
    0.106       661.69          1534.39        2553.26         3779.57         4545.80  
    0.113       676.35          1189.55        2678.96         3770.17         4515.88  
    0.119       675.03          897.83        2755.05         3729.55         4472.09  
    0.125       651.18          752.19        2824.94         3796.47         4286.14  
    0.131       525.07          682.36        3072.59         3845.98         4325.97  
    0.138       349.98          711.83        3215.54         3892.84         5277.99  
    0.144       60.60          138.75        1226.27         3086.78         4039.16  
    0.150       545.40          662.08        2495.85         3532.73         4259.55  
    0.156       653.86          942.00        3018.54         3749.09         4648.41  
    0.163       640.92          983.19        3034.44         3683.66         4665.17  
    0.169       122.88          717.74        1935.28         3324.06         4486.27  
    0.175       537.97          1496.64        2847.14         4201.62         5297.36  
    0.181       691.12          1751.03        3422.68         4408.35         5500.00  
    0.188       734.51          1771.94        3251.46         3758.80         4779.02  
    0.194       416.17          1754.76        2890.10         3522.62         4725.17  
    0.200       348.99          1897.48        2651.77         3506.10         4503.98  
    0.206       346.68          1882.38        2569.12         3506.81         4053.85  
    0.213       340.16          1965.09        2555.57         3507.79         3912.16  
    0.219       335.58          2165.74        2559.35         3514.12         3899.86  
    0.225       334.76          2266.09        2593.25         3536.32         3974.39  
    0.231       334.78          2260.08        2653.48         3558.63         3999.76  
    0.238       332.58          2271.06        2700.26         3604.17         4042.52  
    0.244       327.40          2336.46        2749.96         3633.75         4074.58  
    0.250       320.92          2357.72        2802.24         3644.57         4090.49  
    0.256       315.28          2359.04        2857.12         3650.51         4154.47  
    0.263       310.15          2343.10        2920.82         3678.79         4192.02  
    0.269       302.33          2344.08        2911.28         3601.68         4158.93  
    0.275       293.97          2333.36        2929.61         3597.53         4157.03  
    0.281       289.48          2334.41        2996.03         3668.29         4181.04  
    0.288       285.95          2337.42        2987.09         3663.15         4202.66  
    0.294       280.87          2358.90        2994.36         3693.02         4237.84  
    0.300       276.83          2370.98        3016.97         3724.33         4266.69  
    0.306       273.67          2351.39        3013.29         3754.42         4334.26  
    0.312       271.36          2353.73        3004.88         3812.35         4380.56  
    0.319       268.05          2382.86        2978.24         3816.90         4392.40  
    0.325       264.90          2414.21        2982.65         3773.70         4384.88  
    0.331       267.63          2413.96        3058.23         3765.78         4283.42  
    0.338       269.14          2385.70        3073.64         3769.06         4233.40  
    0.344       270.42          2380.84        3051.18         3790.87         4242.93  
    0.350       266.91          2358.85        2983.69         3801.86         4259.69  
    