0.025       0          623.88        1542.71         2897.59         3915.10  
    0.031       0          697.26        1555.15         2919.68         3997.04  
    0.038       0          749.32        1530.27         2876.28         4062.20  
    0.044       0          770.12        1568.22         2796.53         4124.85  
    0.050       0          769.39        1672.64         2752.89         4135.09  
    0.056       0          750.73        1681.56         2682.17         4116.66  
    0.062       0          745.70        1699.35         2674.33         4154.09  
    0.069       0          749.23        1745.35         2726.04         4155.88  
    0.075       0          758.74        1754.56         2760.91         4127.06  
    0.081       0          762.90        1742.85         2769.67         4109.55  
    0.088       0          763.52        1773.94         2774.85         4137.31  
    0.094       0          753.25        1759.65         2773.61         4142.54  
    0.100       464.36          1204.63        2340.89         3571.33         5034.74  
    0.106       693.04          1352.29        2518.65         3804.55         5346.80  
    0.113       722.64          1042.58        2356.13         3735.32         5094.79  
    0.119       572.33          851.50        2403.06         3810.01         4835.61  
    0.125       384.26          768.92        2277.55         3899.03         4973.24  
    0.131       301.69          900.17        2226.93         3946.11         5360.11  
    0.138       252.03          893.65        2357.99         3959.11         5129.81  
    0.144       236.67          849.95        2439.67         3946.72         4792.45  
    0.150       262.10          853.72        2551.12         3992.81         4774.70  
    0.156       271.73          848.51        2526.45         3957.46         4975.96  
    0.163       228.10          821.47        2540.33         4011.66         5351.46  
    0.169       70.40          599.93        1914.11         3432.82         4708.76  
    0.175       0          573.82        1551.30         3086.86         4263.35  
    0.181       0          521.22        1527.14         2991.54         4278.25  
    0.188       0          464.02        1425.80         2814.81         4243.10  
    0.194       0          433.22        1769.81         2851.59         4258.44  
    0.200       0          386.34        1959.23         2997.76         4307.27  
    0.206       208.32          845.67        2528.61         3706.91         5097.70  
    0.213       273.25          1038.75        2740.14         4095.62         5500.00  
    0.219       219.42          1654.10        2662.09         4369.07         5413.53  
    0.225       69.31          678.21        2189.63         3237.01         4599.61  
    0.231       0          0        1920.09         2582.79         4070.43  
    0.238       189.40          1197.36        2307.42         3540.40         4484.94  
    0.244       292.43          1924.76        2406.66         3928.17         4709.71  
    0.250       304.70          2022.03        2327.81         3816.51         4793.65  
    0.256       321.48          2067.06        2339.85         3801.75         4605.10  
    0.263       340.10          2085.26        2367.10         3812.34         4257.29  
    0.269       349.54          2119.78        2356.99         3850.94         3966.22  
    0.275       357.58          2158.74        2233.87         3646.33         3921.66  
    0.281       365.48          2075.63        2169.48         3600.22         3979.76  
    0.288       125.52          936.24        2172.13         3054.90         3885.90  
    0.294       0          376.40        2174.84         2778.64         3882.48  
    0.300       0          375.51        2167.75         2925.16         3992.96  
    0.306       0          368.04        2185.55         3033.18         3984.54  
    0.312       0          367.39        2202.00         2948.75         3907.57  
    0.319       0          367.95        2202.16         2883.83         3932.98  
    0.325       0          367.00        2204.74         2869.76         3988.82  
    0.331       0          367.95        2197.06         2884.34         4015.60  
    0.338       0          369.24        2193.99         2899.13         3995.15  
    0.344       238.71          1573.17        2661.40         3602.11         4981.75  
    0.350       360.88          2198.28        2934.34         3958.03         5500.00  
    0.356       360.75          2204.13        3058.50         3930.32         5500.00  
    0.363       123.23          991.38        2511.85         3397.83         4474.79  
    0.369       0          363.08        2203.40         3112.42         3949.13  
    0.375       0          363.50        2205.12         3077.11         3972.79  
    0.381       0          362.64        2200.06         3069.65         4021.77  
    0.388       0          359.04        2204.18         3187.67         4071.67  
    0.394       0          351.64        2218.05         3167.09         4105.09  
    0.400       0          350.62        2223.26         3015.51         4168.12  
    0.406       0          356.83        2234.16         2983.95         4229.13  
    0.413       0          351.75        2270.56         3087.56         4227.54  
    0.419       0          333.38        2293.13         3107.33         4199.03  
    