0.025       0          853.16        2921.75         3717.45         4360.87  
    0.031       383.65          868.53        3644.66         4139.30         5028.60  
    0.038       432.63          890.60        3611.55         3900.69         4843.06  
    0.044       481.78          886.43        3486.76         3613.96         4749.12  
    0.050       509.60          891.31        3426.41         3677.83         4818.85  
    0.056       554.18          890.71        2831.51         4128.16         4802.18  
    0.062       632.38          855.32        2408.87         4239.14         4817.64  
    0.069       35.52          47.60        837.13         2277.90         4034.01  
    0.075       0          717.07        1989.28         3913.39         4454.90  
    0.081       0          42.36        840.02         2226.17         4179.50  
    0.088       0          732.84        1939.94         3308.46         4284.97  
    0.094       0          760.62        1981.87         4174.89         4317.31  
    0.100       681.37          1373.00        2004.59         4194.94         4737.60  
    0.106       674.84          1483.52        2071.83         4135.36         4929.27  
    0.113       611.96          1362.53        2172.81         4114.26         4841.75  
    0.119       579.65          1470.49        2126.45         4047.64         4791.00  
    0.125       554.91          1345.55        2429.40         4067.40         4682.15  
    0.131       476.48          944.49        2661.68         4098.46         4867.13  
    0.138       461.87          917.47        2628.53         3975.90         4819.54  
    0.144       558.64          721.37        2537.92         3827.05         4880.17  
    0.150       31.48          585.44        2313.73         3857.34         4783.33  
    0.156       0          32.25        672.37         2616.16         3937.22  
    0.163       0          0        566.13         2634.88         3831.96  
    0.169       523.19          679.14        2530.41         3981.12         4835.04  
    0.175       554.23          893.13        2645.93         4218.79         4668.42  
    0.181       621.15          777.92        2625.01         3956.97         4760.44  
    0.188       34.87          42.98        944.57         2547.68         3956.49  
    0.194       0          791.04        2182.51         3099.63         4334.69  
    0.200       0          791.04        2100.36         3064.88         4386.84  
    0.206       0          716.13        2226.95         3011.24         4285.68  
    0.213       0          630.71        2380.01         3562.21         4790.13  
    0.219       0          595.94        2580.23         3797.06         5096.74  
    0.225       0          605.12        2426.22         3567.80         4665.39  
    0.231       581.29          1649.64        2848.03         3686.94         4802.43  
    0.238       628.26          1770.37        2892.06         3786.17         4822.74  
    0.244       35.09          696.48        2340.18         3565.47         4109.87  
    0.250       352.10          1651.98        2800.45         3969.94         5420.10  
    0.256       392.32          1606.74        2565.20         3696.77         5227.69  
    0.263       248.25          1738.05        2571.83         3727.41         5401.98  
    0.269       286.00          1801.25        2619.03         3747.34         5116.97  
    0.275       311.03          1803.26        2297.02         3768.84         4873.79  
    0.281       349.86          1909.32        2320.93         4640.50         4785.69  
    0.288       360.17          1975.41        2349.60         4646.97         5459.91  
    0.294       357.89          2020.59        2400.77         4640.66         5500.00  
    0.300       351.61          2056.79        2437.11         4639.20         5500.00  
    0.306       344.87          2122.88        2454.28         4613.85         4706.60  
    0.312       338.05          2182.51        2547.53         4455.66         4695.39  
    0.319       332.98          2182.97        2587.68         4667.23         4821.33  
    0.325       328.80          2198.72        2650.36         4665.59         4781.23  
    0.331       325.20          2261.16        2667.62         4668.05         4687.95  
    0.338       322.26          2265.22        2655.50         4578.48         4698.82  
    0.344       321.47          2248.32        2642.80         4618.33         4679.05  
    0.350       320.03          2232.77        2648.31         4628.16         4982.60  
    0.356       315.69          2226.07        2657.20         4625.64         5094.10  
    0.363       310.85          2245.54        2644.85         4652.39         4987.49  
    0.369       305.63          2260.48        2627.80         4664.47         5027.36  
    0.375       304.03          2270.85        2629.83         4633.07         4925.42  
    0.381       305.16          2251.62        2617.38         4641.66         4899.28  
    0.388       309.78          2236.14        2584.50         4659.14         4843.18  
    0.394       310.21          2252.28        2563.11         4608.96         4909.22  
    0.400       310.80          2317.43        2469.06         4598.18         5094.86  
    0.406       312.81          2274.99        2486.54         4629.63         5478.00  
    0.413       316.16          2281.97        2459.17         4621.20         5087.22  
    