0.025       384.89          824.32        2275.09         3967.37         5131.60  
    0.031       385.76          804.78        2384.63         3948.34         5390.48  
    0.038       114.79          560.52        1182.47         3054.21         4388.50  
    0.044       0          466.59        1417.66         2655.71         3943.37  
    0.050       314.12          1051.67        2355.43         3586.76         5040.40  
    0.056       446.56          1408.43        2655.90         3931.94         5046.38  
    0.062       469.55          1544.02        2635.94         3932.62         5308.10  
    0.069       498.78          1588.66        2622.75         3973.17         4823.57  
    0.075       514.23          1640.82        2614.31         4053.38         4284.94  
    0.081       520.06          1766.01        2660.36         4110.65         4175.81  
    0.088       154.95          907.75        2099.26         3193.48         4088.20  
    0.094       380.77          1443.68        2457.11         3695.31         5069.41  
    0.100       161.08          921.87        2074.13         3123.70         4476.90  
    0.106       0          525.08        1744.93         2744.01         4016.88  
    0.113       0          510.09        1776.38         2721.89         3961.33  
    0.119       0          502.29        1986.34         2689.20         3920.69  
    0.125       0          505.41        2194.51         2696.67         3963.91  
    0.131       0          560.19        2374.54         2882.62         3997.86  
    0.138       0          598.92        2410.35         3014.11         3959.21  
    0.144       0          597.51        2362.63         3066.21         3888.04  
    0.150       0          586.25        2504.63         2756.98         3866.92  
    0.156       0          560.69        1539.50         2668.54         3882.71  
    0.163       368.55          731.75        2195.99         3550.20         5021.14  
    0.169       558.58          689.88        2671.99         3884.87         5500.00  
    0.175       170.35          610.86        1473.48         3073.06         4356.16  
    0.181       0          602.75        1574.33         2814.23         3927.59  
    0.188       0          591.14        1999.09         2828.35         3996.49  
    0.194       0          542.44        1702.38         2727.89         3982.82  
    0.200       0          485.43        1608.97         2795.13         4058.86  
    0.206       0          483.65        1730.57         2884.27         4093.54  
    0.213       0          474.91        1685.54         2840.01         4059.34  
    0.219       312.45          1415.29        2483.00         3974.49         5067.60  
    0.225       545.62          1821.47        2838.18         4403.57         5314.21  
    0.231       646.34          1763.71        2835.13         4352.85         5421.40  
    0.238       424.55          1687.67        2743.87         4292.04         5421.72  
    0.244       310.70          1721.69        2680.15         4197.33         5466.88  
    0.250       297.37          1775.71        2781.53         4099.12         5500.00  
    0.256       285.08          1794.03        2831.53         4078.39         5500.00  
    0.263       286.88          1812.55        2801.90         4103.17         4593.82  
    0.269       85.95          725.17        2178.46         3215.33         4167.70  
    0.275       161.03          1469.23        2584.26         3799.60         4443.21  
    0.281       231.11          1948.68        2862.29         3872.19         4348.61  
    0.288       233.03          1917.76        2855.08         3913.53         4264.63  
    0.294       227.72          1927.11        2853.29         4192.11         4295.20  
    0.300       222.74          1953.20        2853.86         4171.45         5145.23  
    0.306       227.01          2013.71        2838.77         4085.69         5500.00  
    0.312       245.44          2052.01        2813.47         4029.40         5500.00  
    0.319       265.96          2036.89        2774.99         3852.79         5292.52  
    0.325       269.81          2026.58        2786.69         3747.37         5328.87  
    0.331       271.66          2012.63        2820.22         3703.30         5316.74  
    0.338       273.73          1972.07        2843.36         3606.25         5149.22  
    0.344       275.91          1935.72        2845.79         3517.63         5004.14  
    0.350       277.62          1867.33        2839.04         3453.89         4984.96  
    0.356       277.82          1803.12        2847.18         3406.68         5089.16  
    0.363       279.26          1781.20        2823.56         3281.01         5284.59  
    0.369       285.09          1748.74        2802.00         3188.02         5279.35  
    0.375       291.79          1741.55        2798.61         3194.86         5209.89  
    0.381       298.20          1752.30        2796.65         3251.24         5222.80  
    0.388       304.89          1798.70        2781.09         3273.38         5421.32  
    0.394       312.36          1814.43        2765.94         3264.22         5500.00  
    0.400       319.58          1804.60        2779.31         3240.29         5500.00  
    0.406       330.05          1844.34        2814.59         3291.05         5500.00  
    0.413       325.35          1868.31        2845.71         3360.74         5500.00  
    0.419       309.51          1859.66        2846.00         3296.27         5500.00  
    0.425       288.47          1725.04        2632.03         3183.43         5197.95  
    0.431       278.97          1711.44        2602.95         3245.33         5006.45  
    