0.025       557.84          931.18        3030.23         3587.82         4662.27  
    0.031       558.58          919.67        3014.16         3585.29         4529.06  
    0.038       558.55          901.51        3025.82         3567.41         4444.58  
    0.044       559.98          889.48        3083.73         3548.53         5038.58  
    0.050       562.01          888.26        3139.10         3551.87         5500.00  
    0.056       556.83          897.69        3184.24         3567.52         5500.00  
    0.062       548.12          901.70        3110.46         3533.87         5314.37  
    0.069       535.56          906.01        2974.42         3475.76         5351.36  
    0.075       509.59          920.77        2847.42         3458.65         5500.00  
    0.081       464.85          939.69        2801.84         3459.73         5500.00  
    0.088       430.52          943.79        2842.73         3483.96         5223.72  
    0.094       459.55          922.50        2833.08         3566.07         5104.33  
    0.100       513.16          913.70        2819.13         3626.87         5129.35  
    0.106       531.73          916.83        2842.76         3637.72         5175.39  
    0.113       500.79          911.80        2811.12         3618.78         5388.17  
    0.119       475.08          914.84        2753.08         3598.67         5500.00  
    0.125       503.27          935.86        2805.64         3662.78         5500.00  
    0.131       537.11          957.40        2877.18         3769.70         5500.00  
    0.138       560.49          962.66        2922.64         3820.77         5500.00  
    0.144       585.52          958.47        2974.07         3758.15         5500.00  
    0.150       595.14          984.12        2947.59         3786.05         5500.00  
    0.156       596.20          1053.54        2888.87         3914.63         5500.00  
    0.163       613.40          1091.11        2805.00         3983.04         5500.00  
    0.169       669.68          1054.33        2823.89         3869.03         5500.00  
    0.175       313.32          917.24        2545.94         3565.70         4451.83  
    0.181       0          819.46        2143.31         3278.82         3971.69  
    0.188       0          800.93        2156.31         3103.71         4185.20  
    0.194       0          765.29        2174.17         3257.64         4391.32  
    0.200       0          975.11        2066.81         3424.97         4780.29  
    0.206       141.60          1633.49        2544.31         3459.24         4881.29  
    0.213       282.95          2047.20        2941.41         3490.55         4842.31  
    0.219       312.87          2081.09        3014.47         3492.48         5205.15  
    0.225       313.43          2079.79        3000.04         3496.14         4929.86  
    0.231       301.93          2073.61        2928.51         3509.40         4397.45  
    0.238       292.57          2082.82        2940.20         3524.88         4293.94  
    0.244       290.06          2131.44        3061.57         3536.48         4321.30  
    0.250       290.43          2196.55        3168.74         3541.47         4812.49  
    0.256       290.43          2188.86        3159.18         3553.57         5351.62  
    0.263       289.64          2146.41        3123.15         3579.21         5500.00  
    0.269       287.38          2141.58        3132.50         3588.79         5500.00  
    0.275       286.21          2140.09        3112.72         3600.77         5500.00  
    0.281       286.91          2128.79        3069.40         3617.24         5500.00  
    0.288       286.98          2134.73        3059.29         3624.87         5500.00  
    0.294       285.92          2155.37        3070.82         3627.67         5500.00  
    0.300       285.73          2164.48        3099.57         3629.92         5500.00  
    0.306       285.18          2158.32        3138.51         3612.30         5500.00  
    0.312       283.08          2158.71        3153.91         3595.52         5500.00  
    0.319       281.52          2165.32        3162.06         3606.16         5500.00  
    0.325       279.48          2165.82        3191.21         3621.00         5500.00  
    0.331       278.65          2158.97        3266.50         3617.54         5500.00  
    0.338       279.11          2157.17        3345.57         3599.82         5500.00  
    0.344       278.69          2164.15        3316.30         3591.51         5500.00  
    0.350       278.28          2170.95        3265.10         3598.28         5500.00  
    0.356       277.00          2188.81        3310.45         3617.94         5500.00  
    0.363       276.16          2192.03        3373.09         3632.69         5500.00  
    0.369       276.67          2200.47        3376.29         3633.45         5500.00  
    0.375       277.42          2221.74        3348.87         3624.77         5500.00  
    0.381       277.56          2221.37        3335.50         3623.55         5500.00  
    0.388       276.98          2216.26        3347.67         3621.57         5500.00  
    0.394       277.75          2218.67        3377.15         3613.13         5500.00  
    0.400       277.83          2232.74        3388.95         3620.83         5500.00  
    0.406       276.96          2239.85        3397.89         3636.31         5500.00  
    0.413       277.48          2244.45        3404.47         3645.07         5269.00  
    0.419       277.98          2244.44        3427.97         3648.89         4751.45  
    