0.025       0          605.48        927.77         3411.68         3620.30  
    0.031       0          602.60        1461.41         3521.87         3719.54  
    0.038       0          595.83        1657.99         3485.45         4107.21  
    0.044       0          598.82        1676.54         3437.95         4112.63  
    0.050       0          599.04        1688.64         3435.10         4116.91  
    0.056       0          596.63        1698.19         3323.53         4144.81  
    0.062       0          594.54        1700.31         3155.32         4200.83  
    0.069       0          589.47        1697.60         3068.77         4143.16  
    0.075       0          577.01        1685.49         2959.95         4079.60  
    0.081       0          553.51        1655.12         2928.77         3996.50  
    0.088       0          533.24        1617.89         2989.40         3969.85  
    0.094       0          535.32        1607.84         3126.72         3850.39  
    0.100       0          556.57        1603.22         3352.81         3767.69  
    0.106       0          587.56        1563.16         3385.75         3906.94  
    0.113       0          591.64        1509.18         3359.31         3902.68  
    0.119       437.82          652.56        3047.77         3791.01         5219.03  
    0.125       528.86          752.82        3158.22         3530.33         5360.34  
    0.131       92.51          599.81        1782.46         3273.88         4306.02  
    0.138       476.23          600.76        2384.52         3351.94         4959.62  
    0.144       577.50          624.69        2729.96         3378.41         5437.76  
    0.150       587.39          674.29        3080.37         3354.88         5500.00  
    0.156       103.19          609.35        1778.39         3207.82         4144.62  
    0.163       0          610.37        1825.30         3148.79         4045.35  
    0.169       0          624.72        2030.86         3159.58         4057.91  
    0.175       0          618.36        1920.83         2915.09         4024.94  
    0.181       0          619.40        2009.87         2921.38         4160.20  
    0.188       0          634.11        2068.20         2993.38         4330.67  
    0.194       0          577.38        1961.57         3015.28         4345.76  
    0.200       0          549.26        2346.66         3084.42         4174.71  
    0.206       451.31          1435.40        2368.89         3815.71         5009.02  
    0.213       435.78          1573.33        2308.60         3936.30         5156.54  
    0.219       314.63          1550.00        2275.56         3933.17         5177.86  
    0.225       258.67          1640.75        2283.30         3938.40         5444.69  
    0.231       43.97          513.07        2055.33         2630.73         4652.74  
    0.238       240.41          1729.72        2310.33         3326.91         5320.21  
    0.244       316.64          2079.91        2410.62         3481.63         5297.11  
    0.250       324.87          2127.58        2463.61         3536.51         5250.63  
    0.256       318.43          2150.59        2550.91         3621.80         5254.50  
    0.263       307.83          2157.33        2659.84         3619.14         5255.78  
    0.269       305.37          2166.45        2830.26         3544.49         5200.47  
    0.275       307.02          2190.01        3182.37         3332.43         5110.58  
    0.281       301.92          2202.22        3278.01         3491.24         5049.65  
    0.288       286.68          2177.25        3257.61         3796.68         5038.99  
    0.294       280.50          2172.27        3269.23         4030.75         5053.36  
    0.300       274.60          2184.48        3321.04         4034.11         5024.10  
    0.306       277.11          2200.23        3342.12         4057.04         4999.76  
    0.312       279.68          2229.95        3335.89         4824.14         5411.78  
    0.319       283.95          2252.41        3336.54         4951.99         5500.00  
    0.325       287.41          2266.73        3334.39         4925.67         5500.00  
    0.331       50.41          640.01        2465.55         3601.84         5012.90  
    0.338       250.96          1921.75        3165.34         4623.34         5396.63  
    0.344       53.25          646.85        2461.21         3652.03         4984.53  
    0.350       0          297.96        2274.53         3385.33         4877.04  
    0.356       0          297.31        2278.14         3396.05         4926.92  
    0.363       0          294.74        2286.48         3409.29         4944.22  
    0.369       0          284.83        2294.53         3395.34         4956.72  
    0.375       0          274.44        2303.91         3366.94         4942.15  
    0.381       0          259.22        2322.28         3370.94         5091.32  
    0.388       0          255.85        2329.19         3389.90         5283.28  
    0.394       0          250.83        2340.22         3405.37         5130.09  
    0.400       0          241.14        2404.40         3417.51         4983.57  
    0.406       0          236.41        2444.08         3361.61         4888.22  
    0.413       0          236.89        2403.75         3339.79         4894.00  
    0.419       196.50          1963.50        3174.10         4561.30         5394.70  
    0.425       235.47          2318.89        3324.71         4737.29         5500.00  
    