0.025       570.93          896.70        2397.71         4209.97         4818.95  
    0.031       627.11          873.31        2306.62         4083.45         4776.86  
    0.038       600.80          840.76        2167.07         3852.47         4790.29  
    0.044       552.97          835.25        2116.74         3985.25         4765.28  
    0.050       146.42          838.88        2070.35         3755.72         4416.96  
    0.056       0          842.85        1933.92         3182.22         4250.86  
    0.062       0          835.31        1897.57         2784.37         4229.23  
    0.069       592.55          1408.39        1868.89         3803.35         5155.91  
    0.075       782.70          1412.65        1885.11         4170.75         5243.89  
    0.081       729.19          1343.39        1769.25         4106.92         4863.91  
    0.088       696.67          1237.62        1635.54         4039.47         4721.14  
    0.094       677.36          1164.42        1929.65         4142.65         4604.71  
    0.100       558.64          979.90        2447.12         4134.68         4853.62  
    0.106       551.75          887.75        2499.58         3957.07         4836.98  
    0.113       603.38          729.56        2432.49         3824.14         4849.93  
    0.119       166.95          182.41        1087.22         2729.73         4212.61  
    0.125       0          0        581.95         2435.76         3855.48  
    0.131       410.16          691.96        2107.55         3539.20         4415.43  
    0.138       556.95          914.11        2640.42         4033.93         4683.45  
    0.144       572.14          928.20        2611.55         3963.19         4688.81  
    0.150       512.86          866.82        2555.79         3889.21         4760.86  
    0.156       132.05          227.16        1325.44         2776.77         4135.30  
    0.163       0          613.85        1756.68         2808.27         4248.78  
    0.169       0          808.92        2129.33         3094.59         4398.57  
    0.175       0          215.41        1090.79         2555.98         4190.06  
    0.181       0          0        641.25         2477.99         3801.95  
    0.188       0          0        605.74         2574.39         3713.07  
    0.194       0          451.31        1990.16         3313.25         4472.99  
    0.200       460.70          1461.38        2832.98         3706.74         4803.69  
    0.206       630.46          1609.47        2768.87         3787.14         4805.35  
    0.213       170.32          771.42        2339.89         3349.03         4300.17  
    0.219       276.30          1304.16        2493.58         3559.38         5073.21  
    0.225       302.95          1634.63        2504.47         3692.21         5281.51  
    0.231       213.14          1763.38        2471.73         3725.95         5207.13  
    0.238       259.99          1813.46        2374.48         3742.97         5028.79  
    0.244       324.04          1881.61        2318.09         3886.64         4841.96  
    0.250       91.41          781.51        2071.56         2770.07         4695.55  
    0.256       265.32          1572.97        2262.66         4016.90         5272.48  
    0.263       359.58          2044.66        2382.45         4642.35         5500.00  
    0.269       352.81          2104.08        2413.61         4639.06         5500.00  
    0.275       345.65          2159.56        2424.54         4554.64         4899.92  
    0.281       339.03          2193.80        2445.48         4530.80         4690.35  
    0.288       333.27          2210.16        2516.08         4636.00         5282.43  
    0.294       328.96          2240.89        2596.14         4663.58         5108.46  
    0.300       325.57          2263.99        2619.53         4672.46         4772.29  
    0.306       323.07          2261.68        2611.15         4685.30         4713.24  
    0.312       321.79          2250.07        2598.87         4665.84         4966.87  
    0.319       319.57          2242.66        2616.02         4632.68         5380.85  
    0.325       316.10          2262.82        2635.70         4635.83         5500.00  
    0.331       311.52          2287.01        2630.02         4656.86         5500.00  
    0.338       306.75          2290.83        2612.55         4650.77         5500.00  
    0.344       302.52          2279.75        2604.13         4636.66         5207.27  
    0.350       298.48          2260.16        2586.47         4646.23         5136.24  
    