0.025       329.41          1961.30        2123.53         3929.94         5294.67  
    0.031       309.88          1593.69        2334.35         3832.13         4982.71  
    0.038       96.08          838.71        2326.82         3678.42         5142.35  
    0.044       186.53          1047.28        2125.79         3630.71         5431.65  
    0.050       282.97          1243.09        2539.18         3771.92         5500.00  
    0.056       291.27          1136.51        2716.68         3807.59         5401.72  
    0.062       298.57          1064.73        2735.49         3888.64         5453.86  
    0.069       293.89          1132.08        2640.90         3941.17         5184.77  
    0.075       92.82          576.75        1892.59         3162.81         4549.33  
    0.081       186.08          1364.68        2429.74         3330.09         4490.50  
    0.088       87.37          900.65        2481.95         3056.97         4444.40  
    0.094       0          479.51        2330.60         2641.07         4182.81  
    0.100       0          496.64        2199.04         2552.33         4077.17  
    0.106       0          478.37        1734.29         2550.11         4070.75  
    0.113       308.86          1148.76        2253.34         3536.59         5043.14  
    0.119       465.71          1479.27        2591.75         4027.39         5500.00  
    0.125       150.57          807.57        1861.23         3050.96         4519.77  
    0.131       0          492.33        1510.29         2590.16         4035.61  
    0.138       0          507.14        1742.63         2618.05         4095.29  
    0.144       0          513.35        1914.03         2639.37         4127.71  
    0.150       0          523.42        1554.74         2651.30         4118.63  
    0.156       0          542.82        2042.00         2672.23         4123.37  
    0.163       0          471.14        2316.27         2744.60         4119.78  
    0.169       0          419.77        2252.31         2822.71         4092.97  
    0.175       0          396.31        2262.89         2864.85         4069.83  
    0.181       245.02          1403.98        2691.01         3634.81         5041.22  
    0.188       366.50          1073.85        2819.73         3933.39         4874.34  
    0.194       118.06          593.94        2684.98         3997.66         4575.35  
    0.200       345.36          541.61        2644.40         3998.12         4748.58  
    0.206       529.41          918.10        2606.71         3978.46         5133.08  
    0.213       172.43          732.36        2253.12         3088.02         4410.38  
    0.219       0          558.31        2074.96         2780.28         4040.54  
    0.225       0          526.64        1856.65         2844.65         4088.53  
    0.231       338.02          1333.19        2579.39         3646.29         4633.10  
    0.238       505.45          1752.37        2890.76         4177.22         5302.53  
    0.244       497.80          1787.21        2662.36         4155.19         4976.50  
    0.250       508.97          1747.80        2776.66         4148.47         4743.03  
    0.256       368.22          1693.21        2842.28         4093.39         4749.17  
    0.263       368.03          1768.60        2791.25         4024.72         4792.54  
    0.269       408.11          1475.41        2829.48         4070.62         4947.63  
    0.275       425.21          1359.91        2887.69         4068.25         5343.74  
    0.281       430.87          1397.74        2766.36         4000.83         4818.48  
    0.288       439.38          1430.87        2681.53         3873.14         4525.23  
    0.294       467.08          1460.04        2700.45         3826.14         5192.57  
    0.300       502.88          1411.03        2741.88         3864.93         5500.00  
    0.306       521.86          1327.22        2784.36         3886.54         5500.00  
    0.312       167.84          786.56        1748.36         3142.74         4303.01  
    0.319       0          583.39        1773.71         2780.75         3893.76  
    0.325       0          618.97        2189.84         2768.06         3920.59  
    0.331       0          641.20        2218.70         2776.95         3792.81  
    0.338       0          665.97        2191.65         2810.11         3771.88  
    0.344       0          667.41        2382.59         2824.79         3883.51  
    0.350       0          639.38        2309.77         2814.75         3947.91  
    0.356       0          601.21        1972.11         2810.24         3964.62  
    0.363       365.93          1024.42        2513.65         3626.85         4251.88  
    0.369       506.66          1315.10        2829.44         4023.71         4154.58  
    0.375       478.32          1434.13        2837.53         4040.14         4046.38  
    0.381       466.73          1485.92        2837.97         3980.44         4433.21  
    0.388       458.91          1465.85        2850.41         3979.83         4664.35  
    0.394       448.97          1459.62        2903.96         4007.14         4628.06  
    0.400       142.34          759.80        2249.74         3226.28         4219.79  
    0.406       0          447.60        2367.01         2918.83         4090.39  
    0.413       0          490.07        2566.77         3034.03         4116.74  
    0.419       0          525.03        2637.23         3081.75         4065.74  
    0.425       0          170.59        1202.37         2833.85         3478.77  
    0.431       0          324.28        2016.69         3188.02         3514.81  
    0.438       0          442.02        2764.29         3138.34         3504.14  
    0.444       0          434.75        2322.57         2862.89         3417.26  
    0.450       0          140.24        930.52         2774.73         3385.14  
    0.456       0          252.92        2009.60         3279.65         3601.73  
    0.463       0          360.84        2744.00         3103.75         3663.00  
    0.469       0          356.38        2472.70         2812.81         3681.48  
    