0.025       272.81          694.35        2362.17         3858.17         5500.00  
    0.031       265.22          744.14        2569.38         3799.91         5331.98  
    0.038       262.70          736.07        2433.59         3769.38         5231.82  
    0.044       255.66          754.13        2386.73         3836.15         5438.71  
    0.050       54.95          164.75        817.48         2664.16         4071.98  
    0.056       279.89          1166.34        1845.67         3462.74         4713.43  
    0.062       470.63          1244.91        2242.74         3846.67         5055.11  
    0.069       493.37          951.67        2171.78         3782.92         5021.74  
    0.075       446.00          850.46        2319.19         3779.93         5151.54  
    0.081       436.49          844.65        2389.61         3846.99         5023.61  
    0.088       449.15          867.46        2486.38         3890.33         5014.67  
    0.094       481.24          916.21        2413.97         3903.12         4899.03  
    0.100       505.13          1045.99        2295.81         4003.64         4988.58  
    0.106       518.21          1195.23        2192.96         4024.12         5396.69  
    0.113       525.37          1181.92        2250.36         3970.71         5500.00  
    0.119       524.31          1104.82        2338.07         3915.31         5500.00  
    0.125       512.52          1060.34        2378.48         3877.30         5500.00  
    0.131       499.81          1075.34        2392.46         3868.29         4912.25  
    0.138       491.27          1107.46        2394.01         3847.51         4522.06  
    0.144       481.49          1117.30        2390.08         3826.85         4329.14  
    0.150       467.28          1113.03        2337.97         3837.05         4158.39  
    0.156       455.66          1207.60        2274.43         3866.15         4127.41  
    0.163       416.40          1433.69        2192.14         3906.27         4176.26  
    0.169       340.88          1354.77        3094.54         3964.84         4292.97  
    0.175       298.47          1215.22        2832.66         4007.24         5012.72  
    0.181       267.42          1180.83        2849.31         4058.89         5435.84  
    0.188       275.82          1131.65        2780.08         3940.68         4997.43  
    0.194       275.43          1123.95        2605.36         3899.08         4876.56  
    0.200       237.51          1127.69        2646.38         3833.16         4908.39  
    0.206       246.42          1067.11        2613.85         3770.72         4845.42  
    0.213       321.18          1112.44        2606.95         3818.36         4847.70  
    0.219       301.44          1145.43        2667.41         3909.92         4824.89  
    0.225       308.14          1234.05        2732.11         3921.30         5352.08  
    0.231       67.77          585.22        2180.49         3477.53         4802.72  
    0.238       686.66          1617.30        3048.75         4307.05         5307.26  
    0.244       189.80          1501.61        2496.81         3772.61         4746.35  
    0.250       360.62          1612.88        2338.16         3847.87         5029.47  
    0.256       439.66          1373.34        2491.18         3941.70         5055.33  
    0.263       457.43          1276.14        2657.28         3881.03         5397.12  
    0.269       473.41          1273.85        2660.23         3835.95         5500.00  
    0.275       477.42          1254.62        2736.33         3799.29         5174.32  
    0.281       476.60          1230.00        2831.93         3776.63         4872.03  
    0.288       479.70          1215.69        2843.32         3789.20         4657.82  
    0.294       479.84          1184.61        2914.72         3808.24         4518.60  
    0.300       481.53          1186.77        3108.19         3817.34         4730.04  
    0.306       488.85          1199.16        3011.31         3813.16         4803.29  
    0.312       489.02          1179.80        2649.58         3795.57         4711.65  
    0.319       488.62          1156.91        2546.80         3801.33         5203.63  
    0.325       498.70          1141.38        2765.74         3818.12         5466.82  
    0.331       108.60          636.32        1473.91         3200.96         4195.91  
    0.338       388.22          919.35        2480.56         3685.23         5139.53  
    0.344       502.09          993.98        2771.24         3882.82         5500.00  
    0.350       503.89          973.56        2627.94         3873.09         5294.57  
    0.356       507.02          978.06        2557.49         3859.18         5024.03  
    0.363       519.83          1000.72        2555.60         3864.99         4773.95  
    0.369       524.94          1030.18        2575.23         3876.68         4627.67  
    0.375       510.84          1055.15        2535.24         3862.68         4538.92  
    0.381       496.25          1074.44        2489.58         3842.45         4355.26  
    0.388       483.87          1076.98        2456.34         3766.90         4229.73  
    0.394       458.08          1077.06        2447.61         3687.26         4181.87  
    0.400       436.41          1089.90        2459.60         3639.25         4160.21  
    0.406       431.78          1105.45        2478.27         3709.53         4164.93  
    0.413       431.96          1118.37        2469.66         3945.24         4179.26  
    0.419       431.90          1124.53        2492.92         4028.94         4307.34  
    0.425       433.16          1130.51        2524.69         4083.82         4374.82  
    0.431       435.11          1133.31        2541.78         4112.27         4618.90  
    0.438       436.26          1134.33        2548.84         4075.87         4382.43  
    0.444       436.31          1139.20        2560.56         4095.13         4160.55  
    0.450       432.10          1144.72        2569.96         3952.00         4144.73  
    0.456       425.86          1147.48        2577.94         3769.22         4154.24  
    