0.025       0          303.32        2393.84         2675.23         4013.97  
    0.031       0          284.34        2389.53         2664.95         4018.76  
    0.038       0          268.07        2376.74         2678.81         4032.24  
    0.044       147.75          257.70        2383.96         3360.09         4031.01  
    0.050       232.32          654.31        2388.52         3729.72         4248.98  
    0.056       224.95          935.77        2469.75         3806.01         5078.05  
    0.062       228.18          1309.95        2539.09         3695.34         5168.63  
    0.069       259.95          1475.65        2540.89         3627.19         4878.76  
    0.075       350.99          1405.88        2556.52         3784.97         4667.21  
    0.081       389.46          1121.01        2534.84         3649.49         4446.43  
    0.088       384.15          957.34        2488.25         3452.66         4341.93  
    0.094       397.16          963.90        2474.33         3459.28         4326.20  
    0.100       409.26          981.79        2490.98         3536.27         4330.86  
    0.106       416.53          999.06        2519.43         3564.09         4297.14  
    0.113       425.22          1015.55        2542.97         3542.94         4200.02  
    0.119       432.61          1033.28        2556.38         3552.52         4128.12  
    0.125       439.00          1043.64        2564.53         3632.52         4156.94  
    0.131       442.35          1067.86        2582.51         3654.69         4210.62  
    0.138       441.90          1107.59        2603.06         3619.51         4219.72  
    0.144       441.27          1140.22        2605.14         3637.60         4221.27  
    0.150       432.95          1141.55        2573.07         3695.32         4246.13  
    0.156       416.13          1136.16        2547.20         3699.48         4187.91  
    0.163       390.31          1122.38        2545.65         3659.22         4092.36  
    0.169       375.08          1138.65        2565.42         3667.16         4063.34  
    0.175       353.20          1045.84        2571.58         3661.30         4060.13  
    0.181       341.66          1129.61        2505.94         3686.86         4167.55  
    0.188       323.37          1383.20        2519.05         3752.31         4525.08  
    0.194       363.51          1426.65        2564.85         3776.75         4819.39  
    0.200       405.83          1413.91        2566.86         3782.78         4846.60  
    0.206       444.20          1862.53        2295.54         3784.99         4760.81  
    0.213       175.29          1102.91        2134.61         3530.64         4305.51  
    0.219       268.75          1101.62        2514.61         3680.64         4473.82  
    0.225       430.32          1433.12        2780.10         3922.44         4815.16  
    0.231       443.66          1413.20        2814.49         3948.36         5006.86  
    0.238       435.41          1445.34        2958.29         4042.98         5345.87  
    0.244       403.03          1522.88        2896.78         4096.01         5500.00  
    0.250       386.27          1601.99        2755.09         4060.57         5500.00  
    0.256       145.32          902.90        2124.11         3340.59         4616.16  
    0.263       0          416.87        1828.61         3009.33         4120.07  
    0.269       0          641.98        1791.12         3148.14         4089.77  
    0.275       0          909.55        2042.95         3145.17         4019.43  
    0.281       0          995.33        2239.30         3061.40         3948.38  
    0.288       602.08          1828.78        2628.87         3446.96         4062.73  
    0.294       366.26          1599.98        2642.84         3724.31         4178.12  
    0.300       0          725.85        2364.84         3729.14         4186.04  
    0.306       287.73          631.96        2386.59         3896.12         4124.15  
    0.312       430.73          1016.02        2453.36         3760.84         4213.35  
    0.319       412.46          1167.23        2443.73         3618.71         4285.70  
    0.325       413.79          1146.01        2438.65         3616.50         4238.21  
    0.331       419.28          1135.05        2456.93         3581.94         4169.14  
    0.338       427.79          1124.15        2491.01         3503.83         4158.15  
    0.344       430.61          1109.12        2494.71         3489.52         4122.45  
    0.350       433.43          1099.34        2494.43         3499.84         4147.93  
    0.356       433.19          1094.59        2510.79         3511.65         4204.55  
    0.363       432.25          1093.38        2550.52         3503.26         4234.77  
    0.369       433.32          1092.32        2585.01         3535.74         4247.34  
    0.375       431.09          1080.67        2580.70         3569.34         4280.52  
    0.381       430.22          1070.40        2581.70         3541.89         4319.33  
    0.388       427.89          1062.82        2608.08         3483.44         4312.49  
    0.394       425.11          1055.20        2594.16         3470.28         4282.96  
    0.400       423.23          1056.92        2574.53         3499.68         4316.74  
    0.406       420.33          1067.21        2580.60         3528.24         4346.89  
    0.413       421.10          1080.64        2583.49         3509.40         4333.14  
    0.419       423.07          1090.77        2593.66         3509.83         4358.58  
    0.425       422.04          1098.76        2594.25         3603.30         4453.85  
    0.431       416.76          1104.82        2575.93         3662.97         4634.81  
    0.438       409.03          1112.27        2556.89         3686.32         4650.58  
    0.444       394.14          1143.75        2531.60         3744.74         4360.62  
    0.450       377.57          1153.89        2549.93         3753.69         4149.70  
    0.456       371.59          1147.32        2588.93         3716.27         4511.74  
    0.463       366.25          1136.52        2629.37         3718.67         4650.48  
    0.469       362.76          1118.81        2650.16         3715.20         4520.69  
    0.475       362.34          1105.09        2658.97         3714.67         4696.59  
    0.481       359.36          1081.59        2675.42         3738.07         4800.74  
    0.488       358.89          1071.68        2666.14         3790.59         4895.25  
    0.494       358.67          1085.88        2662.99         3880.99         4774.23  
    0.500       355.11          1097.64        2658.52         3956.22         4956.33  
    0.506       350.87          1090.93        2639.33         4011.71         4688.63  
    0.513       346.76          1089.42        2638.11         4042.54         4322.52  
    0.519       344.01          1115.55        2640.36         4051.65         5033.15  
    0.525       346.23          1140.73        2646.01         4082.58         5500.00  
    