0.025       435.86          858.04        2763.60         3382.79         4747.27  
    0.031       437.40          868.27        2762.05         3350.65         4407.76  
    0.038       445.80          882.64        2759.28         3331.13         4117.47  
    0.044       463.76          887.10        2784.69         3381.13         4322.83  
    0.050       491.32          877.97        2823.19         3384.13         5206.36  
    0.056       510.04          896.16        2870.55         3379.89         5500.00  
    0.062       508.58          943.14        2864.73         3447.12         5500.00  
    0.069       480.78          992.75        2801.03         3505.82         5500.00  
    0.075       448.86          989.23        2824.55         3537.76         5500.00  
    0.081       352.45          899.40        2845.40         3579.07         5500.00  
    0.088       275.73          896.08        2880.86         3654.34         5500.00  
    0.094       261.04          892.24        2913.93         3666.69         5500.00  
    0.100       246.34          868.67        2932.13         3684.92         5500.00  
    0.106       226.41          822.82        2984.05         3691.53         5500.00  
    0.113       205.66          719.27        2977.83         3508.28         5500.00  
    0.119       54.48          186.96        1262.46         2854.78         4027.09  
    0.125       0          0        596.36         2705.71         3526.77  
    0.131       0          0        635.10         2746.14         3624.12  
    0.138       0          0        738.52         2800.22         3566.62  
    0.144       0          0        787.81         2790.29         3634.48  
    0.150       0          0        778.82         2718.81         3603.50  
    0.156       0          535.19        2161.15         3253.30         3564.90  
    0.163       0          753.97        2351.97         3425.46         4052.18  
    0.169       497.70          985.42        3191.19         3525.56         4665.46  
    0.175       827.99          1120.02        3188.91         3723.57         4787.55  
    0.181       599.47          1283.56        2952.56         3861.22         4775.78  
    0.188       474.23          1193.69        2852.21         3705.10         4816.23  
    0.194       455.68          1133.74        2767.95         3522.47         5124.42  
    0.200       456.12          1107.93        2763.56         3468.30         5208.63  
    0.206       454.93          1083.48        2756.60         3461.52         5116.48  
    0.213       454.80          1061.34        2724.07         3449.91         5100.77  
    0.219       462.26          1029.32        2735.23         3437.00         5135.31  
    0.225       467.35          980.42        2714.53         3440.92         5128.26  
    0.231       465.13          953.05        2674.40         3471.27         5085.12  
    0.238       464.50          942.61        2678.82         3487.87         5057.35  
    0.244       462.50          937.45        2736.64         3464.79         5035.80  
    0.250       456.73          931.40        2755.39         3421.10         4991.26  
    0.256       452.63          924.72        2717.96         3396.44         4972.44  
    0.263       451.65          922.33        2685.27         3386.33         4936.91  
    0.269       451.92          925.71        2691.52         3365.54         4902.48  
    0.275       451.35          927.04        2672.24         3357.44         4881.64  
    0.281       449.28          924.69        2650.70         3374.20         4859.37  
    0.288       447.35          923.34        2665.70         3386.82         4870.17  
    0.294       452.78          927.25        2690.42         3392.10         4846.54  
    0.300       456.99          942.18        2691.80         3392.85         4873.52  
    0.306       459.01          966.92        2677.58         3374.94         4919.67  
    0.312       462.09          990.47        2654.80         3368.29         4947.57  
    0.319       467.72          1019.07        2623.01         3379.65         4997.33  
    0.325       471.74          1052.38        2613.93         3390.89         5027.70  
    0.331       474.19          1088.75        2601.77         3397.13         5028.24  
    0.338       478.09          1127.00        2588.63         3392.38         5053.97  
    0.344       478.52          1163.56        2566.20         3322.69         5120.63  
    0.350       460.87          1163.72        2520.75         3226.14         5136.44  
    0.356       412.75          1152.30        2459.89         3231.59         5193.32  
    0.363       365.62          1158.21        2355.78         3363.12         5422.42  
    0.369       309.77          1158.62        2360.81         3469.00         5500.00  
    0.375       79.94          478.28        1470.66         2717.51         4062.46  
    0.381       221.74          905.75        2092.06         3243.19         4961.37  
    0.388       325.36          1167.65        2464.28         3550.43         5500.00  
    0.394       333.03          1157.56        2474.18         3568.99         5500.00  
    0.400       332.26          1139.31        2486.69         3555.92         5500.00  
    0.406       339.19          1138.68        2511.33         3524.08         5500.00  
    0.413       341.23          1137.34        2532.38         3530.09         5500.00  
    0.419       341.17          1135.59        2546.16         3551.20         5500.00  
    0.425       340.26          1135.68        2560.13         3560.87         5500.00  
    0.431       336.01          1138.77        2565.16         3563.62         5500.00  
    0.438       336.00          1139.50        2563.74         3565.59         5500.00  
    