0.025       413.34          846.56        2730.31         3284.38         5500.00  
    0.031       416.53          881.67        2722.62         3264.10         5214.80  
    0.038       418.00          930.22        2694.78         3286.52         4837.33  
    0.044       420.52          975.87        2677.23         3339.94         4851.25  
    0.050       421.50          1001.26        2657.99         3365.80         4949.24  
    0.056       419.50          1011.47        2677.89         3332.68         5363.33  
    0.062       419.05          1019.74        2711.55         3407.91         5489.98  
    0.069       414.35          1045.03        2830.72         3500.87         5349.72  
    0.075       390.36          1078.01        2907.32         3685.64         5476.15  
    0.081       377.82          1111.21        2841.57         3787.13         5500.00  
    0.088       334.46          1006.21        2934.04         3776.54         5500.00  
    0.094       165.81          986.76        2913.72         3678.64         5500.00  
    0.100       19.19          135.10        1247.97         2972.14         4031.67  
    0.106       275.65          923.74        2645.30         3650.84         5049.33  
    0.113       360.23          1066.48        2841.46         3542.28         5107.09  
    0.119       386.70          1122.40        2796.48         3519.32         5067.68  
    0.125       425.35          1164.27        2863.90         3772.09         5026.98  
    0.131       452.18          1162.81        3017.12         3796.13         5434.39  
    0.138       468.95          1109.23        2831.77         3951.23         5500.00  
    0.144       422.75          1012.82        2879.32         4005.19         5500.00  
    0.150       56.85          864.88        2255.73         3233.80         4498.06  
    0.156       0          831.96        2431.98         3565.17         3898.62  
    0.163       0          802.41        2717.28         3152.38         3918.96  
    0.169       0          109.30        1089.21         2823.79         3937.91  
    0.175       0          674.34        2025.95         3268.14         3831.00  
    0.181       0          791.17        2060.15         3172.18         3834.93  
    0.188       0          788.24        2082.74         3122.24         3958.01  
    0.194       831.84          2099.25        2796.92         4177.88         5291.41  
    0.200       1042.76          2150.99        2862.59         4266.52         4573.26  
    0.206       1091.12          2249.32        2628.68         4202.51         4316.53  
    0.213       150.22          1170.98        2959.95         3314.77         4151.51  
    0.219       377.22          1037.79        2995.60         3398.63         4927.28  
    0.225       439.99          1057.21        2873.85         3421.89         5438.93  
    0.231       448.68          1049.24        2819.31         3412.12         5500.00  
    0.238       447.54          1034.79        2791.81         3420.73         5500.00  
    0.244       446.25          1016.51        2724.36         3420.93         5500.00  
    0.250       451.12          1004.13        2683.08         3420.98         5500.00  
    0.256       463.48          995.49        2685.04         3434.67         5500.00  
    0.263       480.17          963.89        2664.47         3436.39         5500.00  
    0.269       510.04          887.42        2696.45         3451.83         5500.00  
    0.275       464.44          799.93        2721.90         3434.52         5500.00  
    0.281       62.52          743.29        1955.41         2904.17         3700.32  
    0.288       0          736.49        1758.35         2934.53         3425.72  
    0.294       0          767.51        1859.59         2883.05         3419.19  
    0.300       0          790.74        1991.91         2880.86         3402.57  
    0.306       0          108.70        275.30         1100.90         2932.82  
    0.312       223.25          712.66        2475.70         3038.72         5138.24  
    0.319       345.08          833.44        2771.66         3382.62         5500.00  
    0.325       410.79          849.13        2736.88         3361.77         5500.00  
    0.331       426.93          856.47        2723.21         3343.66         5500.00  
    0.338       431.30          859.42        2643.89         3325.84         5500.00  
    0.344       429.86          847.86        2624.71         3348.47         5500.00  
    0.350       426.73          843.67        2608.89         3372.33         5500.00  
    0.356       426.73          846.83        2603.05         3378.05         5500.00  
    0.363       429.31          850.30        2613.41         3387.68         5500.00  
    0.369       433.66          848.99        2632.78         3350.08         5500.00  
    0.375       435.35          849.14        2627.59         3311.83         5500.00  
    0.381       432.45          870.52        2657.12         3291.17         5500.00  
    0.388       427.90          907.07        2644.01         3296.62         5500.00  
    0.394       421.01          936.17        2606.76         3286.04         5500.00  
    0.400       417.21          952.54        2554.70         3273.48         5500.00  
    0.406       416.76          968.42        2501.70         3250.52         5500.00  
    0.413       418.88          984.27        2497.71         3307.71         5464.45  
    0.419       422.01          1007.54        2463.71         3377.51         5267.45  
    0.425       419.70          1064.05        2444.33         3398.07         5210.68  
    0.431       418.28          1091.01        2466.26         3419.22         5240.75  
    0.438       414.13          1094.13        2474.09         3425.80         5212.02  
    0.444       403.96          1101.83        2483.62         3429.22         5459.82  
    0.450       372.68          1104.18        2485.08         3367.74         5500.00  
    0.456       325.18          1090.53        2491.96         3265.56         5205.62  
    0.463       323.71          1092.31        2500.62         3292.10         5453.28  
    0.469       326.53          1107.13        2498.37         3104.72         5500.00  
    0.475       326.16          1110.20        2531.45         3218.73         5500.00  
    0.481       331.07          1109.69        2536.71         3407.13         5500.00  
    0.488       346.19          1115.32        2532.26         3276.31         5500.00  
    0.494       361.57          1134.15        2548.56         3183.48         5500.00  
    0.500       372.32          1147.60        2543.19         3377.89         5500.00  
    0.506       51.18          478.49        1344.07         2670.25         3785.87  
    0.513       0          371.86        1162.06         2576.33         3530.64  
    0.519       0          373.84        1181.66         2591.59         3563.86  
    0.525       0          371.70        1200.30         2582.57         3579.70  
    