0.025       311.87          1148.86        2728.75         4066.93         5171.50  
    0.031       292.26          1290.54        2620.13         3984.99         5021.45  
    0.038       281.08          1354.41        2716.14         3962.55         5031.97  
    0.044       264.41          1321.04        2772.95         4157.78         5128.27  
    0.050       276.49          1361.45        2845.21         4114.90         5261.09  
    0.056       290.58          1104.65        2664.11         3842.50         5007.20  
    0.062       277.73          1218.85        2717.55         3984.76         4661.08  
    0.069       21.32          408.45        2103.63         2889.24         4679.27  
    0.075       0          418.83        2424.32         2907.55         4624.96  
    0.081       425.19          703.04        2512.16         3619.75         4716.77  
    0.088       504.32          751.97        2445.59         3689.20         4892.70  
    0.094       527.53          909.82        2360.43         3618.86         5454.26  
    0.100       535.04          1316.88        2181.01         3791.64         5500.00  
    0.106       572.46          1264.72        1791.76         3693.82         5500.00  
    0.113       622.93          1192.68        1774.09         3526.97         5105.71  
    0.119       648.55          1032.73        1877.42         3397.21         4712.20  
    0.125       660.66          938.06        1625.03         3358.94         4575.81  
    0.131       666.33          1131.69        1680.80         3330.01         4545.16  
    0.138       666.20          1177.25        1903.07         3288.68         4558.69  
    0.144       653.69          1125.39        2121.32         3258.77         4603.00  
    0.150       652.50          1136.64        2193.73         3287.29         4544.60  
    0.156       639.14          1142.93        2231.20         3370.06         4554.78  
    0.163       626.43          1124.73        2206.11         3425.86         4589.95  
    0.169       610.81          1097.67        2148.82         3427.77         4633.16  
    0.175       581.47          1067.31        2187.60         3471.54         4746.36  
    0.181       538.02          1041.44        2223.94         3508.98         4792.56  
    0.188       487.01          1020.79        2268.65         3545.92         4861.21  
    0.194       499.50          1039.66        2638.74         3788.29         4700.40  
    0.200       526.85          1159.70        2787.23         4072.73         5437.28  
    0.206       40.79          639.98        1323.73         2989.11         4154.54  
    0.213       549.21          1134.74        2507.99         3689.50         4702.27  
    0.219       682.36          1232.55        2851.07         3342.20         4469.25  
    0.225       804.10          1310.38        2949.83         4247.50         4879.96  
    0.231       691.92          1280.58        2746.33         3713.08         4622.99  
    0.238       625.62          1330.60        2659.45         4009.31         4832.61  
    0.244       624.80          1339.64        2638.36         3719.33         4952.79  
    0.250       608.06          1309.65        2774.55         3672.00         5058.47  
    0.256       611.39          1265.97        2703.12         3640.57         4984.81  
    0.263       621.74          1465.66        2927.74         3770.14         5078.22  
    0.269       584.46          1639.14        2880.44         4194.69         4952.66  
    0.275       600.32          1598.99        2912.43         3639.10         4841.28  
    0.281       629.07          1576.45        2854.71         3353.65         4787.22  
    0.288       638.60          1591.14        2645.04         3383.90         4810.37  
    0.294       627.71          1544.24        2862.01         3461.58         4963.47  
    0.300       586.97          1491.14        2858.53         4115.71         5459.61  
    0.306       538.25          1475.30        2811.90         3769.43         4848.52  
    0.312       478.62          1517.51        2833.09         3499.28         5079.41  
    0.319       479.71          1725.55        3007.25         3873.48         5469.41  
    0.325       550.32          1959.42        2670.48         3618.00         4773.65  
    0.331       432.62          1998.11        2642.51         3676.29         4623.05  
    0.338       480.90          1868.07        2509.57         3715.84         4439.99  
    0.344       435.55          1120.87        2666.61         3795.33         4562.34  
    0.350       451.24          1147.92        2513.27         3755.12         4962.11  
    0.356       486.03          1198.04        2782.27         3880.32         4510.54  
    0.363       37.69          563.78        1351.44         2920.24         4025.43  
    0.369       450.59          1109.59        2386.44         3883.82         5383.45  
    0.375       480.72          1144.62        2391.79         3975.61         5500.00  
    0.381       473.20          1144.89        2360.98         3971.70         5500.00  
    0.388       36.44          521.65        1301.08         2494.81         4117.45  
    0.394       429.87          1103.75        2198.98         3904.47         4944.35  
    0.400       464.19          1129.58        2237.89         3977.65         4436.38  
    0.406       464.14          1203.16        2232.17         4007.27         4347.02  
    0.413       467.96          1186.16        2236.48         3794.97         4437.24  
    0.419       474.39          1180.73        2202.77         4033.84         4125.27  
    0.425       479.52          1180.97        2150.21         3917.33         4226.12  
    0.431       473.88          1165.61        2174.74         3799.83         4197.44  
    0.438       36.50          540.85        1386.73         2525.89         3995.28  
    0.444       0          502.15        1323.44         2496.31         3962.38  
    0.450       461.16          1249.14        2307.49         3867.16         5381.35  
    0.456       499.72          1347.92        2554.53         3985.51         5500.00  
    0.463       487.53          1329.36        2504.38         3979.46         5131.53  
    0.469       471.93          1331.76        2517.14         3984.15         4568.50  
    0.475       459.54          1327.23        2540.82         3953.47         4387.66  
    0.481       451.48          1283.79        2503.65         3900.40         4350.51  
    0.488       421.47          1247.63        2526.47         3849.99         4312.65  
    0.494       348.98          1191.08        2630.09         3849.49         4696.65  
    0.500       331.60          1192.94        2718.75         3686.35         4994.29  
    0.506       329.82          1187.21        2713.83         3740.35         4983.93  
    0.513       333.45          1211.19        2733.35         3769.68         5029.82  
    0.519       330.66          1235.67        2742.65         3785.61         5102.67  
    0.525       332.51          1251.86        2711.63         3774.57         5099.84  
    0.531       337.09          1279.73        2732.66         3739.01         4982.22  
    0.537       340.22          1299.11        2726.66         3739.52         4860.14  
    0.544       338.61          1302.87        2736.17         3713.57         4656.88  
    0.550       326.68          1314.46        2709.00         3700.73         4673.13  
    0.556       319.73          1323.27        2722.96         3675.38         4635.61  
    0.562       322.43          1348.30        2699.25         3746.42         4724.47  
    0.569       323.49          1330.45        2766.83         3701.72         4813.03  
    0.575       322.02          1328.05        2787.02         3735.94         4830.65  
    