0.025       313.40          1143.81        2086.32         3878.40         5096.40  
    0.031       307.34          1151.90        2357.09         4044.43         5370.41  
    0.038       309.36          1108.93        2234.22         3934.11         5052.02  
    0.044       313.88          1063.92        1991.27         3663.47         4780.50  
    0.050       300.18          1643.58        1950.17         3701.89         4909.43  
    0.056       291.18          1656.32        2499.72         4094.82         4963.59  
    0.062       93.19          780.18        2353.35         3365.71         4712.22  
    0.069       398.78          1594.56        2680.53         4024.82         5210.33  
    0.075       188.60          1125.88        2443.04         3465.57         4809.11  
    0.081       474.61          728.07        2230.82         3138.47         4692.55  
    0.088       696.13          806.14        2225.87         3234.33         4713.08  
    0.094       688.50          923.11        2204.89         3442.45         4861.46  
    0.100       689.66          1000.10        2204.15         3592.06         4810.92  
    0.106       700.85          1022.72        2206.60         3595.00         4724.44  
    0.113       710.85          1030.43        2210.42         3582.39         4747.59  
    0.119       723.70          1028.38        2219.87         3559.80         4775.03  
    0.125       722.14          1038.95        2231.31         3527.07         4805.59  
    0.131       704.68          1091.98        2241.42         3595.08         4808.87  
    0.138       684.85          1160.52        2253.35         3821.15         4917.38  
    0.144       668.34          1215.32        2266.75         3963.41         5160.73  
    0.150       659.40          1240.38        2286.55         3865.74         5104.99  
    0.156       657.10          1286.85        2312.70         3962.59         5351.05  
    0.163       643.64          1233.74        2351.47         4068.93         5500.00  
    0.169       620.05          1107.09        2390.19         4095.86         4578.35  
    0.175       597.84          1045.43        2419.02         3945.38         4356.90  
    0.181       562.83          1018.27        2392.65         3823.53         4678.77  
    0.188       552.96          1034.37        2353.60         3749.95         4864.40  
    0.194       584.39          1046.85        2381.89         3603.04         4885.65  
    0.200       558.85          1027.92        2417.90         3580.22         4793.41  
    0.206       529.06          1053.38        2421.47         3630.19         4832.80  
    0.213       555.26          1025.52        2380.64         3726.92         4945.36  
    0.219       577.72          1017.97        2456.09         3799.37         5333.32  
    0.225       586.13          1313.25        2697.73         4309.41         5149.59  
    0.231       613.98          1752.58        2894.55         4686.32         5334.27  
    0.238       631.96          1880.78        2949.32         4684.54         5500.00  
    0.244       618.81          1254.61        2803.58         4264.87         5310.42  
    0.250       562.99          951.39        2637.62         3799.80         5125.60  
    0.256       535.86          949.08        2561.40         3571.78         4783.05  
    0.263       556.61          966.32        2461.73         3680.88         4664.05  
    0.269       576.79          997.53        2409.91         3787.40         4742.08  
    0.275       578.98          1004.19        2389.83         3772.43         4872.26  
    0.281       575.22          971.91        2355.86         3773.00         4658.36  
    0.288       572.08          943.09        2366.54         3736.61         4513.19  
    0.294       571.55          937.18        2339.54         3683.30         4535.03  
    0.300       569.61          932.62        2277.54         3655.26         4550.13  
    0.306       568.76          927.41        2262.26         3704.99         4594.93  
    0.312       564.81          918.31        2365.86         3763.71         4664.30  
    0.319       560.49          910.60        2486.60         3686.96         4767.50  
    0.325       559.86          906.36        2550.61         3454.15         4892.32  
    0.331       561.16          906.04        2570.55         3354.24         4955.48  
    0.338       563.45          908.58        2523.85         3344.07         4976.81  
    0.344       564.97          910.63        2474.46         3375.93         4978.46  
    0.350       564.26          907.68        2449.34         3513.37         4839.92  
    0.356       564.96          907.99        2482.96         3473.12         4875.61  
    0.363       566.62          908.83        2478.78         3385.68         4946.87  
    0.369       567.60          905.10        2438.45         3453.28         4930.73  
    0.375       566.91          901.97        2442.35         3450.04         4936.90  
    0.381       566.07          902.11        2445.60         3485.48         5012.03  
    0.388       565.31          900.85        2434.86         3521.06         5017.65  
    0.394       562.42          897.83        2444.01         3546.89         4943.79  
    0.400       558.50          896.34        2446.24         3549.17         4882.62  
    0.406       556.50          895.23        2435.19         3537.98         4914.85  
    0.413       554.07          889.42        2433.62         3520.47         4953.38  
    0.419       547.69          882.70        2455.26         3525.08         4954.14  
    0.425       544.38          881.45        2473.36         3535.27         4937.57  
    0.431       543.69          881.29        2479.28         3550.68         4920.08  
    0.438       543.58          879.91        2488.92         3538.85         4927.95  
    0.444       549.08          880.36        2542.07         3561.14         4963.78  
    0.450       554.87          880.95        2577.01         3603.73         4991.12  
    0.456       555.53          880.62        2595.55         3623.37         5018.89  
    0.463       552.10          880.74        2547.84         3666.13         5064.65  
    0.469       547.78          879.02        2540.81         3708.47         5064.25  
    0.475       539.05          870.60        2594.54         3732.73         5043.31  
    0.481       514.12          847.80        2542.87         3734.62         4989.96  
    0.488       478.94          822.69        2495.34         3762.62         4990.62  
    0.494       461.93          811.66        2563.84         3795.43         5018.39  
    0.500       457.06          800.72        2675.82         3832.09         5132.89  
    