0.025       0          268.75        1853.67         2655.93         4239.47  
    0.031       0          292.12        1998.75         2676.00         4236.09  
    0.038       0          304.87        2029.55         2667.62         4250.62  
    0.044       0          304.86        1880.70         2640.14         4252.64  
    0.050       0          299.59        1651.83         2603.42         4247.70  
    0.056       0          286.93        1457.63         2562.26         4241.23  
    0.062       0          276.44        947.03         2528.92         4183.75  
    0.069       0          280.18        1300.86         2571.45         4110.56  
    0.075       0          270.80        1705.23         2953.80         4043.43  
    0.081       195.70          1462.45        2512.17         4119.94         5198.67  
    0.088       50.46          750.25        2059.35         3070.39         4617.20  
    0.094       484.61          665.17        2473.51         3876.04         5272.37  
    0.100       473.20          813.43        2720.26         3970.58         4604.81  
    0.106       422.67          818.75        2742.66         3906.98         4295.73  
    0.113       476.85          839.53        2743.20         3923.87         4273.30  
    0.119       541.62          916.27        2738.36         3955.31         4175.43  
    0.125       562.61          1036.27        2748.32         3796.09         4293.32  
    0.131       568.44          1126.96        2763.66         3802.03         4357.30  
    0.138       566.89          1205.88        2919.04         3895.94         4254.18  
    0.144       558.03          1245.56        3037.30         3873.31         4206.34  
    0.150       547.33          1275.99        3148.66         3866.98         4185.92  
    0.156       546.63          1301.89        3304.28         3963.03         4271.29  
    0.163       550.88          1333.29        3366.18         4016.71         4413.99  
    0.169       563.52          1300.63        3399.83         4094.01         4680.29  
    0.175       544.76          1254.54        3395.52         4082.26         4345.05  
    0.181       507.91          1223.43        3372.87         3768.23         4058.19  
    0.188       453.54          1208.97        3376.68         3568.99         4001.61  
    0.194       317.65          1208.40        3388.24         3704.76         4007.24  
    0.200       260.63          1171.47        3374.97         3683.38         4038.43  
    0.206       270.13          1156.34        3346.73         3886.19         4189.14  
    0.213       284.14          1160.52        3240.22         3934.08         4265.70  
    0.219       288.26          1156.53        3111.49         3885.14         4214.19  
    0.225       313.14          1169.99        3294.00         3933.50         4011.91  
    0.231       339.28          1218.10        3396.36         3972.76         4244.77  
    0.238       360.31          1251.47        3393.61         3965.41         4227.30  
    0.244       412.26          1211.36        3342.62         3954.02         4126.87  
    0.250       87.04          633.70        1873.03         3407.52         4025.01  
    0.256       326.83          1067.96        2916.47         3694.32         4257.52  
    0.263       403.74          1216.77        3085.61         3802.51         4411.67  
    0.269       432.52          1221.56        3134.12         3744.82         4470.00  
    0.275       422.68          1292.97        3428.29         3547.72         4523.29  
    0.281       471.79          1751.40        3338.91         3485.19         5302.12  
    0.288       99.55          1348.68        2459.03         3436.52         3943.46  
    0.294       0          959.49        2239.30         3432.58         3629.75  
    0.300       384.13          1320.74        3114.88         3791.88         4061.65  
    0.306       495.55          1412.32        3287.71         3899.63         4008.76  
    0.312       540.20          1429.91        3246.37         3918.58         5185.94  
    0.319       112.93          741.68        1847.47         3368.94         4216.44  
    0.325       0          557.38        1493.56         3258.55         3919.19  
    0.331       426.25          1259.70        2900.03         3820.74         4515.21  
    0.338       528.32          1459.70        3187.99         3931.95         4436.51  
    0.344       520.62          1462.34        3091.02         3841.29         4409.34  
    0.350       511.80          1487.52        3008.66         3704.15         4485.24  
    0.356       502.39          1489.63        2884.16         3715.33         4506.92  
    0.363       496.43          1512.07        2979.05         3722.63         4468.02  
    0.369       494.35          1520.44        2944.68         3729.05         4457.77  
    0.375       510.72          1464.53        2917.08         3661.02         4481.40  
    0.381       571.41          1299.29        2963.25         3784.50         4423.22  
    0.388       623.46          1191.89        2967.56         3812.55         4464.17  
    0.394       604.08          1221.78        2903.54         3819.03         4435.37  
    0.400       579.25          1338.72        2907.40         3848.26         4338.07  
    0.406       566.85          1306.50        3028.05         3805.59         4278.88  
    0.413       551.12          1253.64        2950.24         3770.01         4317.22  
    0.419       530.32          1223.41        2922.38         3781.08         4337.73  
    0.425       510.61          1190.17        2975.15         3829.99         4351.59  
    0.431       494.24          1173.16        3175.28         3793.41         4306.92  
    0.438       485.24          1178.20        3305.31         3748.27         4200.79  
    0.444       454.00          1217.30        3214.12         3695.13         4096.28  
    0.450       408.03          1267.02        3170.05         3686.32         4023.36  
    0.456       379.97          1230.67        3076.73         3693.02         4011.42  
    0.463       306.83          1203.67        2934.03         3699.20         4008.31  
    0.469       281.37          1202.00        2896.69         3705.48         4015.73  
    0.475       290.70          1202.80        2920.21         3707.72         4015.92  
    0.481       284.63          1196.01        2890.20         3746.68         4023.37  
    0.488       276.32          1181.03        2855.40         3804.65         4032.52  
    0.494       274.24          1189.31        2862.73         3798.22         4042.61  
    0.500       282.11          1196.58        2896.50         3794.36         4042.64  
    