0.025       0          391.54        2163.34         2660.55         3914.74  
    0.031       0          299.38        2107.80         2627.59         3925.22  
    0.038       193.56          903.73        2508.66         3525.32         5183.79  
    0.044       242.67          1064.56        2640.29         3782.85         5500.00  
    0.050       233.29          1065.22        2686.80         3808.87         5500.00  
    0.056       232.00          1062.37        2675.17         3820.34         5313.31  
    0.062       229.33          1059.53        2656.92         3898.72         5453.00  
    0.069       223.77          1047.35        2678.21         3928.78         5500.00  
    0.075       44.76          386.61        1447.83         2924.84         4305.81  
    0.081       169.41          860.46        2332.09         3720.55         5199.33  
    0.088       221.13          1068.67        2700.90         3976.62         5500.00  
    0.094       44.94          404.87        2556.12         3008.46         4319.41  
    0.100       179.17          1421.63        2706.60         3870.05         5202.76  
    0.106       45.11          346.04        554.07         2088.50         3279.47  
    0.113       0          0        1163.80         2439.74         3813.11  
    0.119       327.62          850.85        2439.94         3688.08         4877.58  
    0.125       418.03          995.21        2644.74         3706.51         5011.66  
    0.131       428.95          1004.82        2534.39         3496.23         4697.79  
    0.138       447.03          1025.77        2469.11         3419.11         4567.23  
    0.144       459.50          1036.53        2520.74         3422.59         4520.23  
    0.150       485.05          1047.86        2597.35         3452.41         4574.63  
    0.156       514.63          1043.61        2555.95         3482.58         4537.47  
    0.163       534.50          1051.65        2509.67         3492.40         4493.38  
    0.169       547.93          1052.14        2520.48         3502.78         4479.17  
    0.175       558.04          1062.81        2541.12         3510.22         4469.88  
    0.181       572.17          1084.46        2475.40         3529.48         4735.36  
    0.188       578.56          1097.99        2570.51         3537.45         4728.92  
    0.194       574.32          1107.21        2823.13         3541.61         4758.62  
    0.200       577.05          1116.61        2775.90         3553.31         4414.53  
    0.206       571.15          1119.40        2635.90         3562.75         4096.40  
    0.213       566.10          1122.96        2600.30         3577.26         4172.64  
    0.219       545.60          1126.52        2718.34         3603.68         4077.92  
    0.225       495.49          1145.47        2721.70         3671.00         4000.70  
    0.231       470.87          1157.64        2875.50         3704.25         4243.93  
    0.238       422.69          1125.12        3139.62         3707.81         5260.25  
    0.244       82.75          607.22        1662.69         3693.12         4059.30  
    0.250       0          633.78        1513.11         3452.81         3686.81  
    0.256       438.46          1031.69        2358.80         3628.85         5134.81  
    0.263       520.85          1060.15        2470.33         3663.81         5186.01  
    0.269       501.66          1080.13        2590.53         3637.68         5240.75  
    0.275       496.10          1071.58        2636.86         3650.22         5454.63  
    0.281       428.14          1133.62        3018.67         3691.92         5500.00  
    0.288       341.53          1131.47        2945.92         3688.71         5500.00  
    0.294       455.74          1390.17        3002.79         3724.92         5500.00  
    0.300       512.49          1527.97        3004.58         3780.71         5500.00  
    0.306       104.27          716.38        1860.23         3638.05         4035.33  
    0.312       382.20          1216.43        2764.17         3847.98         5131.23  
    0.319       96.23          715.52        1678.95         3485.76         4443.46  
    0.325       0          554.74        1352.13         3289.94         4246.98  
    0.331       0          621.02        1478.48         3130.47         4264.61  
    0.338       0          877.90        2211.07         2872.65         4358.00  
    0.344       939.59          1689.53        2729.11         3970.10         4470.60  
    0.350       1279.75          1453.27        2756.32         4200.19         4520.26  
    0.356       262.65          1336.51        2665.55         4094.61         4526.12  
    0.363       306.14          1335.57        2816.47         3995.72         4519.21  
    0.369       445.00          1304.26        2583.11         3672.83         4549.34  
    0.375       472.16          1292.28        2494.01         3570.68         4652.07  
    0.381       471.20          1250.96        2491.98         3546.04         4603.98  
    0.388       467.98          1209.63        2507.63         3528.33         4545.30  
    0.394       467.56          1181.78        2485.25         3527.69         4494.77  
    0.400       468.03          1155.44        2489.87         3531.84         4370.15  
    0.406       468.27          1140.36        2484.90         3538.19         4181.43  
    0.413       472.75          1133.09        2484.53         3547.58         4111.61  
    0.419       478.16          1126.51        2455.95         3546.14         4197.63  
    0.425       489.25          1129.81        2442.39         3523.12         4265.26  
    0.431       496.61          1124.27        2397.12         3500.27         4384.97  
    0.438       500.21          1104.04        2393.45         3512.05         4362.33  
    0.444       500.18          1087.55        2386.67         3527.10         4387.65  
    0.450       499.15          1086.16        2414.19         3533.69         4389.66  
    0.456       498.98          1088.17        2462.04         3543.33         4349.30  
    0.463       502.04          1088.52        2477.91         3540.84         4296.10  
    0.469       502.29          1091.92        2457.41         3526.79         4353.06  
    0.475       503.27          1103.49        2456.12         3528.27         4457.61  
    0.481       499.71          1109.01        2503.38         3537.96         4578.88  
    0.488       491.48          1118.13        2691.17         3522.09         5201.63  
    0.494       465.85          1124.97        2713.87         3487.11         5470.26  
    0.500       413.62          1108.09        2334.65         3478.87         5163.27  
    0.506       400.22          1114.24        2164.63         3481.02         5415.22  
    0.513       401.83          1122.82        2161.30         3466.87         5500.00  
    0.519       399.49          1131.04        2191.66         3361.67         5500.00  
    0.525       396.94          1147.93        2229.29         3061.73         5500.00  
    0.531       395.50          1169.47        2284.01         2956.00         5500.00  
    