0.025       510.90          872.82        2464.28         4047.03         4926.58  
    0.031       515.15          883.37        2487.84         3911.64         5099.80  
    0.038       520.72          890.76        2469.58         3683.65         4990.77  
    0.044       525.99          897.53        2472.95         3557.30         5081.03  
    0.050       531.26          907.52        2485.86         3636.00         5136.50  
    0.056       537.10          924.08        2485.03         3696.79         5058.72  
    0.062       542.59          949.11        2483.56         3664.37         5136.42  
    0.069       547.58          972.51        2457.11         3652.00         5160.77  
    0.075       552.35          993.80        2446.85         3697.39         5371.51  
    0.081       555.81          1027.43        2471.94         3748.49         5496.40  
    0.088       558.04          1056.92        2529.23         3794.51         5500.00  
    0.094       557.35          1070.20        2516.49         3750.40         5500.00  
    0.100       555.23          1080.44        2515.30         3809.83         5500.00  
    0.106       552.87          1091.58        2546.80         3979.98         5500.00  
    0.113       548.36          1107.83        2545.15         4012.47         5500.00  
    0.119       542.02          1146.41        2567.50         4020.93         5500.00  
    0.125       533.06          1199.65        2661.26         4006.58         5500.00  
    0.131       527.53          1218.09        2676.43         3959.20         5500.00  
    0.138       543.11          1309.98        2825.00         3881.11         5004.51  
    0.144       549.28          1302.55        3023.27         3879.40         5484.95  
    0.150       544.87          1179.97        2497.79         3958.12         5155.87  
    0.156       549.18          842.25        2435.58         4038.31         5489.55  
    0.163       550.40          870.27        2506.39         3913.42         5500.00  
    0.169       16.23          557.52        1532.34         3302.71         4074.26  
    0.175       0          550.48        1661.38         3211.81         3969.62  
    0.181       0          561.63        2137.50         3594.32         3909.25  
    0.188       560.54          1415.55        2706.05         3866.72         5453.05  
    0.194       565.41          1305.39        2708.64         3958.29         5235.01  
    0.200       552.90          1455.36        2901.93         4135.25         5491.95  
    0.206       547.28          1609.48        3266.80         4182.10         5500.00  
    0.213       549.37          1720.85        2945.86         3964.86         5500.00  
    0.219       16.20          1040.14        2254.32         3266.20         3981.15  
    0.225       861.60          1289.09        2308.45         3345.26         4174.92  
    0.231       619.64          1593.86        2429.39         3578.21         4076.67  
    0.238       524.87          1498.78        2546.80         3964.48         4067.76  
    0.244       423.78          1191.89        2704.06         4012.08         4062.91  
    0.250       434.73          993.04        2658.03         4174.26         4361.74  
    0.256       465.30          1041.14        2642.69         3811.82         4460.61  
    0.263       472.88          1067.76        2637.57         3952.86         4533.10  
    0.269       466.98          1059.17        2627.29         3980.76         4647.53  
    0.275       465.16          1053.18        2651.96         4201.13         4636.85  
    0.281       460.89          1041.36        2651.30         4254.33         4623.11  
    0.288       463.26          1024.94        2614.69         3848.84         4672.52  
    0.294       463.66          1013.12        2551.73         3886.95         4786.62  
    0.300       461.91          996.51        2528.64         4032.01         4862.28  
    0.306       462.69          993.03        2534.68         4162.60         4808.38  
    0.312       459.38          987.99        2568.61         4027.13         4859.12  
    0.319       457.45          979.70        2595.01         4029.97         4952.41  
    0.325       454.77          960.25        2588.95         4190.21         4955.87  
    0.331       454.35          946.33        2595.59         3810.79         5025.56  
    0.338       455.30          942.24        2608.89         4057.23         5028.42  
    0.344       455.25          927.83        2569.93         3659.07         5079.13  
    0.350       454.42          923.42        2551.99         3506.35         5108.89  
    0.356       454.42          924.65        2550.91         3282.43         5070.86  
    0.363       456.98          917.82        2538.81         3122.12         5081.33  
    0.369       457.83          913.36        2541.17         3058.46         5104.67  
    0.375       457.95          918.16        2545.79         2941.73         5178.36  
    0.381       458.88          924.74        2535.88         2847.23         5161.24  
    0.388       461.09          930.09        2525.68         3081.24         5131.09  
    0.394       459.40          929.57        2518.34         2799.65         5099.90  
    0.400       458.98          933.67        2509.21         2746.21         5104.74  
    0.406       460.42          941.30        2488.85         2968.30         5141.69  
    0.413       465.29          954.18        2484.93         3382.49         5140.05  
    0.419       465.26          965.24        2492.53         3135.70         5111.25  
    0.425       464.88          987.31        2529.34         3301.78         5054.50  
    0.431       466.74          998.07        2549.87         4010.36         4956.30  
    0.438       467.09          1014.15        2530.97         4898.76         5483.89  
    0.444       465.36          1019.16        2524.63         3700.29         5018.75  
    0.450       461.12          1019.20        2512.43         2975.74         5029.90  
    0.456       458.45          1027.84        2514.31         2965.07         4988.37  
    0.463       451.19          1024.40        2495.99         2778.67         4894.15  
    0.469       428.47          1008.31        2448.54         2676.10         5002.61  
    0.475       417.47          986.05        2416.80         2609.90         5037.52  
    0.481       417.39          971.27        2475.82         2647.64         5120.11  
    0.488       396.60          981.34        2510.52         2696.77         4964.89  
    0.494       382.69          999.89        2528.22         2698.59         4898.05  
    0.500       380.97          1008.87        2562.28         2690.14         4699.28  
    0.506       372.96          1019.69        2548.85         2714.43         4307.67  
    0.513       375.16          1029.36        2528.49         2708.47         4165.75  
    0.519       383.43          1025.97        2542.95         2724.27         4571.62  
    0.525       393.95          1011.74        2573.47         2745.16         4636.99  
    0.531       403.62          1006.63        2554.47         2834.38         4394.56  
    0.537       411.88          1019.17        2552.58         3198.81         4800.48  
    