0.025       287.35          1321.73        2812.96         3395.98         5056.15  
    0.031       287.16          1331.40        2756.95         3464.76         5081.91  
    0.038       290.59          1236.47        2631.78         3628.42         5172.02  
    0.044       297.52          1125.14        2586.76         3732.11         5191.61  
    0.050       302.71          1118.53        2600.88         3838.44         5030.64  
    0.056       301.50          1120.25        2594.97         3877.79         5137.21  
    0.062       298.83          1107.09        2677.80         3929.93         5425.46  
    0.069       300.11          1111.10        2651.26         3932.11         5111.76  
    0.075       308.75          1136.92        2573.68         3723.38         4722.91  
    0.081       315.94          1236.77        2696.88         3573.31         4685.52  
    0.088       324.46          944.78        2442.73         3643.81         4559.13  
    0.094       161.98          520.58        1928.27         3432.32         4375.07  
    0.100       0          402.97        1516.39         3001.79         4271.78  
    0.106       165.04          760.49        2032.77         3498.38         4889.33  
    0.113       308.00          1215.77        2679.13         4044.83         5251.15  
    0.119       290.81          1319.35        2662.74         3975.85         5022.70  
    0.125       277.74          1341.20        2738.69         4059.78         5039.55  
    0.131       275.68          1337.36        2807.87         4146.31         5134.04  
    0.138       294.92          1205.54        2729.47         3964.10         5105.35  
    0.144       293.92          1147.54        2688.04         4022.87         4827.64  
    0.150       299.50          1557.01        2754.07         4331.67         4688.15  
    0.156       354.77          1995.43        2722.58         4068.54         4682.11  
    0.163       432.10          1392.89        2598.86         3708.29         4697.30  
    0.169       486.99          720.04        2477.96         3688.28         4774.37  
    0.175       513.61          826.08        2415.04         3648.73         5163.09  
    0.181       525.45          1186.31        2328.52         3709.87         5500.00  
    0.188       540.66          1565.85        2078.65         3763.07         5500.00  
    0.194       270.06          821.69        1231.13         2664.78         4490.83  
    0.200       323.09          567.71        1204.31         2542.60         4121.00  
    0.206       306.81          871.28        1731.68         3362.80         4613.48  
    0.213       0          654.30        1697.57         3323.92         4528.79  
    0.219       0          321.78        1171.77         2489.04         3864.36  
    0.225       336.21          756.39        1242.30         2488.49         3947.46  
    0.231       657.25          1465.89        1875.21         3227.87         4564.35  
    0.238       655.30          1481.17        1988.25         3262.84         4528.15  
    0.244       644.37          1433.43        2054.89         3341.09         4552.26  
    0.250       633.37          1283.55        2074.39         3395.52         4603.55  
    0.256       615.40          1159.33        2113.95         3430.09         4704.50  
    0.263       575.07          1087.41        2196.49         3476.02         4793.98  
    0.269       503.71          1038.90        2310.78         3517.01         4857.47  
    0.275       469.44          1058.64        2674.53         3644.97         4818.49  
    0.281       486.83          1160.63        2850.25         3898.94         5131.60  
    0.288       241.07          883.51        1998.57         3459.54         4741.19  
    0.294       290.82          927.50        2010.66         3400.06         4638.23  
    0.300       571.49          1320.14        2720.03         3748.27         4856.12  
    0.306       280.44          1046.59        2083.98         3294.01         4392.87  
    0.312       338.13          1053.90        2119.94         3336.37         4454.25  
    0.319       637.30          1352.48        2717.52         3832.51         4727.73  
    0.325       613.57          1362.24        2661.73         3851.16         4909.24  
    0.331       605.88          1359.00        2713.89         3697.43         5016.38  
    0.338       603.57          1318.19        2743.13         3643.08         4999.41  
    0.344       613.35          1384.65        2814.87         3717.35         5060.52  
    0.350       601.26          1564.45        2894.36         3953.50         5182.64  
    0.356       588.74          1630.15        2888.57         3937.83         5015.64  
    0.363       611.68          1587.88        2874.36         3566.58         4808.92  
    0.369       633.42          1582.36        2715.63         3371.13         4780.35  
    0.375       634.19          1571.98        2731.19         3396.94         4877.38  
    0.381       609.52          1523.21        2857.45         3804.69         5240.61  
    0.388       566.53          1484.82        2837.84         3975.31         5118.24  
    0.394       508.91          1484.47        2803.80         3622.01         4838.28  
    0.400       477.45          1604.99        2946.62         3668.52         5215.87  
    0.406       520.81          1837.87        2860.32         3704.85         5096.54  
    0.413       579.49          1969.40        2634.56         3609.98         4668.89  
    0.419       541.87          2036.70        2600.12         3692.20         4559.33  
    0.425       498.30          1538.65        2596.06         3756.36         4501.63  
    0.431       484.26          1209.35        2552.38         3752.93         4816.36  
    0.438       472.80          1454.05        2813.39         3767.47         4944.88  
    0.444       235.24          984.08        2312.31         3414.42         4367.58  
    0.450       243.74          951.79        2058.71         3503.10         4753.77  
    0.456       473.15          1342.46        2482.91         3946.96         5500.00  
    0.463       469.67          1277.54        2402.81         3951.76         5500.00  
    0.469       470.35          1282.54        2382.16         3959.99         5500.00  
    0.475       475.80          1265.96        2345.19         3985.27         5090.22  
    0.481       481.68          1200.05        2302.94         3971.97         4632.14  
    0.488       484.86          1221.37        2279.43         3937.35         4536.35  
    0.494       484.15          1219.46        2287.34         3837.78         4514.24  
    0.500       485.72          1156.05        2310.01         3793.77         4460.23  
    0.506       487.74          1151.74        2300.58         3842.14         4384.26  
    0.513       483.01          1146.93        2293.83         3770.79         4380.35  
    0.519       481.28          1170.58        2322.26         3824.26         4351.74  
    0.525       484.75          1242.61        2406.26         3939.79         4921.41  
    0.531       483.38          1290.42        2451.79         3942.54         5262.30  
    0.537       482.09          1323.75        2476.97         3937.69         4771.08  
    0.544       480.85          1346.31        2517.77         3936.26         4518.40  
    0.550       474.03          1373.24        2535.50         3943.52         4511.93  
    0.556       466.86          1392.40        2558.23         3890.44         4499.84  
    0.562       463.97          1381.12        2546.31         3800.28         4487.06  
    0.569       451.35          1366.21        2525.41         3725.44         4448.18  
    0.575       399.26          1273.65        2572.49         3730.94         4520.78  
    0.581       347.79          1199.45        2660.18         3660.21         4771.45  
    0.588       334.60          1205.05        2706.67         3619.07         4924.56  
    0.594       335.69          1217.22        2721.37         3701.36         4940.84  
    0.600       336.05          1242.40        2739.86         3737.69         4977.22  
    0.606       335.96          1265.39        2726.29         3747.61         5008.11  
    0.613       341.72          1303.95        2716.16         3718.49         4975.18  
    0.619       348.56          1344.82        2722.33         3702.29         4900.83  
    0.625       351.69          1356.30        2726.44         3696.46         4763.98  
    0.631       348.52          1366.72        2717.01         3685.67         4679.54  
    0.638       341.96          1389.26        2712.87         3673.23         4672.80  
    0.644       346.27          1451.69        2705.04         3704.11         4740.66  
    0.650       352.37          1446.77        2721.43         3719.91         4828.40  
    0.656       351.77          1381.27        2771.55         3711.47         4836.19  
    0.663       345.73          1363.23        2789.96         3733.26         4881.25  
    0.669       331.86          1362.39        2794.95         3740.53         4963.84  
    0.675       316.37          1323.79        2780.40         3735.74         5052.91  
    