0.025       195.20          878.59        2302.38         3729.96         4663.56  
    0.031       196.86          989.40        2483.12         3846.10         4570.22  
    0.038       199.98          1293.14        2670.90         4102.76         4454.36  
    0.044       33.06          389.17        1563.48         2932.59         4393.35  
    0.050       167.69          1013.13        2413.53         4133.34         5107.07  
    0.056       207.29          1191.71        2603.81         4381.86         4533.35  
    0.062       213.01          1195.12        2623.26         4286.89         4353.07  
    0.069       215.98          1176.70        2668.31         4317.85         4370.43  
    0.075       35.67          379.73        1497.92         2909.57         4317.64  
    0.081       0          220.75        1191.36         2612.09         4221.70  
    0.088       0          215.03        1126.64         2742.60         4067.80  
    0.094       0          222.23        1161.11         3131.70         4058.62  
    0.100       0          257.06        1507.11         2774.18         4396.63  
    0.106       0          429.66        1662.17         2658.68         4438.49  
    0.113       0          481.05        1468.73         2682.01         4280.51  
    0.119       391.26          931.32        2522.66         3727.27         4390.01  
    0.125       480.57          1048.80        2676.09         3725.90         4342.59  
    0.131       499.07          1198.83        2580.88         3590.40         4308.93  
    0.138       546.82          1476.98        2711.57         3417.82         4252.14  
    0.144       552.44          1531.83        2808.28         3940.79         4178.15  
    0.150       525.28          1498.35        2752.07         3968.46         4317.32  
    0.156       507.39          1501.72        2788.54         3946.17         4327.96  
    0.163       496.20          1546.61        2852.85         3880.42         4383.90  
    0.169       495.42          1605.58        2885.57         3878.53         4383.56  
    0.175       495.04          1620.93        2932.47         3822.42         4310.65  
    0.181       489.87          1617.25        2930.96         3744.66         4278.28  
    0.188       483.89          1606.87        2930.24         3817.14         4283.34  
    0.194       477.79          1612.09        2896.98         3841.84         4399.35  
    0.200       478.31          1597.26        2856.66         3876.71         4342.46  
    0.206       493.36          1566.86        2876.71         3736.98         4255.59  
    0.213       508.99          1433.62        2821.56         3689.37         4238.01  
    0.219       451.51          1254.62        2917.98         3621.59         4168.71  
    0.225       371.48          1200.66        3064.87         3562.70         4133.02  
    0.231       59.02          197.16        1498.89         3269.50         3587.35  
    0.238       0          0        1210.42         3033.53         3540.12  
    0.244       109.94          997.09        2766.41         3519.88         4053.40  
    0.250       217.96          1185.40        3058.53         3773.21         4299.15  
    0.256       265.06          1173.59        3068.24         3909.23         4937.83  
    0.263       269.63          1161.49        3072.77         3863.95         5061.40  
    0.269       44.40          191.15        1288.67         3147.12         3990.84  
    0.275       342.06          1039.92        2729.11         3749.48         4816.04  
    0.281       407.56          1164.40        3216.71         3822.68         5167.07  
    0.288       424.55          1128.36        3097.19         3671.15         4912.70  
    0.294       452.40          1210.21        3024.21         3664.57         4834.24  
    0.300       458.12          1256.08        3072.55         3762.69         4927.94  
    0.306       461.84          1649.93        3192.19         3957.12         5408.89  
    0.312       76.25          284.63        1126.48         2163.81         3709.43  
    0.319       603.58          1503.68        2829.64         3088.69         4892.47  
    0.325       767.42          1976.93        3174.19         3455.68         5251.43  
    0.331       127.97          784.54        2249.80         3431.01         4145.94  
    0.338       401.16          1386.48        3096.17         3886.30         5240.45  
    0.344       472.12          1418.35        3325.62         3477.83         4399.15  
    0.350       486.09          1531.26        3394.34         3405.76         4076.10  
    0.356       80.64          676.89        1909.67         3355.52         4006.40  
    0.363       424.31          1405.84        3031.55         3909.63         5252.19  
    0.369       506.17          1570.58        3246.01         3959.34         4382.55  
    0.375       505.75          1554.75        3079.05         3838.57         4200.01  
    0.381       509.56          1591.18        2988.12         3777.04         4360.02  
    0.388       509.89          1543.23        2799.32         3722.48         4521.84  
    0.394       515.28          1545.11        2753.49         3781.60         4447.06  
    0.400       522.51          1617.34        2810.37         3812.28         4329.74  
    0.406       540.48          1685.71        2929.16         3950.67         4172.81  
    0.413       562.12          1624.88        2863.28         3699.54         4316.33  
    0.419       568.93          1452.34        2785.01         3611.44         4274.35  
    0.425       570.06          1340.83        2784.25         3567.95         4129.73  
    0.431       592.52          1267.94        2824.40         3658.86         4063.13  
    0.438       584.73          1209.15        2812.55         3651.07         4180.29  
    0.444       565.95          1181.00        2788.79         3600.81         4232.15  
    0.450       587.77          1192.39        2785.28         3739.67         4165.23  
    0.456       569.48          1272.13        2745.76         3897.00         4235.65  
    0.463       542.82          1282.25        2697.01         3893.60         4302.97  
    0.469       511.41          1266.46        2682.21         3848.27         4265.99  
    0.475       468.04          1256.38        2740.10         3850.72         4221.48  
    0.481       413.25          1272.12        2768.60         3712.65         4182.23  
    0.488       371.21          1317.00        2713.70         3640.47         4178.99  
    0.494       359.05          1352.60        2689.25         3641.71         4189.55  
    0.500       359.36          1342.46        2716.66         3634.78         4215.40  
    0.506       356.87          1349.14        2752.52         3630.03         4246.06  
    0.513       364.04          1341.26        2729.54         3637.13         4243.31  
    0.519       358.39          1347.44        2695.05         3656.90         4247.67  
    0.525       357.16          1338.78        2679.55         3682.32         4267.26  
    0.531       361.09          1344.09        2692.06         3698.38         4291.01  
    0.537       361.60          1351.85        2753.99         3705.30         4374.34  
    0.544       390.56          1327.09        2789.19         3717.24         4397.80  
    0.550       406.24          1338.83        2791.96         3709.86         4456.03  
    0.556       407.80          1360.42        2832.14         3738.28         4407.75  
    0.562       414.96          1340.71        2714.26         3799.60         4445.07  
    0.569       410.68          1431.89        2779.68         3777.11         4510.17  
    0.575       385.68          1383.28        2804.35         3834.67         4528.29  
    0.581       325.91          1300.24        2876.81         3835.09         4511.84  
    