0.025       208.60          769.86        2548.90         3974.62         4993.52  
    0.031       202.95          839.54        2510.25         3920.28         4933.37  
    0.038       196.06          904.45        2471.11         3833.49         4883.77  
    0.044       195.91          887.51        2473.31         3785.62         4900.02  
    0.050       197.41          836.27        2469.94         3746.94         4899.50  
    0.056       198.68          773.35        2434.78         3667.42         4825.36  
    0.062       199.89          719.60        2416.67         3601.66         4810.20  
    0.069       200.48          705.61        2434.39         3623.25         4881.94  
    0.075       202.67          738.41        2432.41         3691.94         4927.53  
    0.081       205.60          815.09        2351.20         3775.73         4877.85  
    0.088       213.87          880.37        2364.72         3710.03         4841.18  
    0.094       99.88          407.94        1299.23         2892.08         3995.51  
    0.100       225.49          484.56        1519.50         2994.16         4183.56  
    0.106       408.51          866.71        2568.99         3611.15         4854.15  
    0.113       408.85          834.36        2652.03         3640.01         4680.24  
    0.119       434.70          804.91        2668.55         3663.77         4697.66  
    0.125       470.20          782.53        2636.89         3689.96         4823.21  
    0.131       498.81          776.32        2592.38         3692.28         4803.88  
    0.138       509.53          803.19        2579.94         3689.19         4829.54  
    0.144       512.17          833.17        2582.81         3661.10         4932.12  
    0.150       521.49          851.25        2590.93         3631.03         4890.63  
    0.156       515.59          920.72        2594.81         3650.85         4860.53  
    0.163       495.47          1029.82        2604.50         3665.57         4929.48  
    0.169       482.85          1115.84        2604.57         3662.46         5004.38  
    0.175       474.26          1170.68        2600.05         3686.73         5020.72  
    0.181       464.43          1200.62        2648.83         3747.00         4898.20  
    0.188       449.69          1208.50        2726.67         3799.60         4612.99  
    0.194       423.40          1201.77        2801.76         3816.00         4384.02  
    0.200       390.50          1185.94        2863.81         3817.92         4375.09  
    0.206       348.79          1147.78        2803.67         3842.79         4423.43  
    0.213       287.85          1102.82        2658.51         3856.10         4530.81  
    0.219       285.39          1085.93        2588.39         3845.41         4949.94  
    0.225       363.88          1035.91        2641.11         3811.65         5377.60  
    0.231       454.20          920.82        2736.96         3752.37         5454.40  
    0.238       409.67          707.34        2744.05         3774.63         5462.02  
    0.244       412.20          706.08        2769.24         3825.86         5500.00  
    0.250       468.54          893.80        2825.35         3794.32         5500.00  
    0.256       447.73          981.42        2718.70         3768.78         5500.00  
    0.263       416.63          1054.38        2605.43         3762.58         5500.00  
    0.269       183.31          875.66        2574.92         3464.46         4945.00  
    0.275       0          1032.74        2625.54         3373.64         4486.16  
    0.281       0          1316.05        2687.92         3549.69         4431.49  
    0.288       230.91          1497.96        3057.74         3968.24         4335.13  
    0.294       437.13          1485.10        3017.65         4093.03         4405.91  
    0.300       445.47          1255.33        2671.97         3831.68         4574.30  
    0.306       438.49          1145.49        2602.00         3729.38         4641.41  
    0.312       443.12          1065.42        2574.98         3729.82         4588.52  
    0.319       447.22          1030.59        2573.73         3735.14         4498.41  
    0.325       440.15          1029.52        2608.89         3703.18         4405.35  
    0.331       442.25          1004.52        2641.10         3685.57         4372.15  
    0.338       446.93          1011.74        2643.45         3702.43         4454.51  
    0.344       441.52          1057.25        2645.81         3764.53         4550.18  
    0.350       433.46          1084.65        2671.61         3773.01         4506.09  
    0.356       438.06          1087.24        2682.54         3681.68         4442.65  
    0.363       446.39          1060.85        2630.82         3604.22         4430.49  
    0.369       459.97          1083.32        2619.41         3618.36         4556.38  
    0.375       474.29          1132.01        2670.71         3683.71         4640.39  
    0.381       467.40          1133.82        2693.21         3699.43         4496.98  
    0.388       448.96          1114.09        2659.07         3652.52         4359.14  
    0.394       427.76          1087.18        2637.66         3649.96         4303.01  
    0.400       390.73          1122.13        2630.81         3821.54         4314.10  
    0.406       349.92          1166.80        2612.86         4071.91         4308.74  
    0.413       331.08          1171.08        2632.85         4186.42         4656.39  
    0.419       331.90          1177.91        2647.35         4186.57         5258.13  
    0.425       333.68          1179.46        2618.88         4181.74         5008.75  
    0.431       324.82          1171.78        2590.31         4101.67         4418.22  
    0.438       320.57          1168.22        2622.23         3927.96         4297.12  
    0.444       326.01          1177.99        2676.72         3935.12         4417.35  
    0.450       324.79          1196.22        2679.08         4032.94         4449.15  
    0.456       322.84          1194.05        2652.38         4057.91         4285.86  
    0.463       335.90          1189.36        2636.79         4115.32         4190.56  
    0.469       358.72          1183.74        2647.68         4163.17         4214.79  
    0.475       374.47          1098.31        2634.10         4179.37         4922.71  
    