0.025       0          262.67        2382.50         2644.44         4009.41  
    0.031       0          258.04        2347.51         2675.79         4017.48  
    0.038       0          244.84        2378.46         2538.52         4016.83  
    0.044       0          80.48        956.70         2414.05         3908.62  
    0.050       0          143.07        1089.33         2479.07         3853.14  
    0.056       145.76          1058.91        2216.93         3430.01         4945.87  
    0.062       222.31          1475.62        2547.55         3697.32         5079.75  
    0.069       316.78          1411.81        2543.68         3715.05         4742.34  
    0.075       375.01          1144.20        2568.87         3733.13         4494.70  
    0.081       372.63          985.43        2526.01         3529.46         4375.98  
    0.088       383.37          972.47        2485.12         3453.29         4333.80  
    0.094       401.24          980.21        2487.93         3521.36         4326.42  
    0.100       415.79          991.82        2521.40         3578.78         4310.68  
    0.106       426.19          1005.82        2553.20         3587.12         4224.09  
    0.113       431.65          1017.75        2566.88         3594.20         4109.73  
    0.119       435.77          1023.88        2576.51         3661.73         4115.55  
    0.125       438.89          1037.18        2588.98         3718.58         4191.75  
    0.131       438.47          1064.37        2611.63         3684.14         4208.04  
    0.138       438.48          1104.75        2628.02         3680.96         4186.98  
    0.144       437.15          1124.00        2598.94         3726.04         4220.09  
    0.150       423.77          1114.68        2555.85         3753.26         4200.40  
    0.156       404.80          1091.85        2550.93         3702.12         4084.39  
    0.163       385.68          1093.00        2566.89         3692.23         4037.12  
    0.169       356.09          1060.84        2594.35         3698.72         4040.11  
    0.175       369.44          758.83        2524.63         3700.50         4064.05  
    0.181       333.92          1161.57        2516.40         3775.27         4419.24  
    0.188       356.27          1421.04        2568.30         3814.97         4829.06  
    0.194       399.14          1383.98        2565.65         3805.96         4897.89  
    0.200       432.63          1494.25        2518.28         3806.86         4830.43  
    0.206       149.54          837.20        2265.58         3529.31         4274.72  
    0.213       293.42          1183.44        2493.32         3668.24         4483.42  
    0.219       428.03          1442.19        2740.25         3874.83         4753.81  
    0.225       434.06          1394.05        2776.10         3913.65         4838.02  
    0.231       426.29          1370.18        2789.83         3865.75         4769.46  
    0.238       396.05          1409.30        2789.21         3941.68         4720.54  
    0.244       376.47          1507.29        2674.43         4016.35         5238.54  
    0.250       409.36          1574.45        2685.73         4017.49         5500.00  
    0.256       143.95          816.53        2190.11         3349.01         4583.48  
    0.263       0          303.73        1668.15         3025.91         4115.55  
    0.269       0          680.12        1921.01         3260.98         4141.97  
    0.275       0          989.34        2270.13         3233.54         4171.12  
    0.281       631.07          1764.43        2630.94         3590.36         4188.18  
    0.288       968.56          1926.86        2636.50         3882.98         4196.18  
    0.294       328.73          1384.58        2546.77         3977.22         4202.10  
    0.300       285.34          1171.59        2513.10         4043.36         4199.47  
    0.306       413.08          1177.87        2476.45         3792.04         4215.33  
    0.312       409.48          1164.55        2457.41         3686.00         4253.99  
    0.319       412.79          1145.81        2445.30         3697.12         4262.26  
    0.325       414.66          1129.98        2454.75         3654.98         4227.21  
    0.331       420.37          1118.84        2495.10         3562.84         4169.83  
    0.338       426.02          1108.40        2507.14         3529.63         4131.70  
    0.344       432.29          1100.70        2501.89         3546.17         4178.65  
    0.350       434.71          1095.17        2516.35         3557.04         4232.41  
    0.356       432.80          1094.02        2544.68         3538.71         4255.49  
    0.363       433.99          1094.76        2584.23         3547.50         4251.20  
    0.369       433.90          1085.38        2591.79         3593.67         4270.32  
    0.375       432.50          1071.56        2583.75         3577.76         4307.14  
    0.381       429.32          1063.45        2613.73         3510.54         4312.60  
    0.388       425.47          1055.03        2602.54         3471.99         4281.41  
    0.394       423.95          1051.75        2577.99         3495.58         4304.36  
    0.400       420.32          1058.81        2582.52         3532.52         4343.13  
    0.406       419.77          1071.97        2591.59         3521.64         4335.88  
    0.413       422.51          1083.72        2591.59         3504.03         4344.96  
    0.419       422.30          1089.11        2597.67         3568.52         4413.53  
    0.425       418.03          1096.71        2583.62         3658.45         4590.02  
    0.431       412.03          1102.26        2563.19         3672.38         4687.72  
    0.438       400.14          1113.59        2533.29         3723.06         4460.58  
    0.444       378.81          1126.12        2541.42         3758.23         4130.08  
    0.450       368.98          1133.25        2575.51         3724.02         4325.38  
    0.456       364.67          1133.10        2618.43         3709.54         4617.97  
    0.463       361.46          1123.62        2647.33         3720.26         4478.57  
    0.469       361.94          1112.44        2654.50         3709.68         4626.58  
    0.475       359.34          1089.81        2672.63         3726.36         4734.91  
    0.481       357.71          1070.08        2664.37         3774.15         4878.23  
    0.488       357.30          1074.21        2661.54         3841.27         4858.98  
    0.494       353.16          1084.14        2660.77         3938.88         4680.14  
    0.500       349.22          1082.56        2638.72         4014.35         4310.94  
    0.506       347.64          1083.82        2641.67         4024.98         5048.42  
    