0.025       0          247.87        1699.69         2612.09         4240.09  
    0.031       0          281.54        1867.43         2664.88         4235.19  
    0.038       0          307.27        2010.72         2676.97         4235.34  
    0.044       0          312.13        1980.29         2661.43         4244.88  
    0.050       0          312.40        1804.43         2631.69         4248.25  
    0.056       0          298.91        1612.50         2594.02         4241.80  
    0.062       0          281.93        1290.49         2548.34         4234.39  
    0.069       212.54          694.50        2229.38         3786.47         5225.02  
    0.075       58.91          403.07        1971.52         3057.63         4382.39  
    0.081       0          258.35        1870.97         3010.43         4068.23  
    0.088       215.50          1443.08        2520.66         4151.40         5189.03  
    0.094       59.73          762.52        2023.72         3086.65         4588.69  
    0.100       422.80          754.11        2509.01         3805.47         5247.43  
    0.106       524.76          730.54        2714.56         3898.36         4580.64  
    0.113       466.57          686.11        2708.85         3819.93         4303.42  
    0.119       500.06          844.29        2685.23         3821.78         4307.48  
    0.125       498.20          1078.38        2650.20         3808.99         4314.65  
    0.131       492.13          1232.09        2612.10         3730.73         4445.98  
    0.138       494.44          1348.22        2624.77         3879.65         4442.19  
    0.144       493.32          1439.35        2680.32         3967.92         4418.60  
    0.150       493.99          1475.71        2715.05         3945.77         4424.78  
    0.156       493.87          1518.77        2774.64         3943.15         4499.30  
    0.163       497.55          1561.93        2850.33         3915.37         4660.65  
    0.169       507.07          1623.10        3016.52         3959.76         4653.70  
    0.175       526.37          1608.46        3310.83         3851.42         4272.60  
    0.181       525.38          1484.66        3273.48         3970.65         4099.82  
    0.188       492.77          1337.55        3236.00         3441.72         4023.09  
    0.194       203.72          1225.87        3265.90         3282.13         4004.52  
    0.200       205.48          1228.47        3304.62         3446.62         4011.03  
    0.206       223.11          1176.75        3182.69         3587.97         4188.99  
    0.213       257.26          1122.70        3126.92         3791.23         4688.72  
    0.219       266.79          1132.21        2961.20         3810.12         4897.05  
    0.225       278.07          1136.75        2911.72         3844.90         4774.72  
    0.231       312.87          1172.24        3024.25         3799.93         4495.07  
    0.238       340.41          1223.85        3025.00         3783.56         4634.90  
    0.244       368.85          1243.13        3043.61         3772.60         4796.04  
    0.250       455.76          829.25        2985.00         3825.31         4800.17  
    0.256       103.74          538.77        2437.89         3316.31         4112.46  
    0.263       320.48          1060.25        2915.62         3621.52         4577.14  
    0.269       425.75          1233.31        2931.56         3910.55         5339.03  
    0.275       433.04          1173.96        2902.68         3890.27         5500.00  
    0.281       430.28          1577.70        3085.61         3973.16         5500.00  
    0.288       508.66          1922.45        2759.25         3553.63         5320.49  
    0.294       115.16          1331.72        2415.11         3442.67         3877.79  
    0.300       383.12          2022.29        2541.32         3461.87         4463.22  
    0.306       468.12          1681.34        2931.90         3752.63         4383.66  
    0.312       100.31          727.62        2026.21         3258.18         3994.20  
    0.319       0          537.37        1973.40         3074.11         3883.47  
    0.325       0          541.71        2065.45         3079.42         3875.23  
    0.331       0          542.46        2058.86         3140.64         3915.78  
    0.338       402.36          1421.41        2858.46         3772.06         5158.65  
    0.344       503.37          1595.76        2913.48         3907.73         4797.83  
    0.350       494.00          1562.37        2810.81         3785.02         4558.46  
    0.356       485.39          1559.89        2769.71         3732.80         4588.95  
    0.363       485.36          1566.87        2738.09         3753.07         4568.49  
    0.369       486.90          1608.32        2770.18         3777.66         4499.93  
    0.375       489.60          1608.67        2748.00         3755.69         4539.03  
    0.381       508.10          1576.38        2750.01         3739.31         4540.99  
    0.388       561.85          1488.16        2762.36         3893.48         4657.25  
    0.394       587.61          1425.90        2728.71         3876.44         4705.25  
    0.400       566.89          1431.05        2687.70         3876.27         4581.62  
    0.406       562.87          1497.46        2708.17         3928.10         4540.64  
    0.413       560.73          1479.71        2713.01         3924.41         4430.37  
    0.419       538.73          1365.80        2688.12         3834.99         4400.24  
    0.425       508.63          1245.89        2670.91         3828.56         4400.65  
    0.431       483.19          1189.43        2676.89         3852.06         4379.59  
    0.438       460.38          1163.48        2783.23         3803.95         4319.20  
    0.444       473.34          1024.88        2780.83         3735.76         4175.14  
    0.450       404.28          1142.35        2713.09         3688.43         4067.29  
    0.456       377.50          1252.30        2713.76         3678.21         4022.71  
    0.463       351.85          1247.41        2727.22         3660.54         4018.55  
    0.469       326.19          1233.23        2698.76         3659.03         4027.57  
    0.475       319.43          1253.27        2698.10         3690.20         4034.89  
    0.481       314.16          1245.80        2709.39         3726.38         4044.80  
    0.488       311.66          1225.25        2696.98         3850.03         4018.31  
    0.494       304.94          1216.01        2690.44         3851.83         4046.79  
    0.500       304.45          1245.72        2749.44         3793.11         4053.66  
    0.506       306.50          1267.68        2816.87         3893.12         4007.31  
    0.513       301.54          1261.19        2804.63         3942.64         4029.27  
    0.519       297.44          1241.43        2804.35         3898.24         4072.25  
    0.525       305.39          1249.81        2733.70         3878.63         4045.14  
    0.531       327.84          1278.65        2720.44         3664.03         4054.81  
    0.537       326.87          1297.59        2962.72         3584.21         4056.79  
    0.544       320.70          1324.36        2936.69         3772.26         4054.57  
    