0.025       198.11          1118.32        2582.01         4018.30         4516.86  
    0.031       49.60          430.56        1692.94         3063.20         4428.24  
    0.038       0          199.94        1344.95         2696.83         4375.67  
    0.044       151.75          925.12        2299.00         3981.08         4792.15  
    0.050       208.07          1197.70        2605.93         4379.22         4593.74  
    0.056       213.69          1193.96        2635.64         4324.84         4475.41  
    0.062       216.69          1192.42        2676.08         4289.30         5243.11  
    0.069       54.39          466.93        1640.64         3038.84         4589.42  
    0.075       0          219.73        1191.26         2624.77         4198.17  
    0.081       0          214.78        1119.89         2779.19         4055.94  
    0.088       0          226.32        1179.20         3107.21         4124.73  
    0.094       0          286.29        1504.10         2790.45         4306.22  
    0.100       0          467.58        1651.10         2697.03         4284.35  
    0.106       419.25          856.57        2471.43         3572.48         4352.79  
    0.113       498.57          968.67        2759.11         3718.43         4316.85  
    0.119       500.72          984.21        2675.28         3644.68         4299.39  
    0.125       545.09          1087.80        2527.95         3600.76         4290.04  
    0.131       616.99          1183.04        2348.30         3565.18         4259.91  
    0.138       617.15          1312.40        2432.51         3565.74         4245.31  
    0.144       599.21          1409.97        2619.11         3572.70         4235.04  
    0.150       592.05          1426.08        2847.79         3557.83         4205.13  
    0.156       578.45          1438.46        2980.70         3608.04         4177.52  
    0.163       578.20          1433.83        2981.42         3631.12         4234.42  
    0.169       574.33          1441.12        3019.92         3595.87         4251.91  
    0.175       555.65          1455.01        3064.49         3556.86         4240.92  
    0.181       540.46          1467.21        3163.45         3614.85         4237.27  
    0.188       523.58          1481.16        3066.61         3672.99         4258.03  
    0.194       519.06          1448.10        2969.95         3659.00         4233.37  
    0.200       525.42          1377.25        3089.17         3595.61         4240.62  
    0.206       524.98          1294.45        3314.34         3575.59         4217.36  
    0.213       496.16          1227.31        3372.09         3626.21         4169.77  
    0.219       426.21          1194.18        3343.36         3625.50         4139.02  
    0.225       101.63          297.46        1729.02         3421.12         3707.05  
    0.231       0          0        1198.70         3212.83         3545.24  
    0.238       133.73          890.42        2700.36         3489.86         3987.97  
    0.244       237.59          1188.75        3208.23         3676.86         4154.91  
    0.250       286.94          1184.43        3322.03         3954.15         4167.37  
    0.256       247.20          1163.99        3341.11         3878.99         4697.19  
    0.263       57.73          289.81        1570.36         3449.36         4049.21  
    0.269       313.84          948.82        2795.04         3747.17         4650.80  
    0.275       412.63          1204.00        3441.57         3884.26         5360.71  
    0.281       428.32          1206.08        3442.76         3734.54         5143.28  
    0.288       460.94          1244.42        3374.57         3796.73         5380.88  
    0.294       462.74          1255.06        3311.98         3858.84         5500.00  
    0.300       115.25          704.67        2141.21         3549.55         4454.53  
    0.306       605.84          1466.03        2805.55         3438.63         5098.71  
    0.312       768.10          1783.32        3355.45         3457.42         5482.58  
    0.319       188.94          1266.92        2480.47         3465.79         4267.44  
    0.325       0          664.26        1945.74         3459.71         3919.08  
    0.331       336.42          1132.90        3026.38         3850.62         4545.83  
    0.338       448.21          1320.40        3408.52         3852.63         4252.87  
    0.344       463.13          1359.15        3411.49         3903.11         4005.46  
    0.350       477.64          1373.56        3397.86         3979.77         4103.19  
    0.356       492.44          1393.66        3391.93         4020.91         4142.36  
    0.363       504.16          1419.09        3382.82         3860.39         4083.49  
    0.369       512.78          1437.52        3355.65         3775.24         4049.09  
    0.375       522.05          1448.10        3334.79         3607.20         4142.53  
    0.381       527.54          1435.22        3073.28         3574.97         4295.15  
    0.388       530.09          1434.50        3076.64         3603.61         4297.30  
    0.394       533.55          1409.84        3214.64         3680.64         4230.40  
    0.400       547.76          1361.21        3324.27         3633.30         4176.02  
    0.406       561.80          1322.48        3104.21         3520.14         4194.68  
    0.413       557.00          1302.78        2888.18         3473.62         4136.66  
    0.419       558.65          1272.06        2899.25         3448.12         4076.82  
    0.425       569.75          1238.70        2989.42         3446.03         4079.59  
    0.431       576.67          1212.80        2967.79         3473.34         4130.74  
    0.438       565.97          1187.87        2968.71         3513.15         4133.61  
    0.444       615.89          1152.62        2930.97         3661.96         4093.06  
    0.450       664.02          1172.18        2808.76         3845.17         4136.79  
    0.456       650.84          1208.27        2740.37         3859.99         4215.97  
    0.463       633.33          1196.31        2801.88         3818.84         4223.39  
    0.469       564.78          1165.65        2973.86         3786.64         4196.42  
    0.475       135.93          289.83        1530.78         3092.75         3764.08  
    0.481       0          0        1059.84         2801.00         3620.58  
    0.488       0          0        1108.38         2842.58         3625.32  
    0.494       0          0        1117.12         2945.68         3627.02  
    0.500       0          0        1103.69         2934.06         3632.27  
    0.506       0          0        1122.15         2877.55         3643.27  
    0.513       0          0        1102.75         2829.49         3654.11  
    0.519       0          0        1051.55         2802.94         3673.03  
    0.525       248.01          926.63        2432.12         3463.34         4091.41  
    0.531       350.28          1292.04        3031.83         3696.69         4232.64  
    0.537       397.92          1321.53        3118.21         3709.37         4221.05  
    0.544       411.76          1343.89        3156.41         3702.88         4299.79  
    0.550       411.01          1347.21        3224.82         3695.35         4272.25  
    