0.025       211.06          964.17        2318.76         3813.79         5154.07  
    0.031       219.89          777.16        2283.97         3653.78         4992.09  
    0.038       86.53          253.61        1032.70         2765.97         4181.47  
    0.044       0          184.02        1384.73         2284.49         3858.47  
    0.050       0          114.66        976.96         2299.78         3844.70  
    0.056       132.14          375.59        1612.23         3215.09         4417.83  
    0.062       209.74          607.50        2396.83         3859.17         4856.78  
    0.069       213.52          602.27        2355.24         3956.87         5005.51  
    0.075       212.08          648.26        2361.93         3899.95         5071.75  
    0.081       212.63          708.66        2397.12         3684.55         5022.86  
    0.088       293.26          778.01        2402.73         3535.31         4918.40  
    0.094       367.17          827.28        2383.96         3462.16         4732.03  
    0.100       399.59          831.43        2376.00         3397.00         4541.49  
    0.106       430.56          821.67        2386.18         3398.20         4446.55  
    0.113       453.47          825.56        2404.48         3443.29         4335.43  
    0.119       469.25          865.72        2411.96         3487.19         4312.47  
    0.125       479.82          921.02        2420.50         3509.62         4389.58  
    0.131       487.85          954.64        2412.97         3550.09         4442.64  
    0.138       497.19          976.68        2399.16         3601.19         4447.99  
    0.144       505.15          996.31        2397.66         3594.66         4436.69  
    0.150       511.62          1011.05        2388.29         3547.91         4417.63  
    0.156       523.55          1025.13        2433.90         3688.12         4402.53  
    0.163       540.77          1037.73        2478.96         3925.90         4500.91  
    0.169       546.67          1046.51        2457.88         3987.07         4635.66  
    0.175       535.94          1051.74        2419.11         3887.12         4629.14  
    0.181       506.69          1056.13        2428.89         3805.14         4501.29  
    0.188       466.65          1061.06        2522.56         3808.97         4416.35  
    0.194       428.63          1083.07        2605.05         3860.10         4358.24  
    0.200       400.49          1102.66        2741.62         3870.87         4355.95  
    0.206       375.34          1022.40        2871.41         3872.67         4412.77  
    0.213       352.45          1012.75        2958.72         3903.57         4555.84  
    0.219       380.45          1050.60        2963.00         3910.71         5165.54  
    0.225       428.26          1044.38        2769.34         3993.72         5500.00  
    0.231       470.03          1030.88        2633.16         3966.40         5354.81  
    0.238       471.68          989.36        2590.72         3931.92         5080.03  
    0.244       466.85          952.68        2684.89         4100.76         5294.68  
    0.250       180.23          633.26        1796.49         3327.42         4713.60  
    0.256       274.98          872.94        1941.32         3671.51         5009.98  
    0.263       428.88          1212.33        2384.51         4240.94         5203.88  
    0.269       402.19          1545.98        2648.18         4332.68         4889.78  
    0.275       455.40          1739.10        2848.08         4380.38         4781.45  
    0.281       828.63          1720.88        2912.85         4362.58         4756.58  
    0.288       659.00          1563.58        3010.93         4320.05         4717.58  
    0.294       293.77          1393.07        3286.48         4185.55         4683.15  
    0.300       286.82          1277.67        2952.56         4008.34         4562.44  
    0.306       381.37          1190.52        2603.21         3804.74         4405.57  
    0.312       427.91          1133.61        2530.68         3669.12         4337.32  
    0.319       430.46          1135.48        2518.87         3624.63         4355.04  
    0.325       421.21          1137.69        2558.77         3590.80         4383.10  
    0.331       426.54          1128.91        2652.20         3557.19         4373.68  
    0.338       439.81          1135.77        2658.97         3568.00         4379.47  
    0.344       448.30          1144.99        2562.35         3592.26         4387.17  
    0.350       451.75          1149.70        2514.73         3617.07         4416.71  
    0.356       456.63          1146.38        2462.61         3704.97         4462.26  
    0.363       461.74          1126.33        2439.33         3739.42         4467.04  
    0.369       460.10          1109.82        2423.22         3586.02         4459.76  
    0.375       454.44          1101.26        2390.63         3526.83         4435.53  
    0.381       451.06          1117.51        2390.11         3573.91         4426.03  
    0.388       446.63          1129.91        2489.26         3624.03         4419.73  
    0.394       431.70          1128.17        2669.61         3610.99         4486.53  
    0.400       399.21          1254.95        2716.54         3516.49         4890.22  
    0.406       342.85          1294.54        2624.10         3474.69         5050.52  
    0.413       332.63          1222.54        2589.34         3608.49         5016.87  
    0.419       349.03          1185.11        2589.57         3809.42         5315.86  
    0.425       352.96          1166.37        2574.02         3896.10         5500.00  
    0.431       354.93          1170.99        2586.91         3890.67         5500.00  
    0.438       353.76          1196.26        2611.82         3851.18         5064.70  
    0.444       348.70          1164.94        2620.69         3850.89         4821.20  
    