0.025       0          274.59        1309.70         3038.73         4122.08  
    0.031       0          287.20        1807.72         2941.56         4256.84  
    0.038       0          457.22        2247.70         2976.15         4862.79  
    0.044       0          501.27        2340.50         3161.79         4931.35  
    0.050       0          544.80        2383.84         3406.12         4379.26  
    0.056       0          566.43        2418.82         3286.05         3889.08  
    0.062       0          573.32        2429.72         3116.53         4012.77  
    0.069       0          568.46        2433.93         3175.66         4181.31  
    0.075       0          561.46        2457.41         3290.68         4253.07  
    0.081       0          563.22        2484.69         3343.12         4345.27  
    0.088       0          67.99        817.50         2646.75         3466.95  
    0.094       0          0        588.74         2524.21         3317.62  
    0.100       0          519.74        2194.24         3167.50         4260.35  
    0.106       0          594.13        2355.99         3222.14         4260.55  
    0.113       0          600.83        2374.88         3266.19         4306.74  
    0.119       0          540.87        2389.61         3233.73         4297.98  
    0.125       396.84          1072.37        2609.09         3599.07         4544.36  
    0.131       425.46          1178.80        2687.15         3842.25         4557.89  
    0.138       423.28          1135.86        2667.02         3909.16         4748.04  
    0.144       431.33          1138.81        2674.41         4090.51         4850.31  
    0.150       433.64          1113.37        2800.41         4159.80         5165.50  
    0.156       449.45          944.98        2708.68         3876.10         5202.86  
    0.163       54.48          520.58        1281.22         2980.54         4333.94  
    0.169       0          454.11        1550.52         2917.68         4257.99  
    0.175       0          433.05        1708.06         2887.89         4166.08  
    0.181       0          423.10        1636.46         2991.65         4150.44  
    0.188       0          426.45        1726.15         3128.20         4318.25  
    0.194       0          438.59        1743.10         3052.76         4190.45  
    0.200       0          455.90        2226.97         2997.31         4607.55  
    0.206       404.92          2065.55        2888.81         4624.73         5399.58  
    0.213       463.14          2191.44        2955.01         4315.41         5115.91  
    0.219       464.07          2188.56        2927.34         4204.60         5271.49  
    0.225       55.99          264.18        798.52         2844.23         3655.32  
    0.231       432.78          634.58        2412.25         3367.49         4689.75  
    0.238       482.20          911.35        2698.64         3462.51         4677.11  
    0.244       482.63          990.79        2773.62         3525.66         4687.00  
    0.250       502.89          954.93        2810.36         3587.43         4607.60  
    0.256       511.72          883.12        2707.10         3431.68         4372.10  
    0.263       482.33          901.59        2627.56         3361.57         4228.40  
    0.269       516.07          825.98        2628.07         3345.92         4306.17  
    0.275       528.68          778.89        2640.71         3368.23         4381.20  
    0.281       588.49          690.89        2657.15         3385.80         4482.16  
    0.288       601.53          639.81        2674.89         3423.59         4620.12  
    0.294       554.00          821.10        2688.02         3525.27         4727.68  
    0.300       509.49          1098.17        2740.45         3646.70         4796.28  
    0.306       488.53          1311.46        2782.26         3806.17         4862.12  
    0.312       484.01          1415.10        2835.72         3891.64         4851.91  
    0.319       487.76          1395.20        2803.24         3937.51         5421.52  
    0.325       490.24          1341.87        2745.33         3833.28         4951.10  
    0.331       498.50          1240.14        2723.35         3612.41         4581.30  
    0.338       516.59          1056.18        2729.91         3567.01         4525.50  
    0.344       524.58          947.00        2756.26         3628.30         4831.35  
    0.350       502.78          927.91        2785.01         3664.31         4873.87  
    0.356       468.64          970.31        2779.18         3568.09         4905.47  
    0.363       482.32          864.09        2742.08         3562.79         4806.38  
    0.369       443.69          667.71        2733.39         3597.09         5009.30  
    0.375       402.91          498.09        2746.96         3707.54         4776.46  
    0.381       397.00          769.25        2763.00         3736.78         4530.44  
    0.388       399.20          915.45        2759.52         3734.55         4868.56  
    0.394       393.75          970.52        2734.42         3806.52         5181.71  
    0.400       405.23          978.80        2705.87         3845.92         5299.95  
    0.406       406.92          1013.47        2711.86         3840.02         5362.83  
    0.413       393.89          966.30        2728.68         3878.60         5484.31  
    0.419       406.24          633.67        2733.16         4088.87         5500.00  
    0.425       49.24          439.23        1794.12         2922.23         4303.06  
    