0.025       177.71          623.30        1779.93         2538.31         5500.00  
    0.031       182.79          640.52        2260.34         2595.07         5204.31  
    0.038       185.11          623.84        2198.56         2991.84         5047.38  
    0.044       196.25          782.69        1555.41         2921.65         5000.97  
    0.050       7.81          278.82        836.76         2942.58         5022.79  
    0.056       307.93          739.85        2336.92         3228.17         5111.13  
    0.062       348.47          740.47        3053.42         3876.19         5261.81  
    0.069       365.23          742.79        2906.62         4191.90         5276.37  
    0.075       377.05          748.12        2988.23         4065.39         5250.72  
    0.081       389.33          752.43        3246.23         3800.06         5249.10  
    0.088       401.82          755.54        3355.65         3762.16         5268.47  
    0.094       412.02          761.05        3327.56         3859.14         5271.09  
    0.100       416.84          771.20        3277.91         4061.15         5269.41  
    0.106       422.88          782.15        3188.98         4137.32         5269.04  
    0.113       433.58          793.03        3271.30         3845.78         5262.97  
    0.119       443.27          808.67        3325.14         3623.25         5290.75  
    0.125       444.60          827.24        3346.40         3547.95         5205.37  
    0.131       445.17          851.92        3424.47         3618.69         5189.80  
    0.138       442.63          896.92        3454.80         3783.04         5068.54  
    0.144       442.73          942.17        3466.27         3946.64         4944.62  
    0.150       451.54          984.14        3448.11         3498.15         4931.18  
    0.156       457.96          1013.60        3462.47         3667.49         5011.48  
    0.163       447.33          1043.82        3395.70         3732.78         5026.20  
    0.169       433.64          1079.39        3409.98         3647.96         4943.84  
    0.175       422.75          1088.12        3377.34         3461.03         4900.90  
    0.181       416.19          1080.66        3304.27         3498.11         4788.50  
    0.188       389.19          945.80        3341.88         3424.10         4772.08  
    0.194       410.14          883.62        3140.64         3395.84         4962.71  
    0.200       419.03          1016.53        2722.58         4140.85         5341.58  
    0.206       413.74          1079.30        2831.18         3843.24         5202.37  
    0.213       414.89          1014.63        2836.76         3640.03         5067.88  
    0.219       445.15          963.60        2813.25         3717.83         5230.72  
    0.225       509.59          938.41        2918.38         4019.89         5489.59  
    0.231       480.76          1129.14        3012.50         4125.54         5500.00  
    0.238       529.04          1082.73        2985.10         4258.81         5500.00  
    0.244       493.38          1053.93        2791.71         3998.52         5500.00  
    0.250       473.64          1272.17        2697.35         3933.30         5500.00  
    0.256       18.77          632.92        2127.65         2618.00         4303.22  
    0.263       0          564.63        1809.65         3084.75         4397.13  
    0.269       623.87          1540.02        3533.53         4484.60         5456.47  
    0.275       683.02          1632.06        3677.29         4405.32         5500.00  
    0.281       27.16          717.86        1769.66         3760.87         4381.58  
    0.288       459.99          1251.64        3714.41         4481.00         4583.69  
    0.294       431.83          1064.61        3432.17         3893.82         4835.44  
    0.300       421.97          1004.91        3376.54         3832.87         4903.04  
    0.306       429.49          965.00        3389.76         3779.74         4919.44  
    0.312       455.15          927.86        3430.53         4098.49         4872.43  
    0.319       480.62          887.43        3444.23         3969.64         4912.89  
    0.325       487.44          862.29        3360.29         3694.86         4986.52  
    0.331       497.84          858.80        3236.57         3906.30         5029.06  
    0.338       499.82          867.55        3369.26         4098.05         5023.94  
    0.344       481.62          874.45        3366.75         4295.22         5046.22  
    0.350       474.17          872.44        3353.31         4013.74         5124.33  
    0.356       477.07          868.19        3393.04         3986.21         5232.58  
    0.363       497.19          858.80        3406.28         4384.84         5489.56  
    0.369       516.61          838.39        3410.43         4412.74         5500.00  
    0.375       542.37          797.26        3411.32         4512.16         5500.00  
    0.381       567.47          757.61        3399.18         4632.33         4945.05  
    0.388       510.96          797.59        3297.58         3455.03         4661.07  
    0.394       493.89          807.86        3222.88         3407.99         4759.92  
    0.400       505.23          793.87        3365.20         3653.00         4716.31  
    0.406       539.15          758.71        3321.97         3823.50         4683.92  
    0.413       538.37          768.18        3239.86         3800.68         4714.27  
    0.419       516.17          805.80        3214.52         3819.65         4795.80  
    0.425       507.46          824.45        3314.69         3773.02         4791.91  
    0.431       509.38          834.22        3221.33         3828.44         4806.76  
    0.438       502.97          847.02        3149.89         3963.07         4850.14  
    0.444       501.44          856.85        3191.18         4230.55         4771.55  
    0.450       502.02          866.88        3224.68         4307.68         4715.72  
    0.456       498.95          877.71        3256.90         4298.08         4694.95  
    0.463       500.98          891.12        3242.65         4506.20         4539.71  
    0.469       499.66          899.93        3196.91         4544.06         4581.73  
    0.475       501.62          910.17        3166.11         4329.96         4745.79  
    0.481       502.30          922.95        3187.05         4371.94         4738.53  
    0.488       500.44          938.51        3259.57         4601.00         4780.41  
    0.494       494.55          946.56        3171.28         4157.37         4830.91  
    0.500       491.13          962.48        2901.00         4092.31         4911.05  
    0.506       487.69          981.00        2923.77         4127.12         4947.14  
    0.513       477.44          1004.83        2948.62         4104.54         5029.96  
    0.519       467.29          1010.23        2982.80         4086.61         4976.81  
    0.525       457.15          1011.10        3139.77         4045.46         4934.46  
    0.531       434.74          1006.89        3326.13         3922.01         4877.33  
    0.537       378.87          966.79        3025.50         3940.34         4828.44  
    0.544       343.44          945.75        2972.80         3996.99         4805.10  
    0.550       341.01          974.00        2956.71         4038.90         4877.45  
    0.556       339.64          981.97        2922.63         3987.82         4882.15  
    0.562       337.19          979.22        2918.66         4006.82         4892.77  
    0.569       337.50          962.40        2998.96         3975.22         4887.04  
    0.575       344.54          949.36        3070.97         3953.72         4847.76  
    0.581       351.05          947.77        2993.51         3976.80         4825.22  
    0.588       356.35          956.17        3080.43         3961.74         4851.39  
    0.594       358.25          950.68        3250.73         3974.61         4894.24  
    0.600       358.64          956.27        3216.41         3972.70         4863.14  
    0.606       359.49          955.67        3429.72         3986.70         4816.08  
    0.613       359.34          940.18        3597.51         4023.70         4808.97  
    0.619       358.53          938.67        3717.53         3962.27         4868.64  
    0.625       355.86          936.46        3321.51         4093.74         4914.01  
    0.631       349.29          934.29        3242.69         4142.38         4878.21  
    