0.025       199.61          790.93        2512.15         3933.00         5097.78  
    0.031       190.66          873.59        2476.00         3885.04         5030.40  
    0.038       184.91          890.06        2473.43         3834.61         5196.64  
    0.044       185.00          836.11        2481.63         3800.25         5442.78  
    0.050       185.36          773.10        2445.31         3754.19         5240.82  
    0.056       187.66          706.00        2426.11         3695.44         5095.20  
    0.062       189.18          687.69        2436.46         3686.01         5252.63  
    0.069       191.03          701.56        2455.93         3736.50         5455.13  
    0.075       194.35          786.39        2340.55         3790.26         5110.07  
    0.081       201.47          775.64        2337.50         3810.40         4812.45  
    0.088       232.52          803.34        2371.18         3523.78         4873.57  
    0.094       354.13          774.99        2431.03         3567.32         4934.14  
    0.100       391.51          788.60        2595.10         3636.99         4922.29  
    0.106       390.78          789.23        2696.87         3634.14         4583.56  
    0.113       402.72          785.75        2758.50         3656.18         4503.85  
    0.119       421.13          782.63        2721.57         3680.09         4556.51  
    0.125       451.02          760.85        2691.00         3682.24         4429.17  
    0.131       486.22          746.95        2686.96         3683.55         4480.91  
    0.138       543.18          695.24        2766.31         3656.40         4426.73  
    0.144       615.65          646.07        2946.34         3624.85         4285.72  
    0.150       609.80          736.06        2844.48         3640.43         4401.56  
    0.156       546.78          967.31        2882.24         3653.47         4739.28  
    0.163       510.07          1108.45        2860.72         3659.52         4908.64  
    0.169       488.58          1170.04        2750.49         3676.70         4670.18  
    0.175       475.34          1202.14        2849.79         3736.86         4231.67  
    0.181       459.02          1207.79        3030.83         3781.79         3924.18  
    0.188       436.94          1202.62        3112.71         3802.37         3875.46  
    0.194       399.79          1190.48        3152.72         3791.98         4011.77  
    0.200       365.17          1177.67        3003.04         3788.02         4175.19  
    0.206       298.80          1130.80        2716.36         3816.14         4270.12  
    0.213       293.55          1144.22        2676.47         3829.35         4542.07  
    0.219       376.69          1123.71        2920.33         3822.42         5295.98  
    0.225       456.74          1033.32        3004.17         3784.56         5500.00  
    0.231       522.72          863.02        2868.08         3788.69         5500.00  
    0.238       484.24          890.41        2844.39         3825.54         5500.00  
    0.244       108.40          579.42        1536.84         3615.50         4178.44  
    0.250       0          477.22        1115.84         3718.23         3815.32  
    0.256       0          452.55        1178.67         3716.86         4186.70  
    0.263       0          531.31        1702.53         3527.95         4420.23  
    0.269       0          1097.37        2543.19         3608.88         4473.04  
    0.275       0          1272.53        2902.75         3725.19         4431.94  
    0.281       320.13          1451.81        3451.63         4054.85         4375.78  
    0.288       428.82          1380.57        3622.31         3870.43         4369.55  
    0.294       431.96          1195.95        2994.53         3752.67         4407.74  
    0.300       422.91          1113.24        2732.45         3717.23         4430.67  
    0.306       410.53          1060.43        2689.69         3708.29         4382.79  
    0.312       404.78          1031.98        2681.73         3707.10         4343.98  
    0.319       402.15          1026.25        2731.03         3703.51         4319.55  
    0.325       401.04          1009.16        2756.89         3669.16         4297.60  
    0.331       404.76          1027.81        2743.67         3671.01         4320.24  
    0.338       409.04          1062.03        2743.51         3707.21         4392.03  
    0.344       412.77          1073.48        2730.74         3734.43         4403.55  
    0.350       423.20          1076.18        2742.12         3674.94         4390.89  
    0.356       437.77          1064.70        2681.26         3625.83         4388.71  
    0.363       453.68          1080.61        2645.80         3594.79         4395.99  
    0.369       466.59          1125.30        2711.53         3638.01         4439.12  
    0.375       465.05          1145.95        2697.40         3622.62         4359.38  
    0.381       451.22          1139.80        2526.65         3604.22         4314.11  
    0.388       428.33          1098.90        2562.51         3629.46         4281.30  
    0.394       387.11          1095.33        2621.41         3717.63         4302.65  
    0.400       345.71          1130.38        2609.60         3893.15         4311.09  
    0.406       327.20          1134.28        2631.38         4114.46         4400.43  
    0.413       325.79          1131.43        2648.89         4164.32         4683.72  
    0.419       325.87          1132.68        2622.40         4154.20         4554.72  
    0.425       317.26          1131.79        2587.69         4175.73         4274.83  
    0.431       316.22          1140.55        2605.35         3879.87         4272.64  
    0.438       320.31          1145.42        2675.80         3918.46         4336.55  
    0.444       317.88          1164.95        2678.82         4026.80         4403.05  
    