0.025       466.99          669.85        2102.61         3690.54         4592.00  
    0.031       469.30          641.40        2061.85         3601.60         4530.78  
    0.038       471.49          589.40        1975.73         3686.37         4501.64  
    0.044       472.44          581.18        1930.41         3737.56         4526.37  
    0.050       472.39          715.14        2009.81         3657.91         4519.36  
    0.056       468.75          851.93        2102.51         3637.00         4501.67  
    0.062       466.78          916.07        2128.29         3611.50         4616.68  
    0.069       469.63          954.11        2132.56         3562.29         4752.37  
    0.075       475.63          996.33        2136.95         3553.49         4810.96  
    0.081       482.60          1045.88        2152.43         3653.11         4885.44  
    0.088       488.48          1102.50        2175.17         3805.72         5270.45  
    0.094       488.54          1146.36        2188.38         3897.60         5500.00  
    0.100       486.10          1163.11        2197.52         3758.27         5004.76  
    0.106       486.32          1185.81        2207.47         3590.47         4669.09  
    0.113       488.11          1218.05        2214.25         3570.07         4653.27  
    0.119       490.23          1248.16        2210.06         3558.53         4662.43  
    0.125       490.58          1264.25        2215.30         3543.55         4877.96  
    0.131       487.24          1262.37        2221.28         3628.97         4952.01  
    0.138       470.53          1262.70        2216.66         3758.53         4833.85  
    0.144       417.48          1311.79        2211.20         3976.95         4678.28  
    0.150       155.38          782.78        1653.14         2981.44         4378.82  
    0.156       0          395.72        1227.33         2229.93         4240.24  
    0.163       0          438.83        1707.09         2789.29         4300.50  
    0.169       0          446.02        2055.74         2735.87         4217.71  
    0.175       167.13          823.10        2227.01         3356.13         4694.46  
    0.181       249.77          1193.93        2373.12         3837.80         4987.39  
    0.188       240.13          1269.50        2446.37         3755.94         4944.98  
    0.194       251.06          1363.78        2301.56         3806.72         5060.37  
    0.200       257.61          1545.05        2159.14         3816.24         5096.83  
    0.206       291.05          1622.29        2208.52         3867.63         5193.58  
    0.213       253.29          1602.29        2295.17         3940.92         5409.77  
    0.219       167.14          1440.85        2388.21         3970.22         5500.00  
    0.225       54.25          803.82        2076.57         3453.49         5243.89  
    0.231       309.57          1266.90        2572.85         4096.23         5329.42  
    0.238       459.17          1711.27        2903.05         4501.69         5500.00  
    0.244       394.60          1483.06        2662.41         4195.82         5306.98  
    0.250       413.45          1308.97        2406.82         4008.12         5134.80  
    0.256       446.64          1097.23        2189.26         3832.35         5095.63  
    0.263       453.67          1097.67        2148.37         3703.08         4938.59  
    0.269       454.38          1196.14        2194.12         3660.92         4848.72  
    0.275       450.81          1278.34        2236.02         3684.71         4845.76  
    0.281       444.40          1285.96        2262.59         3686.36         4848.53  
    0.288       442.58          1302.97        2243.51         3657.09         4927.04  
    0.294       447.95          1328.78        2413.07         3653.19         5290.21  
    0.300       458.67          1335.64        2433.32         3683.61         5500.00  
    0.306       185.38          815.01        1739.66         3034.38         4555.32  
    0.312       0          465.01        1313.99         2751.04         3913.20  
    0.319       0          474.99        1367.27         3092.51         3803.69  
    0.325       0          486.45        1413.87         3276.65         3709.19  
    0.331       293.18          995.35        1385.86         3430.30         4776.81  
    0.338       195.27          830.74        1330.19         3361.71         4377.12  
    0.344       294.81          855.13        1782.22         3500.63         4752.12  
    0.350       493.17          1096.19        2033.33         3679.31         5377.98  
    0.356       504.64          1096.63        2136.48         3682.81         5418.73  
    0.363       518.83          1087.09        2298.92         3654.46         5500.00  
    0.369       531.69          1094.94        2599.42         3636.47         5500.00  
    0.375       214.66          768.07        1809.44         3525.71         4382.27  
    0.381       318.12          840.52        1881.04         3574.92         4755.55  
    0.388       525.50          1006.24        2322.87         3673.70         5223.66  
    0.394       524.54          972.84        2297.82         3682.02         4860.14  
    0.400       522.02          959.50        2289.93         3675.76         4669.94  
    0.406       491.47          989.63        2295.13         3694.16         4666.92  
    0.413       452.23          1050.08        2323.77         3712.63         4912.00  
    0.419       432.06          1139.47        2382.49         3704.82         5322.38  
    0.425       423.35          1183.91        2362.87         3699.15         5500.00  
    0.431       417.50          1200.81        2318.76         3715.63         5500.00  
    0.438       413.08          1225.09        2315.00         3736.19         5500.00  
    0.444       410.20          1239.08        2322.56         3748.33         5500.00  
    0.450       410.36          1241.17        2332.74         3738.23         5500.00  
    0.456       410.45          1239.16        2347.86         3721.17         5211.31  
    0.463       410.08          1238.22        2363.81         3709.05         5307.72  
    0.469       411.35          1232.86        2372.50         3686.43         5500.00  
    0.475       416.09          1235.68        2384.39         3739.39         5500.00  
    0.481       421.90          1225.36        2392.86         3788.22         5500.00  
    0.488       169.52          744.10        1651.05         2950.35         4466.95  
    0.494       259.79          751.85        1870.99         3177.94         4811.95  
    0.500       429.41          866.03        2348.51         3708.13         5500.00  
    0.506       412.01          721.21        2373.48         3787.17         5500.00  
    