0.025       198.51          736.71        1941.74         2968.55         5500.00  
    0.031       197.66          713.22        2001.48         3000.22         5500.00  
    0.038       196.80          695.99        1992.00         3050.37         5500.00  
    0.044       197.09          719.58        1897.18         3091.71         5500.00  
    0.050       197.06          729.94        2168.95         3211.30         5500.00  
    0.056       204.41          728.69        2523.29         3459.75         5500.00  
    0.062       256.74          803.89        2525.55         3927.86         5342.58  
    0.069       335.45          870.65        2373.68         4255.67         5075.50  
    0.075       387.03          845.07        2285.65         4214.65         5012.07  
    0.081       416.97          803.61        2317.60         4225.18         4997.17  
    0.088       416.81          798.37        2336.64         4334.06         4981.54  
    0.094       412.22          804.03        2367.90         4379.08         5006.05  
    0.100       429.92          810.92        2505.06         4397.10         5256.28  
    0.106       439.68          839.14        2618.16         4427.03         5500.00  
    0.113       438.54          886.98        2694.30         4513.21         5137.52  
    0.119       432.71          945.21        2657.04         4520.81         4841.04  
    0.125       425.56          990.06        2583.11         4470.79         4946.68  
    0.131       425.75          1014.44        2616.23         4484.74         4871.05  
    0.138       433.20          1030.50        2897.83         4503.38         5134.88  
    0.144       210.94          935.33        2232.44         4031.97         4984.74  
    0.150       0          748.91        1545.90         3674.40         4500.49  
    0.156       0          587.16        1527.66         3777.03         4476.36  
    0.163       0          405.91        1331.29         3766.58         4441.30  
    0.169       0          488.56        1350.64         3757.07         4438.93  
    0.175       0          431.61        1435.43         3656.03         4450.17  
    0.181       0          240.13        1392.41         3302.57         4462.60  
    0.188       0          269.99        1345.28         3012.14         4416.15  
    0.194       0          285.17        1306.84         2998.24         4344.56  
    0.200       147.14          784.52        2248.29         3716.62         4936.14  
    0.206       317.15          1322.11        3098.65         4380.84         5234.09  
    0.213       362.37          1407.75        2975.83         4232.29         4959.83  
    0.219       342.60          1495.19        2934.26         4086.35         5155.41  
    0.225       150.22          753.86        2177.35         3499.96         4611.06  
    0.231       0          685.68        2056.60         3333.52         4008.76  
    0.238       0          1327.80        2621.57         3789.57         4143.49  
    0.244       404.45          1525.06        2903.96         3913.86         4307.77  
    0.250       564.46          1743.26        3040.99         3994.96         4472.37  
    0.256       378.94          1554.65        3126.73         4246.52         4511.64  
    0.263       398.38          1292.72        3094.40         4447.15         4757.92  
    0.269       403.89          1237.67        3044.55         4465.02         5069.11  
    0.275       411.41          1206.69        3236.72         4491.37         5260.74  
    0.281       425.02          1151.03        3231.82         4503.17         5256.38  
    0.288       427.65          1106.49        3136.68         4479.52         5101.86  
    0.294       419.30          1079.16        3112.39         4451.01         5141.30  
    0.300       410.92          1062.47        3045.94         4427.99         5098.88  
    0.306       416.13          1058.93        2919.87         4408.52         5018.19  
    0.312       433.13          1063.13        2853.48         4400.53         5057.43  
    0.319       446.46          1070.11        2785.84         4400.47         5112.68  
    0.325       451.16          1072.85        2754.00         4405.36         5180.38  
    0.331       448.45          1072.40        2720.19         4403.94         5131.75  
    0.338       448.81          1073.10        2702.78         4410.68         5056.84  
    0.344       454.47          1072.49        2741.53         4414.71         4997.12  
    0.350       468.46          1066.68        2787.43         4398.51         4911.35  
    0.356       485.22          1089.30        2907.25         4403.34         4863.12  
    0.363       484.37          1152.04        3073.79         4451.35         4892.26  
    0.369       471.17          1198.64        3022.57         4455.88         4937.82  
    0.375       460.44          1210.26        2821.63         4406.71         4937.54  
    0.381       455.47          1211.48        2711.79         4368.98         4894.31  
    0.388       435.09          1217.52        2674.76         4355.38         4853.15  
    0.394       393.87          1244.82        2670.34         4325.61         4890.65  
    0.400       364.66          1265.02        2676.47         4291.73         4974.18  
    0.406       356.25          1267.10        2692.73         4299.92         4993.34  
    0.413       348.60          1271.67        2703.87         4328.73         4978.18  
    0.419       340.03          1273.57        2699.78         4368.05         5041.39  
    0.425       341.17          1265.44        2691.64         4365.40         5128.49  
    0.431       342.61          1258.30        2681.67         4315.47         5104.72  
    0.438       341.97          1258.34        2671.25         4288.50         4979.43  
    0.444       347.55          1264.41        2669.50         4305.19         4829.81  
    0.450       353.56          1271.84        2689.79         4359.46         4702.62  
    0.456       357.22          1268.92        2719.59         4378.20         4775.16  
    0.463       355.52          1262.17        2702.08         4337.53         4928.58  
    0.469       346.03          1268.74        2645.92         4325.09         5013.81  
    0.475       337.97          1294.83        2574.38         4337.27         5041.30  
    0.481       335.14          1322.44        2496.35         4338.95         4940.08  
    0.488       332.63          1337.59        2480.45         4334.14         4865.34  
    0.494       331.87          1344.39        2511.85         4333.15         4854.02  
    0.500       335.90          1349.63        2495.75         4329.09         4808.24  
    0.506       346.11          1340.97        2586.53         4338.00         4856.92  
    0.513       354.02          1334.94        2726.62         4327.34         4938.11  
    0.519       354.98          1343.91        2652.40         4290.05         4911.22  
    0.525       356.79          1337.09        2630.63         4307.14         4878.06  
    