0.025       280.17          1050.76        2403.73         3678.14         5161.23  
    0.031       265.90          1193.80        2444.25         3658.02         5022.99  
    0.038       248.44          1365.41        2590.18         3705.68         4975.13  
    0.044       245.85          1356.81        2692.00         3752.74         5297.90  
    0.050       249.79          1353.93        2675.90         3750.10         5500.00  
    0.056       103.52          722.46        2349.37         3254.20         4865.26  
    0.062       0          410.86        2193.86         3002.77         4410.65  
    0.069       173.94          570.20        2437.01         3547.28         4626.70  
    0.075       366.07          658.55        2566.90         3886.14         4737.12  
    0.081       431.57          699.48        2554.35         3892.44         4537.85  
    0.088       455.66          704.54        2572.73         3880.20         4551.28  
    0.094       479.30          713.79        2651.13         3873.93         4693.64  
    0.100       483.52          758.78        2702.81         3853.38         4398.66  
    0.106       471.68          817.93        2659.27         3790.90         4135.44  
    0.113       469.74          857.35        2630.91         3788.07         4151.83  
    0.119       476.81          877.12        2663.74         3795.92         4185.21  
    0.125       483.59          895.30        2636.53         3770.18         4204.09  
    0.131       490.92          925.37        2623.77         3773.56         4236.80  
    0.138       491.64          959.31        2695.27         3791.15         4222.97  
    0.144       504.63          946.33        2799.36         3780.24         4185.02  
    0.150       500.09          974.74        2899.28         3786.36         4156.57  
    0.156       469.49          1021.34        3161.95         3814.52         4132.08  
    0.163       467.52          936.60        3493.52         3826.65         4090.40  
    0.169       468.65          967.69        3159.90         3880.40         4136.87  
    0.175       190.97          771.34        2192.41         3538.97         4062.39  
    0.181       388.50          1186.64        2119.42         3541.62         4872.16  
    0.188       272.23          662.33        1363.96         2896.35         4453.09  
    0.194       339.33          598.79        1869.33         3230.53         4766.40  
    0.200       533.43          1151.81        2839.69         3871.45         5500.00  
    0.206       496.61          1202.06        2927.34         3825.08         5200.90  
    0.213       526.32          1037.30        2837.39         3795.44         5290.41  
    0.219       569.54          932.11        2745.70         3877.00         5500.00  
    0.225       575.32          1108.76        2843.77         3956.85         5500.00  
    0.231       234.79          840.26        2063.04         3437.78         4621.22  
    0.238       0          552.17        1559.24         3132.22         4056.97  
    0.244       0          538.59        1699.34         3198.20         4135.72  
    0.250       334.45          1076.55        2399.85         3679.53         4950.20  
    0.256       234.36          1014.47        2562.68         3997.81         4797.37  
    0.263       0          952.34        2364.14         3978.01         4212.88  
    0.269       0          1022.67        2356.18         3939.90         4175.68  
    0.275       0          718.62        2322.35         3930.79         4236.74  
    0.281       0          611.22        2278.12         3904.97         4309.52  
    0.288       0          267.68        1353.38         3024.29         4052.36  
    0.294       0          0        770.11         2469.89         3850.23  
    0.300       248.04          548.54        1819.41         3277.81         4035.11  
    0.306       434.56          938.88        2517.05         3830.29         4166.27  
    0.312       453.92          913.74        2533.04         3849.68         4166.78  
    0.319       463.65          872.68        2540.20         3885.96         4184.21  
    0.325       455.26          852.89        2500.70         3866.99         4200.58  
    0.331       445.72          846.47        2475.59         3803.13         4161.59  
    0.338       443.70          840.42        2483.37         3789.91         4108.95  
    0.344       444.37          842.56        2485.53         3797.99         4104.29  
    0.350       447.79          852.60        2482.55         3794.28         4109.03  
    0.356       456.00          869.80        2516.71         3796.86         4118.57  
    0.363       476.66          898.48        2585.16         3808.87         4110.67  
    0.369       501.57          937.24        2604.10         3796.93         4103.71  
    0.375       515.15          997.66        2638.46         3778.01         4077.25  
    0.381       213.44          732.32        2137.13         3765.34         4001.26  
    0.388       0          529.13        1848.18         3704.34         3956.42  
    0.394       0          529.97        1734.13         3648.62         3946.73  
    0.400       304.45          991.64        2736.53         3681.00         3953.19  
    0.406       464.14          1229.00        3107.23         3742.31         3987.18  
    0.413       398.38          1155.74        2697.56         3777.81         4008.85  
    0.419       377.68          1153.08        2552.17         3780.61         4030.38  
    0.425       366.68          1169.57        2453.50         3775.97         4025.39  
    0.431       351.18          1193.72        2412.09         3787.83         4001.01  
    0.438       348.53          1202.58        2456.94         3782.11         3974.90  
    0.444       345.69          1212.30        2443.62         3768.72         3946.64  
    0.450       343.31          1211.51        2420.48         3767.91         3970.96  
    0.456       350.94          1203.16        2474.97         3792.61         3998.24  
    0.463       350.27          1227.73        2537.25         3796.60         4058.15  
    0.469       340.24          1258.87        2576.39         3788.47         4218.04  
    