0.025       198.28          1093.00        2313.33         3609.26         5500.00  
    0.031       204.91          995.35        2304.56         3571.14         5500.00  
    0.038       194.98          1035.04        2345.40         3549.76         5500.00  
    0.044       197.34          899.11        2349.88         3604.33         5500.00  
    0.050       38.04          343.52        1939.55         2605.53         3961.68  
    0.056       0          215.91        1681.79         2398.47         3523.20  
    0.062       0          203.06        1201.29         2369.90         3584.89  
    0.069       171.82          1712.82        2435.45         3847.02         4659.48  
    0.075       40.72          1457.89        2336.03         3067.76         4772.06  
    0.081       326.57          1887.26        2474.28         3707.97         4710.67  
    0.088       77.41          770.78        2414.13         3521.80         4577.31  
    0.094       0          559.46        2304.60         3200.28         4697.59  
    0.100       0          111.09        888.77         2500.52         3499.84  
    0.106       0          0        507.53         2432.23         3251.07  
    0.113       377.10          692.12        2127.73         3321.70         4808.29  
    0.119       454.79          1069.37        2562.01         3714.74         5143.54  
    0.125       446.76          1155.34        2551.06         3723.88         4746.02  
    0.131       447.35          1250.53        2553.51         3815.39         4689.45  
    0.138       448.82          1301.30        2562.52         4005.91         4947.80  
    0.144       448.71          1284.51        2561.41         4009.40         5405.54  
    0.150       449.01          1126.95        2541.96         3918.46         5500.00  
    0.156       86.05          572.87        2506.97         3769.48         4190.77  
    0.163       354.89          933.32        2550.32         3844.33         5189.68  
    0.169       435.52          1131.16        2637.07         3858.08         5500.00  
    0.175       435.63          1115.20        2524.62         3650.79         5254.69  
    0.181       433.97          1112.11        2487.17         3630.13         5441.86  
    0.188       429.02          1282.43        2552.92         3642.11         5500.00  
    0.194       436.12          1200.68        2443.53         3812.14         5412.64  
    0.200       443.01          1189.32        2463.15         3769.30         5267.60  
    0.206       457.86          1178.09        2489.67         3740.40         5449.82  
    0.213       449.59          1289.41        2569.67         3788.53         5500.00  
    0.219       442.08          1524.72        2700.68         4324.06         5500.00  
    0.225       449.16          1897.28        2752.21         4248.58         4864.00  
    0.231       472.23          1978.28        2748.83         4150.14         4743.83  
    0.238       91.44          750.56        2308.44         2924.08         4546.81  
    0.244       368.90          918.81        2526.42         3486.22         4943.97  
    0.250       448.74          1087.82        2634.63         3773.18         5025.98  
    0.256       447.34          1080.81        2648.41         3860.19         4996.86  
    0.263       449.90          1050.02        2654.63         3785.90         5010.18  
    0.269       462.28          1004.43        2679.63         3727.68         5003.61  
    0.275       487.78          952.00        2722.01         3724.93         4894.71  
    0.281       492.93          955.92        2748.47         3756.19         4849.85  
    0.288       479.48          958.77        2744.30         3727.37         4911.52  
    0.294       469.84          953.37        2710.40         3587.61         4964.67  
    0.300       465.40          1005.39        2677.79         3517.66         5001.25  
    0.306       451.68          1020.35        2681.76         3597.37         4991.76  
    0.312       429.87          1006.54        2646.80         3805.86         4991.52  
    0.319       423.37          999.50        2677.91         3852.88         5018.91  
    0.325       421.15          991.09        2679.67         3828.98         5020.99  
    0.331       407.84          955.76        2648.72         4008.62         5003.44  
    0.338       410.34          941.03        2646.60         4355.67         4742.87  
    0.344       399.41          1000.49        2661.76         4515.74         4567.71  
    0.350       400.47          1017.22        2591.69         4294.12         4766.98  
    0.356       394.44          1070.89        2645.63         4154.75         4796.74  
    0.363       378.93          1061.17        2721.76         4042.67         4836.57  
    0.369       374.76          1075.99        2617.70         4036.12         5068.86  
    0.375       368.65          1038.45        2563.94         3966.37         5024.82  
    0.381       372.34          1055.06        2564.98         3948.72         4946.53  
    0.388       364.63          965.24        2543.30         3876.94         4864.16  
    0.394       358.23          973.34        2528.25         3735.79         4871.75  
    