0.025       217.79          1063.74        2353.98         3683.27         5073.92  
    0.031       219.20          1038.66        2327.22         3755.92         5065.63  
    0.038       245.27          792.44        2280.24         3624.35         4929.59  
    0.044       286.61          508.67        2271.12         3623.38         4889.26  
    0.050       61.97          349.00        2226.45         2567.64         4150.29  
    0.056       0          67.50        720.74         2295.23         3864.52  
    0.062       207.28          472.57        1961.34         3444.00         4588.21  
    0.069       236.73          635.63        2390.93         3826.19         4798.45  
    0.075       239.99          605.41        2351.03         3929.55         4924.03  
    0.081       236.20          652.04        2363.52         3927.13         5106.74  
    0.088       226.42          698.09        2394.92         3723.81         5051.97  
    0.094       319.44          768.80        2400.36         3540.75         4931.58  
    0.100       387.85          828.94        2385.17         3471.37         4752.76  
    0.106       400.30          831.24        2378.75         3395.55         4539.26  
    0.113       428.63          819.76        2393.79         3399.05         4458.71  
    0.119       451.16          815.47        2412.69         3443.94         4337.08  
    0.125       470.72          835.57        2422.69         3491.52         4319.88  
    0.131       479.07          888.36        2430.45         3509.91         4392.95  
    0.138       484.03          915.49        2432.32         3549.03         4461.02  
    0.144       492.56          931.54        2421.46         3604.10         4465.77  
    0.150       501.67          954.02        2422.42         3611.85         4460.76  
    0.156       507.84          975.82        2423.20         3555.91         4448.77  
    0.163       522.71          999.02        2457.44         3679.30         4444.59  
    0.169       545.77          1015.23        2490.02         3887.68         4638.20  
    0.175       552.08          1028.76        2461.33         3960.94         4793.37  
    0.181       539.79          1040.44        2433.48         3888.07         4806.29  
    0.188       512.81          1052.59        2452.44         3790.37         4576.97  
    0.194       474.83          1062.05        2557.46         3811.76         4467.25  
    0.200       437.20          1095.68        2655.25         3917.46         4408.86  
    0.206       409.72          1124.87        2784.59         3935.44         4383.66  
    0.213       410.60          981.13        2947.23         3940.58         4477.96  
    0.219       364.00          984.76        2950.98         3976.31         4858.33  
    0.225       390.50          1041.44        2928.47         3913.14         5385.24  
    0.231       429.40          1038.33        2697.33         3974.10         5500.00  
    0.238       476.46          1019.17        2614.09         3897.27         5500.00  
    0.244       486.05          978.63        2549.83         3863.75         5215.22  
    0.250       490.78          878.67        2668.03         4058.69         5424.52  
    0.256       103.11          532.18        1607.86         3086.80         4410.30  
    0.263       0          449.15        1386.23         2509.24         4042.52  
    0.269       0          434.80        1518.87         2251.26         3952.47  
    0.275       0          410.97        1799.55         2822.17         4377.84  
    0.281       210.08          1546.16        2724.62         4212.14         5289.52  
    0.288       779.41          1792.55        2958.68         4478.77         4898.70  
    0.294       897.77          1725.59        3014.24         4339.39         4687.67  
    0.300       444.38          1552.97        3051.98         4085.41         4719.10  
    0.306       359.36          1315.57        2698.13         3918.76         4642.33  
    0.312       425.26          1221.68        2560.86         3751.35         4599.43  
    0.319       463.55          1115.80        2522.53         3646.72         4399.61  
    0.325       464.44          1111.24        2526.79         3610.31         4409.11  
    0.331       447.89          1107.90        2559.42         3579.45         4441.60  
    0.338       449.14          1108.33        2608.58         3526.22         4342.90  
    0.344       458.87          1120.46        2576.69         3499.44         4322.01  
    0.350       464.33          1168.06        2506.88         3499.73         4353.54  
    0.356       468.20          1204.23        2461.80         3509.83         4420.13  
    0.363       473.14          1291.98        2393.02         3603.03         4452.22  
    0.369       478.04          1336.96        2394.58         3745.47         4519.13  
    0.375       475.20          1250.50        2416.54         3580.67         4503.12  
    0.381       468.60          1192.60        2378.92         3515.50         4443.74  
    0.388       462.21          1172.98        2384.93         3565.65         4440.63  
    0.394       454.65          1169.77        2492.23         3649.20         4465.82  
    0.400       443.92          1171.98        2663.51         3628.47         4541.79  
    0.406       92.51          589.48        2517.81         3254.88         3896.65  
    0.413       0          384.98        2358.90         3216.24         4850.61  
    0.419       274.34          1069.47        2534.68         3498.24         5057.22  
    0.425       354.82          1209.75        2588.93         3822.28         5402.07  
    0.431       355.93          1185.23        2573.36         3893.04         5500.00  
    0.438       359.52          1194.17        2583.98         3901.23         5500.00  
    0.444       359.67          1242.76        2610.26         3859.55         5057.70  
    0.450       352.76          1197.00        2620.24         3852.42         4824.79  
    0.456       348.09          1176.11        2627.64         3878.47         4814.54  
    0.463       348.04          1238.55        2653.82         3912.92         5357.51  
    0.469       72.96          546.56        1513.25         2963.88         4338.38  
    0.475       270.45          898.35        2385.64         3746.64         4450.43  
    