0.025       0          193.24        1109.50         2437.88         5067.38  
    0.031       122.68          723.56        1917.71         3907.37         5345.00  
    0.038       188.00          968.55        2339.87         4300.98         5500.00  
    0.044       180.93          930.06        2331.41         3991.10         5500.00  
    0.050       172.74          890.94        2351.45         3912.73         5500.00  
    0.056       169.18          823.69        2355.50         3796.45         5500.00  
    0.062       168.72          795.45        2340.80         3701.14         5500.00  
    0.069       169.40          796.52        2359.27         3549.28         5500.00  
    0.075       162.27          836.23        2509.95         3809.04         5500.00  
    0.081       56.63          716.13        2308.08         3375.36         4863.02  
    0.088       0          717.93        2269.83         3176.78         4490.42  
    0.094       247.60          808.33        2521.36         3653.18         4892.88  
    0.100       409.19          850.45        2552.29         3879.67         5113.37  
    0.106       432.65          869.75        2432.95         4101.55         5109.22  
    0.113       459.88          879.79        2328.14         4045.25         5113.91  
    0.119       515.92          868.03        2252.72         3866.70         5093.73  
    0.125       581.81          874.22        2259.14         3881.66         5065.17  
    0.131       661.35          904.29        2323.47         4009.27         5050.32  
    0.138       804.29          903.43        2372.75         4105.69         5043.17  
    0.144       874.39          895.23        2344.65         4439.81         5189.82  
    0.150       762.61          913.49        2268.41         4438.83         5169.24  
    0.156       593.95          1040.44        2299.75         4332.18         5114.99  
    0.163       496.47          1163.48        2356.05         4319.94         5104.84  
    0.169       444.69          1145.33        2384.27         4332.00         5087.43  
    0.175       343.84          1083.48        2409.81         4360.76         5092.72  
    0.181       106.33          381.45        1276.25         3100.05         4608.58  
    0.188       0          0        614.72         2366.77         4224.25  
    0.194       182.92          527.35        1770.40         3580.83         5020.82  
    0.200       303.15          837.69        2415.39         4251.30         5500.00  
    0.206       375.48          860.06        2455.39         4241.75         5500.00  
    0.213       432.37          900.85        2564.59         4234.83         5500.00  
    0.219       281.03          909.80        2664.97         4248.72         5500.00  
    0.225       67.94          324.03        1532.37         3252.80         4748.22  
    0.231       0          0        853.54         2732.77         4313.99  
    0.238       0          0        774.41         2833.76         4212.85  
    0.244       0          140.83        1384.35         3033.18         4507.14  
    0.250       0          1029.32        2362.94         3045.48         4656.00  
    0.256       0          1441.24        2758.72         3597.83         4769.37  
    0.263       0          508.32        1897.95         3204.75         4205.78  
    0.269       276.61          914.28        2276.47         3499.47         4500.75  
    0.275       447.06          1417.59        2705.70         4103.25         4924.31  
    0.281       477.41          1375.41        2749.22         4318.95         4997.91  
    0.288       483.64          1305.06        2766.37         4596.79         5091.56  
    0.294       477.11          1345.28        2706.04         4553.29         5124.12  
    0.300       473.32          1436.69        2829.99         4418.46         5098.30  
    0.306       476.59          1470.05        3001.90         4534.29         5351.71  
    0.312       486.70          1445.87        2993.61         4519.74         5500.00  
    0.319       497.11          1426.51        2877.58         4391.83         5282.66  
    0.325       506.23          1428.47        2845.82         4306.33         5140.73  
    0.331       513.42          1430.54        2866.93         4303.57         5296.44  
    0.338       511.01          1438.57        2854.40         4325.29         5460.52  
    0.344       510.12          1459.30        2858.19         4267.75         5500.00  
    0.350       510.67          1480.39        2892.83         4255.21         5500.00  
    0.356       508.83          1508.91        2877.71         4292.02         5500.00  
    0.363       516.23          1520.83        2850.55         4276.83         5500.00  
    0.369       186.61          897.61        1979.67         3350.51         4694.47  
    0.375       0          673.88        1569.89         2864.13         4264.01  
    0.381       0          718.82        1675.77         2899.87         4324.36  
    0.388       0          641.32        1733.07         2922.87         4361.08  
    0.394       0          570.15        1723.28         2952.22         4364.43  
    0.400       0          522.38        1648.22         2967.80         4358.51  
    0.406       0          476.70        1504.26         2892.48         4354.12  
    0.413       278.33          1039.17        2292.47         3804.57         5089.14  
    0.419       429.32          1368.36        2741.85         4319.73         5393.42  
    0.425       421.99          1357.32        2714.00         4309.10         5214.33  
    0.431       414.29          1340.53        2704.97         4298.41         5030.32  
    0.438       408.08          1347.90        2707.79         4273.51         4906.17  
    0.444       403.97          1360.76        2724.12         4249.09         4839.78  
    0.450       402.45          1372.88        2728.42         4214.90         4894.22  
    0.456       400.67          1344.57        2717.97         4199.63         4967.98  
    0.463       402.65          1260.73        2737.52         4196.00         4910.51  
    0.469       400.57          1203.05        2791.16         4175.57         4886.03  
    0.475       390.68          1203.36        2781.51         4152.59         4982.64  
    0.481       380.07          1207.61        2756.56         4154.90         5022.01  
    0.488       371.58          1200.91        2756.72         4161.91         4985.00  
    0.494       369.06          1195.36        2759.10         4164.03         4989.33  
    0.500       369.84          1196.40        2759.74         4162.13         4970.67  
    0.506       367.71          1191.66        2751.07         4159.92         4917.27  
    0.513       363.26          1182.06        2737.85         4164.13         4926.21  
    0.519       359.07          1177.86        2706.60         4164.85         5006.56  
    0.525       358.52          1280.27        2689.02         4168.72         5141.98  
    