0.025       201.07          777.25        2331.25         3584.56         5500.00  
    0.031       59.55          387.90        2037.57         2714.62         4105.11  
    0.038       0          209.79        1545.94         2409.47         3543.51  
    0.044       147.30          990.36        2099.54         3170.66         4923.75  
    0.050       61.98          735.32        2209.08         2985.45         5013.43  
    0.056       0          755.61        2207.45         2694.55         4740.58  
    0.062       301.69          1560.86        2397.46         3547.80         4685.51  
    0.069       126.93          961.18        2380.71         3378.98         4674.60  
    0.075       285.62          588.52        2372.93         3251.39         4690.74  
    0.081       454.63          701.26        2439.22         3312.21         4767.88  
    0.088       448.99          830.53        2492.49         3393.18         4992.23  
    0.094       438.08          912.78        2531.37         3554.94         5041.19  
    0.100       443.93          975.85        2545.00         3663.89         4809.69  
    0.106       447.34          1027.58        2542.70         3697.24         4699.74  
    0.113       449.77          1100.15        2549.26         3862.10         4672.07  
    0.119       448.31          1136.19        2558.29         3982.73         4853.64  
    0.125       447.16          1124.72        2557.91         3939.45         5094.96  
    0.131       449.08          1023.20        2550.88         3863.72         5217.13  
    0.138       446.67          902.37        2545.96         3816.88         5422.99  
    0.144       438.04          1029.72        2604.80         3892.15         5500.00  
    0.150       436.29          1080.57        2587.40         3681.43         5195.89  
    0.156       437.90          1018.01        2496.06         3618.69         5065.52  
    0.163       432.60          1087.07        2502.43         3587.02         5272.67  
    0.169       432.05          1155.06        2452.02         3686.43         5097.20  
    0.175       435.32          1154.90        2433.78         3740.55         5040.29  
    0.181       446.54          1130.66        2470.69         3748.30         5207.04  
    0.188       452.00          1179.01        2501.40         3720.51         5234.77  
    0.194       444.88          1243.56        2581.17         3786.04         5043.24  
    0.200       440.79          1703.61        2700.32         4177.10         4739.52  
    0.206       460.44          1949.81        2753.19         4216.55         4712.87  
    0.213       460.08          1995.70        2718.15         4266.56         4711.50  
    0.219       455.87          1361.42        2641.80         3981.53         4964.91  
    0.225       445.32          1064.86        2621.92         3767.75         5051.34  
    0.231       436.58          1083.88        2645.54         3806.10         5028.96  
    0.238       431.58          1063.32        2655.67         3830.00         5018.08  
    0.244       426.92          1042.15        2668.86         3756.08         5017.79  
    0.250       430.32          1023.68        2701.30         3746.73         5016.33  
    0.256       443.57          1003.51        2738.78         3763.57         4949.36  
    0.263       451.44          990.06        2753.42         3748.43         4918.50  
    0.269       444.80          974.99        2734.02         3676.16         4920.66  
    0.275       447.25          984.59        2702.77         3569.53         4969.77  
    0.281       451.38          1004.82        2680.40         3535.88         5001.30  
    0.288       435.92          1004.36        2667.36         3676.12         5015.82  
    0.294       423.22          1004.93        2652.40         3884.75         5059.03  
    0.300       420.58          989.26        2684.83         3840.62         5045.72  
    0.306       414.17          976.19        2664.92         3884.60         5023.02  
    0.312       405.75          967.96        2650.33         4118.02         4981.73  
    0.319       402.41          970.19        2659.69         4421.83         4754.36  
    0.325       403.62          998.52        2658.05         4383.43         4725.16  
    0.331       396.64          1023.69        2606.63         4227.74         4835.21  
    0.338       391.68          1040.23        2692.54         4151.65         4895.56  
    