0.025       282.63          1151.21        2581.73         3963.58         5500.00  
    0.031       285.32          1377.45        2650.67         4128.07         5500.00  
    0.038       270.42          1776.36        2716.67         3653.40         4876.58  
    0.044       88.73          925.56        2607.58         2988.98         4444.91  
    0.050       0          454.88        2257.77         2610.33         4194.63  
    0.056       0          478.45        1796.28         2508.98         4097.54  
    0.062       298.95          1054.45        2215.36         3570.52         4706.84  
    0.069       445.88          1363.02        2528.59         4094.14         4660.04  
    0.075       452.20          1370.14        2544.37         4104.22         4629.70  
    0.081       467.66          1374.61        2546.54         4114.95         5231.88  
    0.088       474.30          1372.21        2547.73         4093.23         5500.00  
    0.094       474.07          1372.55        2552.93         4129.19         4820.59  
    0.100       468.34          1359.74        2548.97         4072.86         4257.57  
    0.106       457.84          1299.12        2543.94         3847.67         4157.27  
    0.113       456.83          1251.84        2548.32         3592.61         4166.49  
    0.119       155.17          692.35        2577.47         2916.26         4163.18  
    0.125       0          397.11        2508.02         2611.59         4130.78  
    0.131       0          377.05        2458.36         2650.31         4102.24  
    0.138       231.12          1598.27        2681.97         3595.87         5024.47  
    0.144       334.99          1338.42        2786.28         4073.40         4906.61  
    0.150       110.91          653.30        2655.94         4093.11         4579.90  
    0.156       0          181.24        1215.77         3104.58         4234.16  
    0.163       355.52          574.65        1875.26         3562.29         5013.59  
    0.169       181.96          671.65        2328.43         3127.37         4542.26  
    0.175       0          560.31        2138.48         2725.48         4059.44  
    0.181       328.84          1306.20        2554.59         3652.83         5013.58  
    0.188       483.70          1691.89        2800.37         4067.58         5110.79  
    0.194       483.82          1719.12        2688.94         4033.61         4890.87  
    0.200       481.69          1826.59        2577.45         4000.60         4806.74  
    0.206       401.94          1686.61        2816.12         4100.41         4768.68  
    0.213       122.76          1488.93        2807.20         4081.85         4764.67  
    0.219       256.46          1770.37        2779.13         4021.24         4792.33  
    0.225       383.34          1518.44        2864.46         4033.84         4819.18  
    0.231       395.14          1296.31        2900.10         4035.97         4786.79  
    0.238       410.82          1316.28        2790.26         4015.95         4789.90  
    0.244       423.66          1341.90        2731.98         3969.03         4713.03  
    0.250       444.25          1321.93        2767.29         3908.09         4647.74  
    0.256       473.90          1268.42        2814.09         3987.75         4794.43  
    0.263       498.70          1229.65        2853.35         4067.77         5288.32  
    0.269       171.24          767.39        1731.90         3274.38         4483.33  
    0.275       0          594.50        1577.82         2844.93         3991.44  
    0.281       0          654.91        2038.50         2829.41         3967.82  
    0.288       0          697.46        2134.01         2845.79         3917.21  
    0.294       0          732.34        2090.08         2872.31         3941.87  
    0.300       0          746.13        2161.06         2881.53         3977.53  
    0.306       0          732.07        2226.73         2871.76         3991.83  
    0.312       0          699.70        2104.48         2866.93         4006.64  
    0.319       386.96          983.74        2592.16         3634.61         4062.22  
    0.325       542.62          1187.41        2885.85         3765.40         4076.19  
    0.331       506.78          1240.59        2899.42         3539.60         4079.93  
    0.338       496.67          1273.64        2911.82         3668.37         4046.80  
    0.344       487.74          1293.73        2944.90         3860.04         4034.41  
    0.350       468.26          1306.83        2988.44         3709.34         4083.78  
    0.356       448.99          1353.02        2965.15         3660.15         4099.91  
    0.363       150.05          808.31        2701.17         3219.38         4104.18  
    0.369       0          569.06        2680.23         3040.50         4111.67  
    0.375       0          201.42        1327.71         2851.57         3456.95  
    0.381       0          0        575.42         2729.48         3154.74  
    0.388       0          0        500.10         2738.22         3195.06  
    0.394       0          254.09        2098.72         3036.63         3845.92  
    