0.025       200.01          1086.49        2438.53         5176.63         5500.00  
    0.031       199.43          1024.54        2387.19         4945.77         5128.84  
    0.038       194.36          948.58        2330.59         3962.28         4994.82  
    0.044       187.25          920.90        2328.01         3747.13         4953.36  
    0.050       179.21          887.34        2349.80         3834.84         5046.89  
    0.056       177.72          809.96        2360.17         3777.45         5295.96  
    0.062       177.34          792.77        2338.64         3742.44         5332.13  
    0.069       177.93          782.24        2362.89         3520.96         5255.62  
    0.075       175.40          763.22        2521.19         3652.62         5155.72  
    0.081       25.47          206.91        2147.73         3073.38         4731.92  
    0.088       0          415.86        2231.30         3163.76         4593.57  
    0.094       242.64          661.72        2542.08         3724.28         4958.71  
    0.100       409.05          811.27        2559.74         3825.17         5060.40  
    0.106       449.86          828.58        2457.80         4083.00         5010.69  
    0.113       579.67          666.46        2304.90         4001.92         5042.81  
    0.119       206.37          652.33        2178.54         3862.52         5063.55  
    0.125       585.24          705.93        2204.02         3940.80         5046.40  
    0.131       626.29          975.03        2322.49         4092.53         5016.37  
    0.138       699.10          1063.24        2401.18         4290.80         5140.16  
    0.144       103.73          864.35        1879.29         2673.60         4492.33  
    0.150       0          784.03        2013.64         3034.78         4399.75  
    0.156       500.29          1167.83        2198.06         4176.80         5036.43  
    0.163       534.35          1358.43        2300.54         4326.18         5129.68  
    0.169       570.66          716.28        2337.81         4364.80         5166.95  
    0.175       424.49          620.36        2395.98         4370.65         4875.33  
    0.181       57.98          90.73        964.03         2648.25         4300.09  
    0.188       0          512.87        2000.71         3758.66         4964.58  
    0.194       307.25          643.62        2481.58         4212.47         5440.75  
    0.200       401.26          781.15        2518.24         4243.26         5500.00  
    0.206       472.07          840.77        2616.25         4233.42         5500.00  
    0.213       510.76          916.30        2694.60         4232.01         5500.00  
    0.219       328.91          889.00        2762.99         4248.28         5500.00  
    0.225       43.25          128.45        1140.08         2995.63         4540.09  
    0.231       0          0        833.27         2838.19         4322.66  
    0.238       205.01          684.53        2518.06         3812.12         5327.27  
    0.244       34.93          568.72        2234.94         3310.74         4626.15  
    0.250       0          973.94        2034.38         3161.44         4437.91  
    0.256       1016.01          1658.98        2645.29         4024.83         4738.01  
    0.263       173.11          256.62        1635.35         2886.07         4125.06  
    0.269       399.08          1324.77        2465.50         3766.39         4729.67  
    0.275       468.45          1474.66        2533.79         4213.12         5405.67  
    0.281       493.83          1484.39        2594.17         4310.44         5500.00  
    0.288       506.26          1368.65        2554.40         4273.22         5036.78  
    0.294       490.69          1432.71        2489.18         4270.77         5003.64  
    0.300       491.11          1549.02        2826.69         4307.60         5035.28  
    0.306       499.87          1548.27        3069.54         4392.49         5432.94  
    0.312       522.48          1478.52        3020.39         4377.91         5500.00  
    0.319       532.42          1440.23        2726.44         4290.10         5160.64  
    0.325       544.96          1445.19        2681.27         4240.75         5074.65  
    0.331       552.17          1430.92        2775.44         4302.70         5199.47  
    0.338       540.53          1444.41        2749.56         4347.08         5459.46  
    0.344       541.97          1522.93        2722.53         4217.62         5179.58  
    0.350       528.41          1515.05        2854.60         4250.54         5231.21  
    0.356       507.31          1541.02        2801.19         4309.44         5463.50  
    0.363       501.04          1588.94        2675.19         4268.40         5500.00  
    0.369       496.40          1562.16        2637.04         4244.78         5500.00  
    0.375       72.16          655.78        1780.41         2998.69         4437.35  
    0.381       0          517.71        1721.66         2905.19         4329.83  
    0.388       0          489.83        1768.52         2921.01         4371.40  
    0.394       0          472.89        1756.44         2947.76         4372.76  
    0.400       0          456.61        1677.68         2961.48         4367.21  
    0.406       371.68          1350.36        2654.73         4151.20         5334.97  
    0.413       421.76          1420.03        2763.24         4335.43         5500.00  
    0.419       414.60          1414.59        2719.60         4299.25         4986.37  
    0.425       410.24          1394.94        2692.96         4292.94         4894.25  
    0.431       405.27          1393.37        2689.98         4281.61         4843.06  
    0.438       398.73          1410.54        2690.08         4245.03         4784.87  
    0.444       392.06          1414.82        2720.01         4250.09         4737.41  
    0.450       389.63          1450.74        2732.01         4216.08         4835.52  
    0.456       389.59          1441.22        2717.38         4180.02         4925.99  
    0.463       394.18          1358.83        2762.56         4157.55         4898.01  
    0.469       395.12          1324.18        2865.52         4141.10         4883.75  
    0.475       386.91          1256.34        2789.66         4127.57         4981.95  
    0.481       375.10          1229.74        2745.00         4148.28         4984.22  
    0.488       366.13          1219.36        2752.45         4155.45         4906.30  
    0.494       361.42          1203.10        2759.81         4165.53         4905.31  
    0.500       360.90          1198.27        2768.10         4149.24         4881.55  
    0.506       358.88          1186.75        2748.19         4132.80         4822.96  
    0.513       355.52          1172.37        2681.53         4153.82         4812.04  
    0.519       352.88          1165.72        2645.60         4159.01         4870.03  
    0.525       355.28          1392.35        2614.39         4176.11         5106.07  
    0.531       344.92          1630.57        2670.36         4168.33         5448.26  
    0.537       323.73          1314.71        2699.67         4127.03         4951.58  
    