0.025       0          213.35        1811.46         3263.00         4566.62  
    0.031       0          212.05        1779.77         3125.56         4532.79  
    0.038       165.94          1159.64        2121.19         3478.43         4851.14  
    0.044       54.35          362.70        951.58         2820.72         4211.17  
    0.050       276.96          580.81        2077.22         3598.54         4764.45  
    0.056       397.87          792.63        2485.89         3956.09         5383.03  
    0.062       447.98          818.89        2500.79         4280.01         5500.00  
    0.069       484.97          847.90        2499.58         4297.74         5500.00  
    0.075       498.89          871.99        2476.48         4157.30         5062.26  
    0.081       504.96          891.47        2474.01         4004.16         4934.70  
    0.088       511.21          906.95        2479.79         3825.38         4946.37  
    0.094       518.37          920.68        2470.92         3654.85         5010.19  
    0.100       524.31          930.45        2482.50         3589.98         5104.14  
    0.106       530.78          942.17        2488.77         3658.04         5099.86  
    0.113       537.76          959.43        2492.31         3694.17         5072.86  
    0.119       544.15          982.07        2492.37         3661.51         5123.18  
    0.125       550.41          1003.19        2473.18         3672.47         5144.30  
    0.131       554.82          1023.62        2466.60         3703.42         5361.31  
    0.138       558.07          1051.84        2497.76         3748.66         5483.25  
    0.144       559.29          1074.15        2530.04         3759.41         5500.00  
    0.150       557.71          1085.16        2517.84         3741.73         5500.00  
    0.156       556.00          1098.90        2526.36         3828.32         5500.00  
    0.163       552.99          1121.03        2544.78         3961.15         5500.00  
    0.169       545.66          1155.95        2548.77         4006.45         5500.00  
    0.175       536.15          1202.48        2594.99         4015.18         5500.00  
    0.181       517.90          1254.48        2676.85         3996.37         5500.00  
    0.188       524.56          1336.77        2713.16         3954.23         5500.00  
    0.194       534.11          1443.39        3103.95         3911.20         5500.00  
    0.200       538.34          1468.77        2927.69         3899.98         5500.00  
    0.206       539.70          1115.51        2522.60         4015.32         5500.00  
    0.213       133.20          659.19        2395.24         3515.68         4454.23  
    0.219       0          547.17        2112.71         3305.04         3986.51  
    0.225       0          547.40        1788.74         3277.65         4048.24  
    0.231       0          550.79        1993.90         3410.16         3968.91  
    0.238       0          568.61        2150.43         3573.46         3897.66  
    0.244       433.51          1141.63        2534.12         3801.80         4780.45  
    0.250       563.45          1316.80        2725.51         3943.32         5100.53  
    0.256       551.92          1486.98        2937.52         4097.36         5403.65  
    0.263       544.01          1596.85        3116.24         3841.79         5194.59  
    0.269       133.78          908.53        2451.87         3458.30         4888.76  
    0.275       732.70          1199.72        2275.76         3326.71         4363.12  
    0.281       813.97          1429.03        2329.53         3376.32         4165.72  
    0.288       618.26          1528.62        2455.99         3671.47         4058.58  
    0.294       483.33          1444.58        2550.36         3891.12         4042.76  
    0.300       424.44          1101.93        2621.48         4005.60         4092.23  
    0.306       442.56          1033.12        2650.76         3946.65         4346.36  
    0.312       476.67          1068.33        2643.09         3897.28         4473.17  
    0.319       479.77          1085.14        2634.21         3939.50         4582.61  
    0.325       475.42          1076.22        2633.35         3994.43         4661.26  
    0.331       472.16          1067.30        2655.17         4245.55         4628.81  
    0.338       467.70          1051.16        2641.11         4114.42         4658.32  
    0.344       469.96          1038.80        2600.80         3845.52         4687.75  
    0.350       467.50          1019.53        2537.54         3790.70         4810.50  
    0.356       468.14          1005.65        2529.86         4024.73         4846.87  
    0.363       468.52          1001.53        2541.15         4163.55         4811.04  
    0.369       465.90          993.09        2576.20         3952.44         4899.69  
    0.375       464.93          983.84        2590.66         4099.84         4947.66  
    0.381       462.24          968.22        2587.61         4087.30         4985.70  
    0.388       462.07          957.85        2600.92         3805.71         5017.00  
    0.394       464.23          951.38        2596.80         3876.85         5040.31  
    0.400       462.53          942.35        2566.07         3644.62         5087.98  
    0.406       460.89          940.22        2551.65         3509.80         5102.91  
    0.413       461.20          938.64        2545.16         3256.86         5066.18  
    0.419       464.07          934.72        2537.12         3154.64         5084.14  
    0.425       465.33          934.85        2538.29         3100.36         5125.10  
    0.431       465.63          938.39        2539.25         2953.71         5172.55  
    0.438       469.65          945.23        2530.89         2987.48         5155.05  
    0.444       470.86          948.40        2522.45         3040.55         5130.14  
    0.450       468.16          949.62        2511.26         2868.07         5109.40  
    0.456       468.42          954.12        2499.12         2832.77         5107.44  
    0.463       473.30          963.52        2487.28         3116.27         5148.11  
    0.469       479.71          974.68        2483.24         3347.55         5133.09  
    0.475       478.78          987.55        2497.20         3147.50         5091.42  
    0.481       482.26          1004.55        2535.44         3490.70         5034.83  
    0.488       484.26          1017.01        2542.24         4306.74         4956.32  
    0.494       483.32          1028.52        2529.26         4393.84         4945.86  
    0.500       477.61          1033.60        2519.44         3533.59         5023.33  
    0.506       470.93          1037.96        2505.13         3080.79         5047.34  
    0.513       464.56          1045.38        2502.09         2956.35         4944.24  
    0.519       450.90          1042.20        2468.12         2829.08         4931.46  
    0.525       419.42          1026.64        2412.73         2703.22         4976.38  
    0.531       410.29          1020.51        2424.48         2652.92         5058.66  
    0.537       405.39          1020.10        2479.46         2678.00         5074.73  
    0.544       389.59          1025.14        2513.41         2706.86         4898.25  
    0.550       382.01          1031.05        2531.95         2712.00         4790.00  
    0.556       379.78          1031.95        2565.35         2710.93         4545.59  
    0.562       375.97          1035.68        2553.84         2725.05         4249.69  
    0.569       379.43          1041.81        2534.64         2729.80         4233.12  
    0.575       386.27          1038.06        2546.52         2745.77         4526.91  
    0.581       395.14          1031.67        2575.09         2771.45         4456.04  
    0.588       403.79          1027.11        2563.65         2868.23         4319.20  
    0.594       409.44          1027.79        2565.55         3085.12         4499.66  
    0.600       405.69          1007.28        2574.29         3220.05         5270.01  
    