0.025       182.02          629.98        2173.65         2735.89         5041.12  
    0.031       183.45          623.90        2142.79         2951.00         4996.07  
    0.038       197.02          741.03        1701.84         2949.92         4985.04  
    0.044       46.81          396.63        965.24         2954.89         5020.61  
    0.050       258.74          632.98        2076.38         3206.52         5103.81  
    0.056       352.83          728.50        2930.54         3850.16         5237.50  
    0.062       366.51          730.43        2949.95         4158.77         5276.62  
    0.069       376.08          736.74        2999.83         4075.57         5263.55  
    0.075       385.81          741.63        3255.80         3792.77         5249.85  
    0.081       395.79          745.53        3373.08         3743.28         5264.23  
    0.088       404.20          750.78        3379.95         3807.69         5271.95  
    0.094       408.70          758.77        3339.82         4027.47         5275.99  
    0.100       413.97          768.20        3309.59         4113.17         5274.36  
    0.106       421.41          777.65        3379.32         3785.52         5265.65  
    0.113       427.97          789.83        3425.00         3519.81         5282.25  
    0.119       430.42          805.85        3407.97         3466.78         5219.36  
    0.125       431.36          830.17        3462.60         3541.74         5176.73  
    0.131       434.25          868.60        3486.28         3798.20         5066.65  
    0.138       440.46          914.39        3488.43         4535.35         4942.13  
    0.144       448.18          954.04        3390.95         3781.90         4921.63  
    0.150       449.10          975.48        3456.84         3605.10         5007.68  
    0.156       440.25          975.84        3461.76         3599.59         5015.35  
    0.163       431.94          977.60        3456.42         3530.73         4945.96  
    0.169       426.49          993.36        3338.65         3468.08         4895.43  
    0.175       424.83          994.04        3332.51         3409.85         4792.03  
    0.181       401.83          907.96        3284.66         3414.38         4780.88  
    0.188       403.21          875.77        3003.34         3488.55         4926.92  
    0.194       416.07          921.88        2773.00         3837.75         5124.69  
    0.200       414.01          945.64        2823.31         3764.56         5162.12  
    0.206       416.34          899.21        2837.94         3631.77         5079.20  
    0.213       446.99          867.91        2821.81         3641.63         5131.70  
    0.219       497.42          890.38        2918.69         3792.63         5419.66  
    0.225       480.11          1024.19        2966.96         3824.82         5500.00  
    0.231       520.59          999.64        2973.51         3825.29         5500.00  
    0.238       508.60          992.13        2822.71         3897.42         5500.00  
    0.244       489.25          1159.13        2702.58         3914.95         5500.00  
    0.250       113.15          774.97        2276.76         3095.93         4578.33  
    0.256       0          552.52        1833.89         3061.72         4362.88  
    0.263       455.25          1331.68        3170.31         4183.64         5239.74  
    0.269       138.20          847.08        2090.89         3871.96         4642.97  
    0.275       0          593.39        1668.33         3724.19         4343.74  
    0.281       335.06          1019.16        3188.18         3781.32         4604.71  
    0.288       424.13          1039.83        3467.42         4007.38         4829.98  
    0.294       411.02          967.95        3397.72         3845.41         4919.53  
    0.300       409.29          933.15        3408.53         3761.04         4934.89  
    0.306       422.88          902.74        3443.92         4069.95         4906.73  
    0.312       437.75          884.05        3456.84         3979.34         4937.26  
    0.319       448.71          875.67        3434.68         3752.18         5001.90  
    0.325       465.56          873.26        3405.11         3776.66         5043.30  
    0.331       474.34          876.73        3421.26         3967.02         5053.68  
    0.338       470.35          879.37        3419.27         4181.04         5069.72  
    0.344       469.96          877.27        3416.30         3948.95         5115.70  
    0.350       474.79          873.40        3424.94         3875.47         5158.91  
    0.356       489.14          867.22        3431.77         4356.67         5422.73  
    0.363       503.48          855.39        3433.72         4462.23         5500.00  
    0.369       511.90          840.78        3430.83         4544.00         5500.00  
    0.375       517.02          828.90        3420.04         4072.95         4859.95  
    0.381       510.11          820.55        3332.94         3531.41         4676.52  
    0.388       509.37          811.34        3252.63         3410.13         4753.23  
    0.394       520.49          795.61        3354.75         3656.09         4728.30  
    0.400       540.87          775.89        3371.70         3810.81         4698.90  
    0.406       551.43          775.87        3340.44         3770.97         4722.79  
    0.413       544.38          793.58        3340.83         3753.19         4787.31  
    0.419       537.30          810.98        3355.99         3775.16         4793.34  
    0.425       536.86          825.08        3318.66         3787.46         4809.89  
    0.431       532.81          833.96        3258.79         3922.09         4838.53  
    0.438       529.48          839.25        3255.20         4220.91         4766.62  
    0.444       527.28          845.24        3285.84         4362.01         4707.22  
    0.450       522.71          852.73        3298.50         4379.02         4669.02  
    0.456       521.88          863.76        3281.90         4485.35         4621.71  
    0.463       519.88          872.25        3244.11         4558.63         4598.92  
    0.469       519.76          884.15        3220.24         4397.72         4704.13  
    0.475       519.33          895.70        3228.25         4445.00         4698.29  
    0.481       517.95          912.30        3277.16         4580.77         4932.55  
    0.488       513.60          922.70        3201.54         4228.96         4881.43  
    0.494       510.48          939.64        2959.77         4089.60         4891.86  
    0.500       507.42          960.03        2929.71         4118.02         4942.96  
    0.506       499.81          985.91        2945.65         4105.83         5015.31  
    0.513       490.52          996.08        2976.32         4086.70         4983.72  
    0.519       480.18          999.71        3130.12         4038.17         4932.84  
    0.525       459.19          994.74        3290.25         3935.48         4881.28  
    0.531       402.24          952.12        3055.17         3936.70         4832.26  
    0.537       354.71          935.84        2971.49         3992.12         4807.70  
    0.544       342.90          961.67        2953.97         4028.99         4861.92  
    0.550       340.36          975.83        2919.09         3996.26         4879.96  
    0.556       337.65          976.13        2920.69         4002.68         4889.13  
    0.562       337.94          962.25        2993.81         3977.24         4885.31  
    0.569       344.12          949.68        3056.99         3958.05         4852.25  
    0.575       350.98          947.08        3004.70         3971.96         4828.25  
    0.581       356.33          953.27        3079.93         3964.11         4850.21  
    0.588       358.41          950.62        3227.20         3973.36         4888.34  
    0.594       358.82          955.28        3225.05         3972.65         4864.40  
    0.600       359.47          954.46        3416.89         3987.09         4821.33  
    0.606       359.35          942.08        3581.00         4016.20         4812.63  
    