0.025       468.14          770.45        2137.34         3730.88         4682.85  
    0.031       468.88          764.38        2115.01         3684.74         4619.39  
    0.038       470.48          763.23        2053.82         3585.73         4546.22  
    0.044       470.59          773.34        1974.03         3747.67         4537.65  
    0.050       470.77          828.54        1947.32         3725.50         4555.00  
    0.056       471.91          922.37        2106.57         3661.42         4526.89  
    0.062       468.57          941.72        2170.85         3648.74         4513.81  
    0.069       468.01          957.75        2175.72         3614.15         4689.15  
    0.075       475.45          995.95        2188.96         3563.99         4785.00  
    0.081       488.00          1058.61        2192.54         3569.54         4817.80  
    0.088       497.90          1122.20        2210.23         3680.05         4896.79  
    0.094       502.74          1192.10        2246.83         3823.44         5333.06  
    0.100       496.50          1205.19        2240.52         3839.27         5105.10  
    0.106       489.88          1185.40        2234.63         3697.41         4783.39  
    0.113       487.90          1191.73        2248.94         3599.57         4710.69  
    0.119       488.80          1225.07        2257.44         3594.25         4684.95  
    0.125       491.50          1274.44        2268.28         3568.29         4711.96  
    0.131       491.87          1298.55        2338.18         3564.15         4919.97  
    0.138       488.56          1291.69        2320.32         3671.24         4931.36  
    0.144       468.55          1326.41        2273.42         3786.62         4819.72  
    0.150       426.98          1363.50        2268.81         3965.93         4660.69  
    0.156       418.71          1154.63        2315.43         4115.87         4865.36  
    0.163       400.66          919.35        2403.74         4197.31         5346.06  
    0.169       113.96          590.53        2284.86         3263.94         4607.45  
    0.175       0          422.78        2224.77         2667.70         4215.41  
    0.181       200.49          960.97        2370.93         3504.98         4740.12  
    0.188       249.34          1265.28        2499.90         3805.81         4961.60  
    0.194       262.85          1292.13        2571.79         3785.75         4976.72  
    0.200       277.70          1455.21        2321.61         3828.61         5115.02  
    0.206       254.61          1591.71        2190.61         3816.81         5097.04  
    0.213       295.45          1616.79        2267.01         3887.64         5184.59  
    0.219       253.69          1600.56        2317.71         3945.63         5422.31  
    0.225       66.24          463.15        1482.38         2888.47         4413.46  
    0.231       0          803.80        1714.75         2959.25         4685.91  
    0.238       0          848.41        1891.40         3153.28         4796.60  
    0.244       373.61          1394.12        2541.29         4006.35         5273.92  
    0.250       446.93          1474.96        2631.83         4171.29         5261.22  
    0.256       436.59          1347.55        2432.33         3974.29         5099.71  
    0.263       451.72          1297.23        2279.80         3809.79         5036.97  
    0.269       456.00          1380.82        2256.03         3712.16         4915.74  
    0.275       457.40          1443.10        2257.88         3678.42         4868.67  
    0.281       456.02          1445.77        2277.07         3697.70         4844.88  
    0.288       452.16          1329.09        2344.04         3685.29         4856.59  
    0.294       455.62          1264.78        2453.48         3665.86         4895.47  
    0.300       466.37          1227.15        2478.39         3652.28         5077.20  
    0.306       485.74          1250.18        2420.97         3688.23         5397.32  
    0.312       486.81          1237.07        2494.03         3815.33         5500.00  
    0.319       480.30          1213.68        2625.32         3837.70         5500.00  
    0.325       487.38          1242.01        2844.49         3758.38         5500.00  
    0.331       142.63          716.43        1734.73         3154.63         4236.42  
    0.338       350.44          994.03        2290.50         3387.26         4982.70  
    0.344       494.84          1172.58        2786.91         3614.91         5500.00  
    0.350       490.54          1106.37        2565.71         3641.12         5258.28  
    0.356       490.75          1085.94        2403.85         3668.37         5056.25  
    0.363       505.49          1089.56        2479.77         3674.34         5358.84  
    0.369       518.24          1085.84        2496.10         3648.06         5500.00  
    0.375       525.98          1078.30        2571.41         3648.15         5500.00  
    0.381       528.84          1097.69        2730.51         3646.11         5500.00  
    0.388       524.06          1069.27        2505.99         3658.32         5500.00  
    0.394       520.77          1032.80        2346.57         3692.72         5141.63  
    0.400       523.16          1012.94        2319.53         3698.42         4808.83  
    0.406       513.96          1011.72        2315.60         3693.42         4635.05  
    0.413       477.43          1065.52        2340.19         3734.94         4696.79  
    0.419       444.70          1149.00        2399.88         3740.25         5103.37  
    0.425       430.67          1236.76        2512.52         3717.50         5428.19  
    0.431       426.20          1240.82        2439.02         3703.16         5500.00  
    0.438       422.09          1241.11        2368.59         3714.48         5500.00  
    0.444       415.69          1247.12        2353.49         3738.57         5500.00  
    0.450       412.08          1242.26        2355.65         3746.92         5500.00  
    0.456       411.72          1227.39        2364.00         3720.94         5187.44  
    0.463       410.10          1222.29        2379.90         3716.14         4991.64  
    0.469       408.03          1221.47        2386.87         3703.63         5344.27  
    0.475       406.93          1224.30        2378.31         3665.77         5500.00  
    0.481       411.54          1252.27        2389.08         3737.41         5500.00  
    0.488       417.58          1242.64        2401.57         3781.82         5311.08  
    0.494       424.75          1195.07        2407.94         3759.12         5192.38  
    0.500       430.81          1140.72        2385.72         3677.73         4990.37  
    0.506       427.39          1069.74        2378.89         3662.28         4870.54  
    0.513       403.61          970.02        2388.72         3730.40         4792.94  
    0.519       356.43          993.20        2400.02         3740.76         4848.86  
    