0.025       402.05          843.15        2756.83         3296.69         4932.03  
    0.031       459.67          744.37        2749.57         3293.08         4948.28  
    0.038       436.75          785.20        2736.01         3290.99         5077.16  
    0.044       416.56          845.16        2722.47         3268.90         4997.15  
    0.050       416.24          885.41        2699.25         3260.64         4711.16  
    0.056       419.02          931.07        2680.82         3314.25         4709.04  
    0.062       421.63          976.55        2653.73         3353.86         4848.70  
    0.069       421.55          1005.48        2675.95         3346.37         5156.26  
    0.075       419.53          1023.76        2689.90         3366.65         5444.20  
    0.081       420.45          1064.19        2770.06         3458.92         5500.00  
    0.088       406.60          1121.06        2925.15         3605.54         5500.00  
    0.094       387.06          1127.53        2860.15         3767.77         5500.00  
    0.100       360.50          1066.51        2900.21         3813.23         5500.00  
    0.106       72.55          215.01        596.65         1456.25         3534.95  
    0.113       0          0        785.80         2449.83         3632.50  
    0.119       199.86          808.11        2527.67         3753.71         5149.73  
    0.125       338.10          1080.89        2906.89         3614.92         5241.13  
    0.131       378.25          1108.84        2854.20         3519.90         5211.68  
    0.138       409.50          1173.30        2886.98         3781.65         5442.98  
    0.144       448.25          1186.87        3075.45         4010.00         5500.00  
    0.150       476.71          1146.33        2917.23         3975.51         5500.00  
    0.156       457.03          1043.97        2853.19         4021.65         5500.00  
    0.163       92.17          475.89        1262.95         3245.85         4448.01  
    0.169       0          733.87        2014.33         3147.49         4188.87  
    0.175       0          808.57        2430.01         3364.57         4009.60  
    0.181       0          163.93        1151.07         2952.86         3951.96  
    0.188       0          637.63        1993.68         2741.55         3901.21  
    0.194       0          785.90        2128.86         3161.56         3927.32  
    0.200       0          787.84        1967.13         3072.85         3777.26  
    0.206       0          778.58        2182.60         2880.58         4195.61  
    0.213       813.31          1749.36        2678.13         3948.32         4507.87  
    0.219       1084.58          2067.47        2754.82         4173.37         4576.33  
    0.225       225.10          1316.62        2645.86         4109.33         4522.79  
    0.231       0          801.82        2188.10         3343.96         4188.59  
    0.238       358.15          978.43        2638.84         3346.25         5185.68  
    0.244       446.60          1064.65        2698.46         3373.43         5492.47  
    0.250       449.40          1055.13        2674.22         3382.56         5500.00  
    0.256       453.73          1028.51        2656.02         3390.02         5500.00  
    0.263       462.87          1004.71        2630.04         3388.60         5344.79  
    0.269       474.52          993.90        2625.47         3395.22         5152.55  
    0.275       477.03          992.86        2626.69         3404.06         5420.92  
    0.281       476.96          976.79        2626.86         3409.23         5500.00  
    0.288       485.70          936.99        2640.56         3389.68         5500.00  
    0.294       499.82          889.55        2642.13         3358.72         5500.00  
    0.300       544.09          789.91        2666.67         3356.40         5500.00  
    0.306       558.38          743.43        2677.61         3353.37         5500.00  
    0.312       445.78          739.31        2679.61         3347.29         5500.00  
    0.319       436.66          796.07        2679.55         3345.00         5500.00  
    0.325       441.94          826.21        2685.37         3335.88         5500.00  
    0.331       434.93          839.52        2646.29         3315.92         5500.00  
    0.338       428.11          862.68        2614.17         3299.02         5261.63  
    0.344       425.23          866.85        2625.03         3282.63         5438.71  
    0.350       425.41          868.81        2606.35         3254.18         5500.00  
    0.356       434.07          854.42        2595.68         3264.90         5500.00  
    0.363       448.81          818.26        2599.09         3307.31         5500.00  
    0.369       438.06          837.09        2583.97         3323.39         5500.00  
    0.375       439.07          841.95        2590.22         3351.20         5500.00  
    0.381       446.69          838.80        2600.22         3346.49         5500.00  
    0.388       467.73          805.10        2596.24         3319.41         5500.00  
    0.394       457.29          832.58        2610.51         3286.69         5500.00  
    0.400       435.25          895.49        2623.78         3282.29         5500.00  
    0.406       421.50          935.51        2604.29         3283.21         5500.00  
    0.413       413.39          952.31        2568.17         3273.54         5500.00  
    0.419       409.96          960.97        2515.31         3247.54         5457.50  
    0.425       411.79          976.74        2499.32         3274.73         5354.04  
    0.431       413.20          992.33        2503.14         3370.52         5246.81  
    0.438       413.05          1034.06        2463.42         3414.45         5199.75  
    0.444       411.33          1080.14        2475.21         3424.64         5230.72  
    0.450       409.64          1097.11        2484.01         3440.48         5217.70  
    0.456       403.03          1113.28        2479.75         3429.65         5273.76  
    0.463       381.31          1148.88        2482.06         3425.51         5456.98  
    0.469       341.70          1175.50        2489.53         3291.77         5200.70  
    0.475       322.99          1179.35        2503.91         3295.00         5233.66  
    0.481       317.14          1162.72        2507.25         3223.95         5451.31  
    0.488       319.52          1167.51        2532.05         3181.14         5500.00  
    0.494       328.59          1194.73        2557.93         3466.85         5500.00  
    0.500       341.59          1201.54        2548.14         3423.72         5500.00  
    0.506       353.05          1214.25        2563.04         3278.93         5500.00  
    0.513       364.85          1224.65        2564.72         3357.85         5500.00  
    0.519       75.13          546.63        1509.38         2734.78         3926.45  
    0.525       0          373.61        1258.93         2581.04         3545.70  
    0.531       0          374.66        1268.62         2600.70         3568.77  
    0.537       0          374.24        1276.08         2604.09         3589.18  
    0.544       0          364.10        1245.60         2583.72         3604.16  
    0.550       0          363.41        1226.22         2570.80         3673.62  
    0.556       0          366.79        1253.23         2569.89         3699.42  
    0.562       291.91          1023.48        2284.49         3469.44         5132.17  
    0.569       368.13          1142.59        2542.90         3704.95         5500.00  
    0.575       373.79          1111.21        2571.68         3621.55         5114.41  
    0.581       384.05          1124.47        2640.10         3615.46         5054.32  
    0.588       406.10          1191.00        2670.66         3654.51         5410.90  
    0.594       429.51          1179.49        2715.20         3745.71         5500.00  
    0.600       380.10          1093.02        2734.70         3816.06         5500.00  
    0.606       358.79          999.48        2783.90         3617.00         5215.90  
    0.613       346.04          992.42        2783.82         3680.42         5426.95  
    