0.025       0          382.92        1889.91         2940.08         4219.19  
    0.031       0          462.41        2179.39         2947.21         4684.97  
    0.038       0          519.97        2380.71         3125.64         4957.26  
    0.044       0          197.68        1257.49         2723.81         4039.78  
    0.050       0          0        581.85         2422.88         3609.25  
    0.056       0          370.07        1743.18         3232.01         3753.74  
    0.062       0          222.96        1285.24         2926.90         3686.34  
    0.069       0          0        588.29         2461.05         3659.37  
    0.075       0          0        595.13         2479.88         3625.66  
    0.081       292.09          398.64        1810.57         3085.48         4134.94  
    0.088       571.80          641.10        2528.17         3406.09         4415.65  
    0.094       474.64          639.44        2499.88         3368.15         4420.66  
    0.100       142.28          239.72        1330.69         2804.54         3784.20  
    0.106       0          0        642.07         2493.45         3418.94  
    0.113       0          0        605.61         2535.80         3437.56  
    0.119       283.11          681.89        1863.31         3262.39         4135.26  
    0.125       433.66          1112.11        2663.28         3795.08         4534.51  
    0.131       423.03          1133.23        2677.82         3923.95         4688.30  
    0.138       431.86          1127.91        2670.91         4091.43         4874.75  
    0.144       434.36          1106.01        2750.56         4180.68         5284.45  
    0.150       438.77          1017.54        2716.74         3957.05         5213.31  
    0.156       452.59          970.77        2724.55         3899.95         4955.74  
    0.163       452.58          967.31        2783.98         4212.14         4614.70  
    0.169       437.94          1186.52        2748.84         4220.64         5101.49  
    0.175       162.18          760.90        1972.88         3406.46         4661.24  
    0.181       0          427.58        1633.54         3089.71         4409.34  
    0.188       0          436.10        1675.85         3106.30         4303.44  
    0.194       0          448.40        2002.62         2987.38         4595.88  
    0.200       287.71          1600.79        2676.91         4076.32         5261.61  
    0.206       469.57          2224.64        2953.14         4450.11         5500.00  
    0.213       472.33          2148.66        2918.82         4174.11         5405.45  
    0.219       488.82          1184.22        2766.54         3715.67         5356.81  
    0.225       492.45          779.97        2693.56         3490.08         5448.05  
    0.231       484.92          926.54        2725.09         3511.57         5224.07  
    0.238       483.00          971.82        2814.07         3541.69         5126.07  
    0.244       501.34          949.61        2926.86         3555.02         5092.34  
    0.250       520.72          880.40        2881.50         3449.22         4714.72  
    0.256       489.33          882.46        2722.03         3364.75         4382.85  
    0.263       465.87          898.61        2647.57         3351.40         4355.71  
    0.269       459.76          898.75        2644.80         3359.91         4417.54  
    0.275       458.46          904.87        2656.65         3379.07         4496.07  
    0.281       469.37          914.80        2674.73         3416.95         4613.01  
    0.288       478.98          938.20        2692.42         3498.33         4692.26  
    0.294       484.71          990.71        2733.34         3588.01         4756.57  
    0.300       487.97          1074.15        2779.06         3751.68         4868.03  
    0.306       487.80          1183.76        2797.62         3889.84         4859.53  
    0.312       488.51          1236.78        2754.29         3941.10         5245.84  
    0.319       489.86          1212.16        2695.32         3892.61         5088.33  
    0.325       491.44          1143.05        2672.20         3663.14         4626.47  
    0.331       492.73          1069.22        2681.17         3530.59         4475.45  
    0.338       485.30          1026.40        2707.16         3590.87         4655.65  
    0.344       462.86          1011.73        2732.17         3660.89         4783.43  
    0.350       439.75          1010.02        2728.61         3598.80         4821.61  
    0.356       426.52          1001.75        2705.54         3556.19         4760.66  
    0.363       406.62          973.76        2694.58         3598.31         4794.36  
    0.369       382.68          958.00        2705.80         3657.76         4761.00  
    0.375       375.59          956.04        2732.13         3715.63         4575.03  
    0.381       379.84          951.66        2747.35         3744.45         4722.76  
    0.388       378.82          954.18        2728.61         3806.73         5053.28  
    