0.025       276.12          997.13        2386.50         3677.78         5235.70  
    0.031       281.39          1017.21        2392.37         3669.34         5144.08  
    0.038       271.11          1165.28        2429.32         3639.17         4959.52  
    0.044       249.67          1351.98        2562.39         3673.26         4900.07  
    0.050       244.61          1372.33        2662.16         3721.68         5019.90  
    0.056       248.19          1420.28        2663.06         3730.75         5315.05  
    0.062       115.23          829.31        2352.69         3270.87         4912.65  
    0.069       0          375.53        2162.43         2989.12         4405.98  
    0.075       0          219.60        1325.48         2789.85         4126.43  
    0.081       222.88          327.74        1623.91         3264.29         4317.01  
    0.088       450.85          606.71        2540.74         3898.44         4528.64  
    0.094       486.29          600.90        2559.27         3889.21         4497.99  
    0.100       472.01          589.13        2644.91         3888.81         5078.24  
    0.106       510.04          614.25        2717.87         3895.75         4815.36  
    0.113       516.59          734.12        2668.44         3806.28         4166.33  
    0.119       477.07          839.86        2607.61         3734.99         4137.53  
    0.125       481.10          866.15        2627.42         3745.88         4195.92  
    0.131       496.16          872.97        2612.85         3762.31         4286.95  
    0.138       506.26          897.46        2589.76         3801.11         4369.65  
    0.144       504.55          942.78        2639.33         3885.98         4362.60  
    0.150       510.40          890.18        2668.95         3888.16         4383.20  
    0.156       239.79          381.06        1496.36         3133.01         4128.65  
    0.163       0          252.66        1561.20         3252.25         4059.79  
    0.169       266.81          651.90        2732.44         3883.60         4222.71  
    0.175       483.53          1020.87        2992.26         3955.58         4173.41  
    0.181       218.47          888.72        2363.45         3539.55         4080.63  
    0.188       0          645.93        1849.73         3117.33         3865.16  
    0.194       15.20          667.04        2118.18         3401.67         4432.32  
    0.200       327.76          918.75        2561.24         3803.54         5140.80  
    0.206       542.52          1206.11        2846.79         3828.58         5048.89  
    0.213       498.62          1229.59        2890.62         3718.31         4836.89  
    0.219       511.59          1115.32        2794.40         3711.66         4808.76  
    0.225       551.98          1004.16        2696.83         3815.81         4861.63  
    0.231       567.24          1115.89        2760.70         3853.25         4767.90  
    0.238       553.00          1308.78        3010.86         3703.42         4568.85  
    0.244       536.27          1447.37        2885.42         3506.93         4628.32  
    0.250       519.19          1574.64        2902.14         3508.06         4719.47  
    0.256       235.86          1058.94        2252.44         3215.49         4341.47  
    0.263       350.15          1381.02        2029.48         3427.94         4450.69  
    0.269       723.94          2238.86        2450.61         3926.39         4805.03  
    0.275       363.42          1512.71        2388.07         3991.01         4489.82  
    0.281       0          652.44        2330.97         4014.04         4194.75  
    0.288       274.99          690.22        2401.06         4001.46         4297.56  
    0.294       526.84          714.89        2472.20         3938.55         4465.95  
    0.300       249.61          293.34        1471.05         3113.00         4186.68  
    0.306       289.83          421.49        1605.05         3197.81         4111.36  
    0.312       503.99          843.39        2449.04         3860.54         4255.12  
    0.319       495.19          840.90        2462.52         3909.04         4230.96  
    0.325       530.42          730.31        2479.65         3967.56         4324.28  
    0.331       538.86          664.71        2460.80         3887.86         4335.63  
    0.338       487.13          739.38        2436.85         3739.02         4203.26  
    0.344       445.43          812.37        2440.06         3690.18         4104.42  
    0.350       443.23          821.74        2442.43         3685.02         4094.43  
    0.356       445.87          835.54        2439.98         3677.86         4109.98  
    0.363       461.35          837.85        2463.54         3706.79         4132.98  
    0.369       497.22          804.49        2495.55         3827.17         4161.10  
    0.375       527.21          737.61        2472.54         3868.99         4179.14  
    0.381       246.95          324.56        1414.32         3057.64         3990.70  
    0.388       0          281.94        1507.21         3206.94         3875.15  
    0.394       0          526.25        2277.76         3662.27         3922.08  
    0.400       0          531.42        2128.40         3381.58         3920.27  
    0.406       0          530.95        2049.93         3200.87         3927.89  
    0.413       232.37          873.92        2365.27         3543.49         3957.74  
    0.419       397.21          1156.73        2568.84         3913.06         4055.41  
    0.425       366.71          1150.06        2471.84         3870.88         4157.51  
    0.431       357.66          1174.96        2411.03         3841.98         4097.86  
    0.438       343.41          1208.00        2383.03         3831.83         4017.04  
    0.444       341.05          1222.60        2429.29         3803.06         3975.65  
    0.450       340.12          1235.88        2438.15         3783.78         3980.44  
    0.456       338.34          1239.81        2415.75         3788.48         4025.87  
    0.463       346.54          1230.32        2464.56         3804.58         4084.27  
    0.469       347.27          1245.66        2521.80         3789.34         4231.37  
    0.475       337.59          1262.48        2541.04         3761.46         4407.32  
    0.481       330.65          1259.92        2542.54         3765.54         4576.61  
    0.488       332.38          1232.19        2560.59         3785.17         4630.01  
    0.494       337.45          1262.52        2732.56         3791.59         4759.79  
    