0.025       417.09          849.36        2733.35         3386.86         4783.46  
    0.031       428.83          851.49        2748.88         3416.82         5211.64  
    0.038       435.18          858.70        2759.01         3414.59         5085.38  
    0.044       438.40          866.61        2764.55         3373.45         4571.31  
    0.050       444.67          879.15        2759.84         3333.33         4180.15  
    0.056       453.68          890.85        2764.66         3357.59         4023.95  
    0.062       468.61          900.01        2807.52         3406.83         5207.98  
    0.069       481.28          913.75        2851.14         3375.22         5500.00  
    0.075       486.96          948.70        2884.72         3440.20         5500.00  
    0.081       480.10          987.72        2818.41         3500.55         5500.00  
    0.088       469.61          1004.48        2814.07         3530.99         5500.00  
    0.094       438.97          988.22        2844.44         3552.12         5403.31  
    0.100       329.71          943.73        2854.22         3611.66         5292.97  
    0.106       280.82          916.87        2895.35         3651.73         5455.52  
    0.113       280.68          887.14        2907.03         3624.09         5142.94  
    0.119       293.77          873.44        2928.44         3641.41         4995.54  
    0.125       352.98          850.93        2940.51         3497.36         5037.16  
    0.131       385.97          837.94        2799.22         3475.69         5142.07  
    0.138       398.40          806.56        2716.73         3509.45         5107.94  
    0.144       455.86          722.71        2737.93         3581.14         5285.50  
    0.150       419.05          829.09        2708.62         3531.74         5080.50  
    0.156       380.64          892.13        2717.44         3557.79         4950.52  
    0.163       72.99          175.52        1181.40         2893.36         3881.81  
    0.169       0          0        776.80         2643.68         3476.94  
    0.175       0          0        761.17         2609.64         3551.87  
    0.181       0          0        891.01         2898.86         3530.21  
    0.188       634.62          936.70        2843.32         3478.28         4520.42  
    0.194       434.51          1142.04        3120.41         3717.11         4756.04  
    0.200       442.33          1109.09        3116.36         3597.04         4741.28  
    0.206       465.83          1121.53        2865.63         3489.69         5032.07  
    0.213       473.28          1103.28        2819.05         3470.25         5395.76  
    0.219       475.59          1080.43        2820.15         3474.49         5245.07  
    0.225       472.89          1059.76        2799.06         3464.61         5132.49  
    0.231       475.47          1030.40        2806.24         3450.31         5117.98  
    0.238       477.10          986.73        2839.24         3434.13         5103.15  
    0.244       475.43          953.02        2786.89         3442.83         5085.25  
    0.250       470.83          938.10        2740.38         3485.24         5034.53  
    0.256       469.46          931.54        2763.28         3503.37         5037.04  
    0.263       465.76          926.47        2800.86         3489.65         5004.01  
    0.269       461.15          919.50        2774.51         3467.86         4998.11  
    0.275       459.47          914.87        2724.24         3456.34         4969.89  
    0.281       459.69          915.27        2723.54         3447.99         4932.34  
    0.288       458.94          916.02        2713.51         3437.49         4893.78  
    0.294       457.88          915.70        2676.87         3438.48         4866.19  
    0.300       454.38          914.56        2677.45         3435.00         4871.90  
    0.306       452.82          915.60        2700.95         3420.79         4864.74  
    0.312       455.46          925.30        2713.48         3414.71         4854.27  
    0.319       457.47          955.57        2698.37         3409.10         4899.17  
    0.325       458.27          985.02        2674.58         3391.66         4935.60  
    0.331       461.15          1014.74        2638.81         3393.66         4972.36  
    0.338       464.67          1038.22        2621.65         3403.23         5021.98  
    0.344       464.54          1059.47        2618.47         3404.61         5020.93  
    0.350       467.09          1078.95        2597.75         3402.14         5034.33  
    0.356       468.15          1121.62        2583.37         3390.77         5102.31  
    0.363       458.32          1144.79        2543.83         3332.24         5159.61  
    0.369       429.64          1134.17        2502.26         3330.60         5170.80  
    0.375       390.28          1120.22        2413.29         3385.76         5435.85  
    0.381       349.90          1124.29        2370.90         3430.50         5500.00  
    0.388       275.44          1123.87        2421.90         3470.60         5500.00  
    0.394       225.14          1118.36        2453.81         3503.25         5500.00  
    0.400       275.95          1120.55        2476.17         3514.13         5500.00  
    0.406       306.81          1121.33        2492.21         3539.58         5500.00  
    0.413       316.94          1116.51        2499.71         3552.71         5500.00  
    0.419       333.45          1117.09        2514.74         3520.76         5500.00  
    0.425       342.90          1120.15        2529.76         3516.74         5500.00  
    0.431       342.86          1121.11        2543.53         3531.57         5500.00  
    0.438       345.88          1119.79        2553.08         3547.55         5500.00  
    0.444       338.29          1115.63        2561.68         3555.45         5500.00  
    0.450       321.43          1110.75        2561.63         3565.74         5500.00  
    0.456       325.27          1108.56        2565.44         3573.72         5500.00  
    0.463       331.93          1119.30        2578.20         3586.80         5500.00  
    0.469       332.22          1123.37        2585.46         3597.77         5500.00  
    0.475       328.71          1104.47        2588.44         3576.97         5500.00  
    