0.025       184.63          709.51        1994.19         2995.27         5500.00  
    0.031       183.68          681.12        1997.71         3034.58         5500.00  
    0.038       184.87          695.50        1844.05         3073.74         5500.00  
    0.044       186.80          707.54        1937.22         3130.67         5500.00  
    0.050       189.41          687.24        2430.62         3350.47         5500.00  
    0.056       229.35          703.91        2550.83         3800.35         5500.00  
    0.062       313.19          821.74        2444.91         4323.36         5500.00  
    0.069       365.62          817.28        2300.64         4322.05         5312.97  
    0.075       393.99          791.34        2347.87         4210.33         5258.35  
    0.081       394.13          796.82        2345.13         4317.04         5043.68  
    0.088       389.37          809.47        2349.43         4367.39         4865.44  
    0.094       399.94          821.07        2478.11         4388.04         5371.67  
    0.100       410.36          841.15        2658.41         4416.05         5500.00  
    0.106       417.67          870.98        2705.91         4464.43         4990.02  
    0.113       420.68          921.52        2764.43         4382.82         4787.63  
    0.119       420.51          975.78        2695.38         4450.48         4893.43  
    0.125       420.73          1005.79        2712.68         4483.85         4962.23  
    0.131       425.63          1024.02        2933.16         4518.56         4707.56  
    0.138       82.36          552.11        1429.35         3689.89         4538.26  
    0.144       0          524.84        1227.37         3586.76         4509.20  
    0.150       0          487.21        1321.38         3702.67         4491.78  
    0.156       0          425.61        1267.33         3732.74         4457.34  
    0.163       0          301.65        1261.89         3709.18         4435.34  
    0.169       0          340.89        1359.91         3661.44         4447.07  
    0.175       0          278.73        1327.95         3417.46         4456.11  
    0.181       0          281.04        1379.99         3149.59         4430.89  
    0.188       0          310.16        1306.20         3027.69         4360.09  
    0.194       0          306.74        1222.29         3130.43         4335.14  
    0.200       254.56          1104.43        2791.18         4136.33         5274.78  
    0.206       359.22          1393.00        3020.41         4352.57         5500.00  
    0.213       355.58          1423.26        2941.63         4180.94         5500.00  
    0.219       311.38          1554.21        2974.57         4065.57         5500.00  
    0.225       58.20          1289.23        2674.56         3565.18         4296.22  
    0.231       0          1290.63        2609.15         3697.49         4111.43  
    0.238       0          1332.62        2525.56         3866.76         4303.89  
    0.244       253.87          1704.16        3076.63         3897.44         4455.63  
    0.250       366.09          1717.58        3475.02         3803.36         4518.24  
    0.256       394.57          1316.10        3365.61         4370.94         5312.21  
    0.263       396.72          1187.15        3276.37         4516.87         5298.82  
    0.269       390.02          1139.99        3433.51         4529.73         5451.90  
    0.275       394.46          1109.84        3491.79         4546.48         5500.00  
    0.281       397.40          1087.59        3463.20         4545.28         5500.00  
    0.288       402.90          1074.73        3455.17         4520.60         5500.00  
    0.294       389.53          1063.75        3425.16         4507.46         5500.00  
    0.300       367.74          1055.72        3299.11         4498.11         5214.10  
    0.306       394.71          1054.98        3180.42         4475.82         5177.97  
    0.312       427.10          1060.90        3060.24         4455.42         5182.22  
    0.319       436.97          1063.15        2961.65         4457.70         5133.98  
    0.325       435.64          1064.17        2916.82         4475.33         5119.51  
    0.331       439.24          1065.03        2852.59         4487.22         5028.70  
    0.338       447.06          1059.70        2860.25         4524.64         5002.08  
    0.344       469.32          1040.41        2866.48         4518.02         4898.01  
    0.350       519.69          1026.77        3053.33         4641.49         4771.01  
    0.356       497.23          1129.12        3359.37         4620.59         5115.38  
    0.363       477.10          1189.26        3361.80         4553.02         5181.31  
    0.369       468.17          1210.02        3069.70         4462.80         5056.60  
    0.375       462.05          1209.58        2789.42         4398.17         4986.79  
    0.381       450.38          1209.57        2677.60         4377.26         4917.49  
    0.388       406.47          1236.81        2651.71         4373.20         4971.00  
    0.394       367.23          1267.08        2644.73         4335.51         5075.22  
    0.400       355.84          1271.24        2656.39         4341.79         5132.43  
    0.406       351.30          1271.19        2677.44         4352.90         5019.22  
    0.413       341.13          1272.39        2690.54         4392.27         5032.06  
    0.419       339.87          1268.16        2685.67         4405.41         5156.37  
    0.425       342.35          1258.73        2680.08         4357.30         5180.44  
    0.431       339.02          1250.80        2666.35         4312.70         5081.20  
    0.438       343.43          1244.69        2671.09         4326.60         4928.86  
    0.444       352.09          1239.62        2680.27         4368.58         4789.68  
    0.450       357.38          1231.01        2731.28         4398.96         4774.07  
    0.456       361.03          1225.17        2703.77         4362.67         4959.11  
    0.463       353.71          1233.32        2643.88         4331.15         5010.71  
    0.469       343.94          1256.30        2565.14         4345.17         5140.69  
    0.475       339.41          1289.82        2465.14         4338.82         4988.46  
    0.481       334.96          1305.77        2413.37         4336.03         4859.43  
    0.488       332.54          1315.39        2448.87         4330.09         4852.11  
    0.494       332.76          1323.08        2464.44         4332.16         4812.22  
    0.500       340.05          1323.16        2449.63         4337.05         4821.30  
    0.506       348.72          1308.35        2714.34         4343.85         4948.47  
    