0.025       239.58          786.43        2588.27         3793.58         5500.00  
    0.031       243.58          757.62        2494.05         3775.16         5292.66  
    0.038       244.82          750.15        2389.82         3810.49         5392.69  
    0.044       251.93          759.60        2420.11         3803.33         5416.23  
    0.050       87.25          260.05        1117.11         2749.68         4262.44  
    0.056       359.26          538.50        1615.97         3286.31         4569.67  
    0.062       484.37          840.19        2217.89         3822.49         5044.57  
    0.069       435.15          842.07        2283.09         3780.44         5095.22  
    0.075       431.16          841.86        2357.09         3812.39         5150.18  
    0.081       440.82          856.11        2426.68         3874.06         5024.85  
    0.088       452.87          871.56        2426.46         3901.59         4934.36  
    0.094       473.13          893.45        2300.12         3930.23         4868.30  
    0.100       499.25          913.88        2191.77         3987.57         5150.22  
    0.106       520.40          913.25        2186.85         3975.29         5435.72  
    0.113       524.12          901.12        2261.22         3913.05         5500.00  
    0.119       511.63          902.87        2325.31         3871.12         5500.00  
    0.125       498.61          945.16        2335.07         3856.04         5146.72  
    0.131       489.92          1006.38        2318.08         3859.94         4652.58  
    0.138       481.45          1039.83        2307.30         3858.01         4355.20  
    0.144       468.11          1031.65        2263.21         3860.29         4159.06  
    0.150       454.47          1045.02        2212.33         3866.96         4096.98  
    0.156       437.40          1197.68        2043.48         3875.02         4147.94  
    0.163       146.92          659.39        1604.73         3892.52         4165.63  
    0.169       0          319.41        1283.29         3899.54         4035.36  
    0.175       0          282.33        1194.42         3333.23         4029.37  
    0.181       172.10          832.04        2300.27         3620.98         5008.92  
    0.188       273.02          1110.47        2658.10         3910.48         5194.54  
    0.194       253.06          1123.42        2613.50         3885.02         5062.34  
    0.200       234.52          1089.61        2673.73         3846.72         5269.68  
    0.206       303.90          1097.55        2670.71         3878.26         5455.68  
    0.213       322.24          1141.50        2716.09         3941.28         5500.00  
    0.219       106.56          585.61        1735.15         3200.63         4514.78  
    0.225       0          310.59        1679.58         3166.23         4420.73  
    0.231       0          926.52        2110.06         3406.38         4619.68  
    0.238       0          1273.78        2293.11         3514.67         4588.17  
    0.244       0          440.40        1634.85         2852.82         4133.16  
    0.250       246.27          835.93        2083.26         3417.68         4659.61  
    0.256       407.22          1269.15        2686.53         3858.59         5346.79  
    0.263       440.61          1264.90        2811.01         3812.54         5500.00  
    0.269       455.65          1244.41        2963.84         3767.15         5500.00  
    0.275       460.38          1218.85        3139.35         3724.33         5208.70  
    0.281       461.50          1189.87        3040.86         3731.94         4615.90  
    0.288       461.29          1158.13        2946.51         3752.78         4390.11  
    0.294       460.69          1140.82        3209.38         3746.25         4331.90  
    0.300       463.41          1143.34        3413.73         3725.29         5091.08  
    0.306       464.88          1140.48        2934.27         3707.89         4868.88  
    0.312       463.36          1132.79        2580.98         3707.51         4806.09  
    0.319       465.58          1124.63        2740.26         3716.28         5309.92  
    0.325       159.31          693.77        1698.95         3436.30         4341.36  
    0.331       0          472.01        1080.84         3172.44         3776.17  
    0.338       315.04          826.56        2211.85         3577.06         4918.18  
    0.344       483.06          998.95        2654.91         3808.40         5500.00  
    0.350       487.84          995.08        2530.69         3816.38         5232.90  
    0.356       492.28          1014.23        2501.77         3823.95         4872.00  
    0.363       497.95          1039.17        2508.00         3829.09         4656.42  
    0.369       498.89          1058.64        2495.45         3823.88         4552.55  
    0.375       494.75          1074.93        2470.02         3817.20         4414.95  
    0.381       487.87          1081.61        2450.88         3789.84         4264.22  
    0.388       470.55          1076.48        2443.22         3752.14         4185.04  
    0.394       442.41          1077.17        2446.72         3697.21         4144.85  
    0.400       429.51          1092.38        2461.03         3713.54         4126.21  
    0.406       427.94          1106.85        2466.74         3844.70         4145.16  
    0.413       427.93          1116.88        2483.99         3986.12         4227.36  
    0.419       428.90          1127.31        2507.39         4062.80         4262.10  
    0.425       430.96          1135.91        2527.06         4107.19         4534.57  
    0.431       432.69          1139.36        2540.94         4091.73         4579.12  
    0.438       433.10          1141.90        2553.93         4086.69         4249.90  
    0.444       429.33          1146.13        2565.44         4109.35         4128.49  
    0.450       420.80          1150.41        2578.27         3926.73         4151.29  
    