0.025       320.04          1180.67        2079.33         4025.34         5002.78  
    0.031       317.38          1167.26        2067.96         3926.21         4998.69  
    0.038       307.42          1164.87        2227.18         3970.26         5251.37  
    0.044       309.06          1144.42        2295.50         4054.21         5500.00  
    0.050       313.68          1125.68        2108.35         3815.12         5105.93  
    0.056       305.60          1174.36        1983.71         3620.45         4793.55  
    0.062       293.21          1343.43        2341.07         3842.47         4995.38  
    0.069       140.36          869.47        2398.61         3475.75         4871.98  
    0.075       209.91          1219.55        2506.67         3748.88         5069.99  
    0.081       203.36          1315.97        2546.94         3742.34         4985.97  
    0.088       0          599.18        2113.60         2892.91         4516.04  
    0.094       298.26          669.37        2116.38         2976.40         4608.95  
    0.100       622.94          857.69        2180.82         3270.00         4718.00  
    0.106       656.86          1086.05        2179.05         3515.38         4808.83  
    0.113       665.86          1128.34        2196.08         3601.35         4786.95  
    0.119       681.26          1128.74        2209.37         3600.15         4741.89  
    0.125       692.57          1127.23        2219.58         3586.01         4779.62  
    0.131       707.71          1100.61        2229.59         3568.70         4803.29  
    0.138       707.59          1109.22        2240.28         3566.01         4822.47  
    0.144       684.78          1183.67        2249.83         3679.38         4843.37  
    0.150       661.18          1271.60        2262.66         3862.89         4826.51  
    0.156       647.59          1335.10        2284.18         3877.31         4800.02  
    0.163       638.29          1374.57        2312.20         3862.62         4876.04  
    0.169       311.22          997.52        1897.61         3137.45         4506.34  
    0.175       301.09          919.74        1983.05         3251.14         4493.56  
    0.181       585.39          1142.83        2491.62         4042.71         4613.48  
    0.188       562.69          1041.91        2533.68         3921.49         4651.98  
    0.194       545.46          1031.88        2495.86         3825.32         4935.17  
    0.200       561.55          1077.45        2465.54         3697.39         4941.73  
    0.206       571.27          1087.90        2527.69         3594.91         4922.74  
    0.213       541.44          1078.47        2555.18         3641.18         4911.19  
    0.219       538.21          1089.40        2504.08         3759.24         5226.27  
    0.225       567.09          1091.12        2527.40         3883.94         5500.00  
    0.231       580.35          1127.88        2622.33         3870.18         5408.32  
    0.238       579.63          1514.59        2796.47         4244.39         5067.30  
    0.244       607.60          1866.77        2946.59         4705.21         4810.98  
    0.250       620.78          1788.89        2917.84         4593.27         5155.24  
    0.256       578.61          1314.80        2753.90         4146.25         5423.10  
    0.263       539.68          944.21        2598.59         3661.22         4985.49  
    0.269       543.45          1011.90        2518.43         3570.00         4625.23  
    0.275       566.53          1165.36        2435.24         3790.27         4614.39  
    0.281       572.59          1321.70        2389.41         3865.67         5062.98  
    0.288       578.96          1276.54        2344.48         3818.75         5035.02  
    0.294       585.02          1108.72        2326.27         3788.27         4496.49  
    0.300       585.72          1044.39        2338.63         3725.33         4449.33  
    0.306       586.30          1032.73        2281.81         3658.54         4503.53  
    0.312       585.35          1015.20        2232.41         3662.94         4551.97  
    0.319       583.26          984.61        2280.78         3742.31         4606.36  
    0.325       576.52          941.77        2404.05         3739.65         4685.43  
    0.331       569.25          904.15        2517.86         3556.40         4827.11  
    0.338       565.25          897.36        2562.77         3388.45         4935.29  
    0.344       564.33          903.28        2553.89         3357.85         4964.30  
    0.350       564.08          905.36        2500.52         3348.06         4982.16  
    0.356       560.52          903.09        2453.17         3432.79         4917.42  
    0.363       558.96          902.82        2461.89         3537.77         4851.57  
    0.369       559.30          902.35        2485.07         3438.98         4908.96  
    0.375       556.57          893.93        2457.97         3409.31         4941.71  
    0.381       555.32          888.15        2436.07         3460.61         4936.13  
    0.388       555.70          888.53        2448.46         3472.57         4968.28  
    0.394       552.64          884.46        2442.47         3507.72         5014.45  
    0.400       549.42          877.01        2440.10         3524.72         4985.61  
    0.406       547.27          875.38        2446.59         3559.45         4908.24  
    0.413       545.05          875.15        2441.31         3562.09         4887.36  
    0.419       542.44          868.28        2434.09         3523.39         4932.44  
    0.425       536.39          860.66        2443.20         3515.79         4960.17  
    0.431       528.41          856.34        2462.39         3542.20         4948.30  
    0.438       523.24          853.55        2476.91         3548.52         4928.36  
    0.444       521.30          851.19        2483.73         3536.08         4920.53  
    0.450       524.27          851.49        2509.44         3553.85         4946.70  
    0.456       531.22          855.30        2560.82         3598.14         4975.71  
    0.463       535.10          856.25        2594.73         3618.57         5004.41  
    0.469       535.12          857.87        2578.56         3648.64         5033.97  
    0.475       534.02          860.79        2547.61         3700.02         5051.61  
    0.481       527.71          854.30        2576.18         3725.22         5043.80  
    0.488       509.54          836.68        2581.12         3743.47         5003.58  
    0.494       479.96          817.18        2536.48         3764.17         4981.25  
    0.500       454.22          804.90        2549.26         3795.96         4995.76  
    0.506       442.24          793.01        2641.54         3818.00         5032.93  
    0.513       440.95          779.47        2686.24         3849.11         5130.43  
    0.519       442.58          772.57        2725.53         3891.46         5351.49  
    0.525       440.16          765.02        2788.66         3893.53         5500.00  
    0.531       435.57          754.88        2710.84         3876.41         5239.74  
    0.537       440.23          751.95        2610.11         3868.47         4921.85  
    