0.025       0          209.74        2629.62         2678.71         3616.48  
    0.031       0          386.58        2476.08         2673.61         3705.64  
    0.038       0          481.52        2290.64         2679.05         3846.25  
    0.044       0          434.92        2192.30         2660.60         3915.57  
    0.050       153.98          795.77        2412.39         3344.87         4822.98  
    0.056       264.12          1052.65        2616.50         3780.16         5500.00  
    0.062       256.69          1054.08        2653.51         3770.99         5500.00  
    0.069       249.26          1065.45        2684.82         3813.39         5373.66  
    0.075       245.36          1058.13        2672.37         3844.40         5404.63  
    0.081       242.11          1057.45        2660.01         3903.78         5500.00  
    0.088       103.07          590.37        1755.31         3223.25         4621.32  
    0.094       128.73          707.90        1967.83         3442.97         4836.71  
    0.100       228.25          1047.23        2652.91         3984.64         5500.00  
    0.106       98.95          584.88        2617.28         3265.13         4648.99  
    0.113       0          248.02        2078.24         2779.57         4026.55  
    0.119       101.59          1098.08        2294.76         3614.57         4872.67  
    0.125       76.69          747.71        2039.11         3345.90         4774.19  
    0.131       217.64          871.86        2162.57         3429.68         4644.20  
    0.138       401.84          1237.84        2707.21         3864.86         4980.94  
    0.144       444.21          990.71        2619.68         3637.99         4866.25  
    0.150       453.89          1004.68        2501.51         3474.29         4672.38  
    0.156       456.90          1036.54        2473.41         3417.23         4566.45  
    0.163       467.28          1051.65        2546.64         3424.32         4528.99  
    0.169       492.30          1061.80        2561.28         3459.80         4560.04  
    0.175       524.90          1054.57        2500.04         3486.10         4535.25  
    0.181       537.09          1058.29        2491.12         3498.05         4503.57  
    0.188       544.88          1064.34        2512.52         3505.50         4512.36  
    0.194       563.53          1061.94        2457.41         3516.04         4498.52  
    0.200       575.76          1071.09        2390.84         3530.17         4695.30  
    0.206       575.15          1096.42        2459.68         3544.73         4980.30  
    0.213       566.55          1119.01        2551.01         3556.30         4951.20  
    0.219       551.96          1121.71        2489.36         3571.83         4680.37  
    0.225       542.19          1120.35        2405.45         3589.26         4485.81  
    0.231       532.68          1123.61        2388.67         3616.33         4468.18  
    0.238       501.30          1150.59        2432.69         3671.80         4448.83  
    0.244       472.32          1178.04        2498.54         3715.72         4374.75  
    0.250       437.26          1190.46        2549.13         3737.50         4612.44  
    0.256       427.46          1218.57        2635.14         3765.12         5205.92  
    0.263       187.52          832.07        2144.52         3634.34         4543.36  
    0.269       0          553.68        1879.72         3314.84         3756.38  
    0.275       299.49          815.00        2207.52         3460.25         4561.50  
    0.281       524.73          1006.22        2389.04         3659.85         5039.00  
    0.288       493.84          1030.90        2406.12         3647.83         4920.19  
    0.294       461.58          1103.32        2552.23         3709.14         5043.50  
    0.300       401.81          1162.35        2813.76         3766.00         5171.06  
    0.306       402.54          1272.01        2958.86         3594.04         4988.43  
    0.312       475.15          1453.91        2966.83         3739.47         5211.15  
    0.319       506.17          1552.01        3015.62         3864.06         5500.00  
    0.325       488.48          1537.48        3063.85         3826.06         5500.00  
    0.331       481.38          1388.17        3107.25         3922.57         5500.00  
    0.338       491.57          1295.28        3182.16         3974.07         5500.00  
    0.344       534.36          1303.04        3089.96         4047.66         5500.00  
    0.350       242.34          935.01        2502.88         3472.13         4775.21  
    0.356       568.43          1461.24        2607.56         3814.63         4952.87  
    0.363       1030.37          1969.51        2899.79         4333.00         4898.81  
    0.369       851.70          1630.40        2769.86         4162.78         4502.76  
    0.375       300.29          615.89        1942.00         3295.12         4225.43  
    0.381       261.73          751.91        2008.97         3321.61         4233.23  
    0.388       461.91          1315.65        2474.17         3689.09         4709.54  
    0.394       465.71          1285.75        2454.76         3592.15         4871.93  
    0.400       463.10          1224.68        2463.14         3570.54         4715.50  
    0.406       457.95          1180.00        2461.33         3549.99         4584.58  
    0.413       457.33          1160.69        2459.21         3539.59         4508.56  
    0.419       454.12          1145.02        2452.91         3538.92         4367.37  
    0.425       451.12          1129.72        2439.79         3542.78         4248.25  
    0.431       452.48          1118.88        2423.41         3546.42         4298.22  
    0.438       455.75          1114.35        2400.18         3541.08         4415.89  
    0.444       460.83          1106.65        2367.58         3511.40         4545.22  
    0.450       463.58          1095.13        2342.05         3502.69         4619.63  
    0.456       464.18          1079.28        2335.40         3522.14         4597.83  
    0.463       463.12          1068.60        2340.77         3533.33         4567.96  
    0.469       461.77          1069.24        2351.80         3534.75         4547.64  
    0.475       463.14          1074.34        2351.48         3535.71         4525.40  
    0.481       467.98          1079.95        2351.94         3534.67         4539.04  
    0.488       470.65          1084.08        2358.52         3535.84         4585.76  
    0.494       471.65          1093.86        2383.53         3534.36         4675.92  
    0.500       469.50          1106.45        2441.05         3523.31         4857.82  
    0.506       458.53          1131.11        2547.10         3486.82         5266.29  
    0.513       433.52          1159.55        2469.35         3467.47         5500.00  
    0.519       406.88          1187.38        2259.36         3543.17         5500.00  
    0.525       398.90          1201.29        2157.07         3438.01         5500.00  
    0.531       398.03          1193.13        2161.75         3191.09         5500.00  
    0.537       395.55          1200.23        2192.67         2901.45         5500.00  
    0.544       395.01          1232.78        2249.18         2593.78         5500.00  
    0.550       397.84          1291.49        2316.36         2450.44         5500.00  
    0.556       399.24          1386.51        2151.89         2404.85         5500.00  
    0.562       388.78          1397.13        2100.93         2375.23         5500.00  
    0.569       379.53          1347.29        2232.16         2614.88         5500.00  
    