0.025       536.35          1006.75        2802.46         3459.74         4487.62  
    0.031       535.86          1002.77        2819.66         3460.63         4504.40  
    0.038       528.81          999.17        2829.50         3466.96         4458.80  
    0.044       524.50          995.24        2837.98         3453.90         4408.78  
    0.050       524.55          986.14        2853.85         3476.50         4371.46  
    0.056       516.37          989.19        2854.82         3495.10         4370.77  
    0.062       521.01          988.50        2851.25         3493.59         4433.14  
    0.069       523.73          985.36        2851.66         3488.69         4450.96  
    0.075       521.34          977.25        2860.93         3476.21         4419.05  
    0.081       523.70          963.92        2888.66         3474.02         4434.92  
    0.088       533.85          946.58        2869.02         3472.23         4495.06  
    0.094       535.83          930.96        2848.09         3478.23         4470.33  
    0.100       531.16          931.29        2849.83         3488.78         4453.64  
    0.106       520.89          949.11        2822.44         3505.31         4458.41  
    0.113       519.75          951.71        2823.19         3526.84         4453.65  
    0.119       517.50          948.28        2838.77         3515.97         4427.39  
    0.125       518.86          941.47        2809.22         3489.88         4425.34  
    