0.025       632.81          1949.21        2008.56         3424.66         4798.03  
    0.031       633.74          1865.07        1963.44         3380.83         4801.32  
    0.038       233.00          1068.87        1923.79         3302.94         4648.05  
    0.044       399.32          1431.22        2496.81         3265.15         4538.52  
    0.050       628.87          1896.09        3090.60         3333.09         4527.21  
    0.056       626.41          1891.98        3166.03         3300.51         4565.29  
    0.062       624.85          1890.46        3103.56         3286.32         4586.82  
    0.069       622.43          1879.32        2809.36         3334.40         4619.19  
    0.075       618.78          1860.21        2588.11         3522.09         4565.82  
    0.081       616.49          1854.56        2587.89         3609.67         4514.61  
    0.088       617.33          1857.06        2541.02         3640.19         4520.14  
    0.094       621.08          1875.85        2447.85         3452.95         4566.57  
    0.100       623.43          1887.98        2467.85         3265.73         4605.42  
    0.106       624.65          1863.92        2614.62         3335.10         4589.78  
    0.113       627.09          1885.23        2873.38         3287.00         4532.44  
    0.119       629.37          1930.65        3002.11         3126.09         4536.50  
    0.125       631.03          1950.87        2757.51         3187.13         4561.98  
    0.131       630.97          1960.72        2715.09         3225.80         4548.35  
    0.138       231.65          1122.86        2259.71         3140.13         4504.73  
    0.144       402.95          1467.26        2641.16         3984.61         4770.83  
    0.150       637.46          1937.94        3105.24         3652.54         4668.70  
    0.156       638.09          1935.43        3128.33         3144.56         4562.31  
    0.163       638.86          1963.22        2907.54         3110.05         4622.37  
    0.169       641.09          1976.54        2924.69         3276.82         4605.23  
    0.175       643.93          1962.78        3045.65         3246.55         4539.45  
    0.181       644.78          1953.94        3085.16         3149.54         4507.38  
    0.188       236.82          1125.61        2367.53         3102.64         4424.86  
    0.194       0          645.76        1936.04         3052.53         4369.19  
    0.200       0          647.92        1919.93         3031.95         4332.49  
    0.206       0          649.24        1914.90         3030.27         4267.45  
    0.213       0          647.99        1934.26         3012.80         4234.47  
    0.219       0          644.13        1958.84         2969.83         4229.05  
    0.225       0          641.77        1961.33         2955.27         4220.78  
    0.231       0          641.40        1951.73         2960.46         4223.99  
    0.238       0          641.84        1928.79         2914.60         4226.31  
    0.244       0          643.19        1921.51         2932.72         4209.84  
    0.250       0          645.05        1930.07         2945.71         4201.88  
    0.256       0          649.16        1946.90         2941.39         4206.87  
    0.263       0          652.77        1957.46         2955.43         4226.16  
    0.269       0          651.42        1944.79         2974.75         4252.30  
    0.275       0          647.63        1928.42         2999.37         4362.49  
    0.281       0          649.64        1915.82         2969.82         4365.83  
    0.288       0          653.82        1902.06         2959.38         4252.46  
    0.294       410.13          1467.52        2419.95         3630.25         5024.36  
    0.300       644.76          1852.79        2395.83         3936.93         5280.15  
    0.306       641.61          1745.15        2206.33         3873.87         5265.39  
    0.312       640.94          1740.26        2186.82         3841.25         5086.32  
    0.319       643.11          1726.42        2163.21         3797.92         4918.14  
    0.325       648.27          1605.55        2162.92         3785.32         4910.83  
    