0.025       627.58          1219.11        2197.42         3435.14         4681.16  
    0.031       644.89          1124.09        2250.70         3649.74         4718.49  
    0.038       696.66          1045.10        2422.05         3710.25         4736.48  
    0.044       775.01          970.75        2592.32         3747.76         4777.74  
    0.050       847.63          892.99        2660.08         3773.65         4832.39  
    0.056       859.79          888.04        2627.87         3874.29         5377.07  
    0.062       883.47          912.43        2603.08         3868.37         5052.75  
    0.069       880.60          985.53        2600.36         3595.25         4766.98  
    0.075       879.37          1025.32        2577.88         3423.87         4647.40  
    0.081       905.21          981.56        2565.04         3830.15         4795.21  
    0.088       885.02          984.44        2550.11         3658.40         4752.90  
    0.094       884.68          1031.43        2530.24         3507.86         4742.73  
    0.100       896.06          1070.71        2518.13         3744.03         4740.77  
    0.106       901.69          1081.24        2505.98         3879.17         4786.69  
    0.113       899.52          1079.62        2507.08         3901.52         4806.19  
    0.119       905.14          1098.80        2550.98         3902.11         4726.66  
    0.125       899.47          1137.76        2598.05         3920.81         4675.15  
    0.131       894.31          1141.63        2592.85         3901.17         4759.35  
    0.138       886.39          1135.03        2605.21         3873.26         4823.48  
    0.144       877.92          1152.11        2632.90         3850.18         4799.54  
    0.150       862.93          1172.18        2644.75         3839.17         4797.58  
    0.156       849.44          1179.17        2631.67         3739.98         4839.64  
    0.163       838.34          1176.13        2625.38         3611.29         4921.48  
    0.169       827.43          1167.95        2557.46         3747.25         5063.94  
    0.175       835.20          1177.94        2563.84         3817.02         5423.84  
    0.181       835.19          1187.11        2607.49         3785.11         5500.00  
    0.188       843.61          1199.81        2689.42         3837.62         5500.00  
    0.194       844.00          1188.97        2762.01         3931.94         4574.35  
    0.200       841.73          1163.72        2788.60         3501.86         4303.70  
    0.206       847.15          1158.87        2795.98         3540.23         4248.52  
    0.213       852.82          1149.09        2783.42         3488.15         4313.62  
    0.219       856.30          1151.32        2774.72         3868.97         4195.24  
    0.225       858.79          1156.47        2793.38         4054.66         4097.06  
    0.231       869.77          1173.47        2790.29         3838.88         4568.93  
    0.238       877.56          1189.07        2766.64         3782.60         4678.92  
    0.244       880.93          1198.99        2759.93         3723.58         4530.28  
    0.250       868.63          1199.29        2773.77         4095.42         4580.31  
    0.256       853.14          1207.07        2732.77         3920.65         4641.23  
    0.263       843.51          1218.44        2744.27         3946.11         4824.73  
    0.269       840.01          1224.51        2808.38         3960.16         5019.11  
    