0.025       638.29          1976.26        2175.44         3500.51         4968.92  
    0.031       636.06          1969.62        2176.95         3386.86         4946.28  
    0.038       633.67          1945.25        2677.68         4148.30         5363.89  
    0.044       628.21          1916.10        2661.33         4125.04         4779.92  
    0.050       622.30          1901.84        2654.90         4071.83         4513.08  
    0.056       618.36          1889.75        2659.80         3950.28         4592.57  
    0.062       615.98          1885.28        2586.30         3923.69         4648.77  
    0.069       614.15          1884.31        2592.44         3806.17         4684.03  
    0.075       611.53          1880.24        2598.64         3845.70         4629.60  
    0.081       610.24          1882.92        2620.78         3851.95         4601.54  
    0.088       611.89          1887.08        2614.34         3870.74         4632.85  
    0.094       615.85          1890.21        2677.37         3782.69         4649.78  
    0.100       619.13          1904.32        2825.81         3469.09         4673.96  
    0.106       621.02          1895.78        2807.54         3608.06         4666.05  
    0.113       623.05          1906.91        2835.22         3751.14         4602.81  
    0.119       624.76          1938.08        2825.90         3844.96         4577.74  
    0.125       626.84          1950.34        2797.61         3945.24         4574.71  
    0.131       627.74          1955.68        2832.84         4129.12         4532.23  
    0.138       629.29          1959.11        2862.87         4397.36         5261.91  
    0.144       633.12          1953.31        2825.09         4463.85         5500.00  
    0.150       635.86          1944.06        2796.10         4407.48         5500.00  
    0.156       637.81          1941.39        2823.30         4443.79         5500.00  
    0.163       640.31          1958.52        2854.90         4508.06         5500.00  
    0.169       155.52          966.38        2193.36         3291.42         4722.11  
    0.175       0          651.26        1967.49         2913.69         4434.65  
    0.181       0          653.18        1960.00         2938.26         4417.07  
    0.188       0          652.61        1954.15         2951.17         4360.36  
    0.194       0          652.77        1942.07         2940.14         4340.59  
    0.200       0          654.80        1928.50         2926.57         4336.64  
    0.206       0          657.12        1925.93         2942.73         4310.85  
    0.213       0          656.24        1945.66         2945.45         4283.89  
    0.219       0          651.32        1969.10         2917.61         4273.98  
    0.225       0          647.85        1975.42         2912.92         4260.93  
    0.231       0          647.89        1978.35         2928.94         4255.09  
    0.238       0          648.53        1968.61         2871.80         4255.56  
    0.244       0          650.42        1965.18         2858.49         4248.15  
    0.250       0          652.17        1975.90         2873.23         4240.11  
    0.256       0          656.67        1996.21         2907.49         4238.26  
    0.263       0          661.52        2011.57         2921.29         4249.34  
    0.269       0          660.99        1995.92         2946.48         4257.64  
    0.275       0          657.13        1971.65         2976.01         4313.37  
    0.281       0          662.43        1962.33         2936.29         4314.03  
    0.288       0          669.94        1940.17         2892.46         4185.54  
    0.294       505.88          1652.69        2315.90         3683.84         5171.50  
    0.300       670.08          1748.06        2301.61         3911.41         5250.06  
    0.306       676.14          1560.80        2253.94         3891.07         5136.96  
    0.312       683.18          1503.28        2253.12         3882.02         5064.23  
    