0.025       610.05          835.59        2574.56         3460.96         4601.27  
    0.031       599.30          866.32        2577.84         3450.09         4718.61  
    0.038       587.86          894.86        2582.53         3436.13         4837.96  
    0.044       578.57          905.02        2587.93         3428.34         4939.08  
    0.050       578.22          887.54        2587.63         3431.78         4989.44  
    0.056       603.80          757.12        2568.32         3446.95         4915.10  
    0.062       589.56          644.29        2530.24         3451.08         5015.92  
    0.069       595.09          667.79        2505.82         3436.76         4846.57  
    0.075       613.10          674.78        2489.48         3421.92         4505.08  
    0.081       262.02          281.23        1415.24         2858.20         3843.97  
    0.088       0          0        609.44         2412.63         3414.43  
    0.094       0          340.11        1622.43         2967.43         3528.82  
    0.100       0          597.03        2375.09         3399.14         3548.87  
    0.106       0          256.64        1361.46         2825.17         3442.16  
    0.113       0          349.26        1633.35         2969.77         3497.10  
    0.119       0          262.67        1386.62         2870.90         3478.80  
    0.125       189.71          359.38        1684.89         3005.83         3748.98  
    0.131       142.68          633.79        2461.75         3302.30         3659.79  
    0.138       0          638.39        2424.25         3119.71         3400.82  
    0.144       0          638.12        2371.48         3129.94         3396.61  
    0.150       0          636.41        2336.85         3255.12         3388.46  
    0.156       0          272.96        1366.60         2766.58         3379.40  
    0.163       0          0        640.36         2375.15         3372.92  
    0.169       0          0        638.67         2395.88         3371.43  
    0.175       364.20          382.91        1648.62         2954.07         3775.61  
    0.181       634.66          727.73        2428.01         3365.72         4022.54  
    0.188       632.88          787.32        2468.89         3365.52         4072.75  
    0.194       630.41          810.83        2468.71         3363.73         4157.30  
    