0.025       680.20          737.08        2854.16         3488.63         4684.54  
    0.031       23.29          25.24        744.28         2670.12         3508.56  
    0.038       686.21          808.04        2623.74         3469.21         4497.09  
    0.044       742.19          813.16        2718.10         3487.17         4693.33  
    0.050       721.64          878.33        2669.46         3440.71         4701.67  
    0.056       712.32          927.46        2643.08         3442.81         4657.88  
    0.062       705.06          949.76        2652.51         3467.97         4762.30  
    0.069       717.17          934.54        2642.26         3482.40         4679.83  
    0.075       727.74          919.42        2634.78         3489.94         4745.17  
    0.081       730.58          1037.36        2636.10         3550.52         4830.89  
    0.088       720.62          1085.44        2662.27         3579.92         4805.78  
    0.094       693.74          1076.30        2627.90         3469.98         4791.19  
    0.100       700.53          1105.40        2619.54         3443.82         4780.17  
    0.106       702.21          1108.59        2621.25         3396.61         4830.64  
    0.113       697.77          1002.22        2675.85         3436.66         4827.38  
    0.119       693.37          949.70        2696.07         3447.03         4874.42  
    0.125       709.21          830.30        2692.44         3460.17         4766.85  
    0.131       706.83          774.99        2677.93         3420.32         4838.41  
    0.138       24.20          26.47        763.81         2692.36         3451.66  
    0.144       0          0        676.90         2653.42         3397.67  
    0.150       0          0        675.51         2661.36         3396.49  
    0.156       0          0        682.29         2711.13         3446.66  
    0.163       0          655.35        2707.03         3592.32         5429.75  
    0.169       0          23.24        737.43         2787.83         3536.67  
    0.175       0          0        665.25         2774.62         3464.69  
    0.181       640.65          669.01        2725.67         3536.97         4308.60  
    