0.025       734.92          1053.54        2685.79         3619.60         3785.24  
    0.031       739.40          1041.71        2662.54         3573.04         3760.36  
    0.038       746.23          1026.71        2599.51         3518.42         3898.93  
    0.044       747.14          1019.65        2572.87         3515.39         4025.78  
    0.050       750.48          1019.18        2582.10         3541.82         3921.82  
    0.056       763.20          1022.76        2597.68         3556.78         3836.21  
    0.062       765.08          1030.57        2619.65         3554.00         3796.31  
    0.069       763.52          1039.33        2628.85         3484.87         3839.27  
    0.075       769.55          1047.63        2626.07         3436.25         3837.70  
    0.081       778.41          1052.18        2634.04         3441.42         3910.66  
    0.088       779.77          1053.77        2654.44         3446.25         3987.88  
    0.094       779.96          1057.73        2680.85         3493.76         3958.66  
    0.100       781.08          1062.81        2676.25         3563.09         3692.07  
    0.106       775.54          1060.10        2664.06         3479.03         3583.41  
    0.113       765.42          1059.97        2658.19         3519.15         3699.52  
    0.119       757.04          1067.37        2630.04         3530.43         3948.12  
    0.125       751.66          1077.77        2591.70         3521.40         4064.20  
    0.131       748.78          1068.60        2561.31         3510.64         4068.09  
    0.138       747.08          1070.85        2529.42         3507.27         4082.01  
    0.144       746.12          1082.61        2542.62         3498.53         4129.22  
    0.150       744.87          1087.70        2608.93         3486.17         4129.12  
    0.156       742.91          1082.55        2633.23         3476.62         4084.29  
    0.163       742.23          1073.23        2657.75         3476.17         4048.57  
    0.169       741.60          1083.86        2704.30         3494.34         3967.47  
    0.175       735.63          1117.74        2702.18         3496.95         3838.09  
    0.181       732.32          1131.31        2687.20         3486.76         3765.07  
    0.188       728.74          1148.69        2695.07         3516.59         3722.10  
    0.194       723.75          1151.25        2696.60         3556.62         3830.35  
    0.200       718.24          1130.55        2653.45         3554.36         4083.90  
    