0.025       639.63          905.93        2433.00         3853.73         4594.15  
    0.031       626.58          890.10        2446.41         3844.31         4618.42  
    0.038       636.89          867.86        2435.68         3814.28         4631.96  
    0.044       739.88          856.16        2373.98         3794.85         4603.48  
    0.050       657.32          855.34        2295.04         3790.41         4632.98  
    0.056       519.39          866.94        2290.94         3799.38         5098.00  
    0.062       715.09          947.90        2360.42         3788.32         5500.00  
    0.069       434.83          957.57        2388.11         3086.24         4695.27  
    0.075       365.98          903.99        2410.60         3179.53         4728.16  
    0.081       813.04          908.48        2427.88         3848.38         5332.20  
    0.088       899.75          910.69        2414.12         3728.55         4991.71  
    0.094       885.94          917.48        2425.33         3607.35         4757.95  
    0.100       888.18          924.73        2433.81         3774.89         4700.05  
    0.106       881.74          924.14        2423.40         3949.08         4866.47  
    0.113       836.72          909.85        2401.89         3929.77         4983.55  
    0.119       825.36          882.93        2379.32         3928.51         4869.50  
    0.125       826.52          918.35        2373.61         3931.50         5156.46  
    0.131       800.68          990.67        2358.27         3935.00         5500.00  
    0.138       799.57          1008.67        2344.10         3918.48         5500.00  
    0.144       839.21          978.40        2362.87         3914.32         4922.50  
    0.150       883.75          969.83        2397.91         3903.67         4605.66  
    0.156       905.95          973.15        2435.38         3884.22         4999.66  
    0.163       913.34          972.63        2476.50         3913.41         4994.87  
    0.169       911.78          1002.45        2502.51         3948.45         4923.66  
    0.175       904.60          990.88        2476.49         3855.16         4966.38  
    0.181       812.14          923.12        2378.33         3788.49         4897.55  
    0.188       662.08          874.94        2239.46         3830.84         4938.66  
    0.194       688.86          850.52        2186.76         3856.58         4943.50  
    0.200       796.66          829.12        2281.68         3812.76         4731.71  
    0.206       770.31          844.23        2400.09         3754.56         4525.46  
    0.213       724.66          865.88        2463.35         3762.67         4442.60  
    0.219       726.01          895.31        2454.59         3745.93         4407.16  
    0.225       706.80          960.91        2428.25         3715.39         4375.79  
    0.231       682.76          1010.13        2430.97         3773.29         4369.36  
    