0.025       629.14          1102.62        2325.47         3625.46         4695.79  
    0.031       646.62          1138.15        2302.47         3628.16         5493.07  
    0.038       655.89          1141.94        2295.00         3625.09         4959.54  
    0.044       659.13          1095.88        2288.38         3605.05         4759.72  
    0.050       664.68          1074.47        2285.77         3593.99         4685.01  
    0.056       668.42          1083.32        2284.38         3585.29         4513.28  
    0.062       674.23          1067.99        2289.54         3593.82         4511.90  
    0.069       665.63          1068.18        2295.19         3593.68         4429.92  
    0.075       667.83          1086.59        2300.47         3607.58         4435.09  
    0.081       668.28          1078.47        2304.47         3617.68         4424.53  
    0.088       664.28          1085.09        2303.00         3614.32         4386.51  
    0.094       650.96          1088.77        2311.11         3610.27         4362.26  
    0.100       656.99          1092.67        2310.94         3618.14         4390.91  
    0.106       656.70          1116.12        2319.06         3614.41         4457.52  
    0.113       662.83          1131.46        2320.90         3611.76         4477.92  
    0.119       665.87          1148.72        2321.41         3609.22         4486.61  
    0.125       668.51          1138.06        2324.22         3605.68         4379.41  
    0.131       672.01          1135.70        2323.59         3595.69         4543.77  
    0.138       676.27          1152.79        2317.02         3600.36         4576.80  
    0.144       667.25          1193.50        2312.72         3587.63         4294.54  
    0.150       667.90          1180.46        2297.10         3564.94         4238.74  
    0.156       671.39          1178.87        2294.46         3542.89         4362.49  
    0.163       677.35          1164.37        2307.63         3522.00         4320.96  
    0.169       668.44          1184.87        2302.68         3486.29         4404.72  
    0.175       655.97          1199.92        2281.23         3535.57         4391.54  
    0.181       657.89          1125.02        2289.35         3544.00         4402.22  
    0.188       660.21          1094.06        2278.54         3567.36         4400.07  
    0.194       663.46          1095.91        2276.38         3598.89         4307.98  
    0.200       643.45          1102.97        2286.22         3596.25         4468.10  
    0.206       639.49          1082.70        2287.42         3553.59         4509.54  
    0.213       644.91          1044.48        2293.07         3555.14         4580.22  
    