0.025       853.89          1478.23        1958.17         3586.29         4773.92  
    0.031       830.99          1528.39        2059.66         3580.93         4755.82  
    0.038       800.96          1566.69        2309.08         3584.37         4755.73  
    0.044       779.63          1540.65        2565.23         3594.05         4814.55  
    0.050       750.53          1479.68        2629.35         3597.36         4988.92  
    0.056       730.95          1422.81        2668.70         3608.11         5291.02  
    0.062       722.53          1439.26        2644.60         3609.70         5467.88  
    0.069       204.79          947.24        1898.44         3381.08         4314.10  
    0.075       0          732.76        1640.51         3480.17         3717.39  
    0.081       0          729.89        1660.14         3457.93         3660.90  
    0.088       0          730.30        1636.32         3212.10         3753.30  
    0.094       0          739.65        1609.29         3062.27         3897.26  
    0.100       0          740.01        1595.46         3037.37         3946.06  
    0.106       530.55          1314.66        2592.81         3559.06         5059.23  
    0.113       762.78          1526.55        2932.55         3747.75         5500.00  
    0.119       756.32          1440.97        2818.97         3715.90         5500.00  
    0.125       213.19          952.87        1863.16         3050.07         4233.61  
    0.131       0          794.07        1535.67         2799.61         3749.95  
    0.138       551.33          1001.81        2388.90         3461.12         5004.90  
    0.144       683.29          1046.01        2743.07         3693.20         5500.00  
    0.150       610.83          1014.99        2778.65         3660.65         5500.00  
    0.156       584.21          1001.77        2787.83         3622.03         5500.00  
    0.163       576.63          996.37        2759.29         3609.54         5401.68  
    0.169       573.64          991.24        2745.90         3609.64         5460.98  
    0.175       590.04          1001.02        2828.92         3624.70         5500.00  
    0.181       589.26          1020.28        2948.78         3638.72         5500.00  
    0.188       590.54          1016.20        3075.63         3730.62         5500.00  
    0.194       585.73          1009.11        3056.43         3729.69         5500.00  
    0.200       574.15          1007.16        2984.08         3674.91         5500.00  
    0.206       568.82          1000.47        2968.98         3632.64         5500.00  
    0.213       576.38          991.01        2941.66         3614.86         5500.00  
    0.219       575.97          992.38        2940.81         3633.68         5500.00  
    0.225       577.31          1001.93        2947.10         3605.34         5500.00  
    0.231       577.37          1017.59        2924.38         3604.44         5500.00  
    0.238       571.50          1022.23        2963.93         3689.91         5500.00  
    0.244       565.81          1020.49        3022.78         3788.29         5500.00  
    0.250       568.13          1024.74        3411.89         3679.92         5500.00  
    0.256       572.91          1022.05        3477.23         3700.09         5500.00  
    0.263       575.81          1007.52        3500.78         3863.01         5072.32  
    0.269       581.58          998.32        3565.78         3795.47         4709.98  
    0.275       585.17          1002.38        3412.02         3696.90         4769.02  
    0.281       581.13          1003.51        3361.80         3641.55         4828.17  
    0.288       567.65          1007.67        2960.26         3603.25         4619.35  
    0.294       565.58          1011.48        2760.60         3589.51         4521.45  
    