0.025       756.83          782.53        2711.56         3549.81         5245.51  
    0.031       754.38          764.84        2730.48         3516.17         4982.54  
    0.038       746.40          763.20        2738.65         3532.92         4711.04  
    0.044       739.12          813.92        2722.97         3591.92         4633.59  
    0.050       735.16          823.03        2708.18         3605.89         4436.69  
    0.056       736.19          802.83        2709.66         3597.35         4522.04  
    0.062       737.72          794.88        2706.27         3565.70         4348.96  
    0.069       748.51          799.12        2705.47         3518.83         4159.20  
    0.075       706.82          873.05        2693.45         3493.94         4266.04  
    0.081       690.98          907.63        2685.91         3514.75         4358.12  
    0.088       725.96          890.10        2669.66         3527.05         5178.87  
    0.094       775.02          861.62        2678.54         3526.71         5474.42  
    0.100       726.39          937.34        2680.32         3490.57         4573.80  
    0.106       715.26          984.71        2669.39         3440.22         4210.15  
    0.113       719.28          998.66        2674.58         3442.83         4126.28  
    0.119       731.17          991.27        2694.49         3452.65         4204.46  
    0.125       747.95          972.62        2719.76         3468.80         4293.93  
    0.131       769.08          956.11        2731.66         3515.21         4421.72  
    0.138       777.04          951.36        2719.47         3532.13         4401.30  
    0.144       766.10          921.86        2708.05         3534.20         4143.23  
    0.150       758.43          852.66        2694.22         3525.20         4281.15  
    0.156       716.26          762.54        2656.77         3520.08         4226.73  
    0.163       741.11          775.80        2634.99         3505.28         4157.55  
    0.169       745.11          815.87        2598.18         3511.81         4165.03  
    0.175       745.27          831.25        2594.34         3510.94         4387.86  
    0.181       743.06          848.88        2668.51         3493.57         4588.86  
    0.188       741.24          848.54        2719.86         3481.91         4839.84  
    0.194       741.64          833.70        2721.22         3480.01         4527.43  
    0.200       742.48          819.39        2759.96         3499.35         4445.39  
    0.206       718.16          745.93        2789.02         3534.23         4288.41  
    0.213       688.86          730.89        2772.02         3526.36         4134.46  
    0.219       724.52          776.74        2755.26         3521.30         4050.65  
    0.225       724.57          846.07        2762.73         3545.58         4156.47  
    0.231       716.89          941.14        2725.86         3541.59         4270.54  
    0.238       710.11          1016.49        2671.15         3510.63         4494.38  
    