0.025       619.93          1232.32        2482.78         4140.70         4769.77  
    0.031       619.44          1219.10        2368.79         4155.07         4719.98  
    0.038       621.82          1069.47        2267.70         4152.92         4700.80  
    0.044       623.39          1032.15        2086.78         4230.54         4898.66  
    0.050       73.10          120.73        797.86         2237.00         4165.14  
    0.056       557.22          734.86        1819.56         3724.40         4961.08  
    0.062       632.63          999.80        2001.59         4003.67         5073.02  
    0.069       641.19          961.18        2123.26         4129.60         4759.63  
    0.075       652.85          908.37        2257.85         4167.82         4583.94  
    0.081       662.21          945.22        2341.97         4193.31         4791.87  
    0.088       673.39          950.51        2386.86         4201.50         4970.35  
    0.094       689.40          878.07        2458.88         4264.28         4740.87  
    0.100       680.48          836.39        2629.21         4318.45         4683.92  
    0.106       638.90          838.46        2795.62         4267.57         4844.50  
    0.113       617.68          842.02        2873.42         4243.16         4923.10  
    0.119       620.13          845.09        2847.77         4215.29         4989.67  
    0.125       627.08          848.69        2888.66         4248.41         5027.92  
    0.131       636.55          844.49        2946.24         4294.99         4950.00  
    0.138       640.45          841.91        3011.82         4292.69         4943.32  
    0.144       644.19          842.29        3078.94         4345.55         4925.02  
    0.150       649.78          839.43        3079.63         4320.59         4915.65  
    0.156       653.98          849.55        3026.08         4313.74         4942.89  
    0.163       667.75          843.20        3058.02         4435.60         5006.08  
    0.169       670.27          847.54        3076.82         4468.59         5004.91  
    0.175       665.61          868.89        3047.57         4348.19         4982.54  
    0.181       663.64          881.64        3026.03         4451.77         4973.82  
    0.188       662.79          894.31        3034.84         4546.65         4961.91  
    0.194       662.11          895.79        3005.54         4546.13         4977.83  
    0.200       667.47          903.31        2971.91         4560.18         4984.10  
    0.206       672.11          915.07        2956.40         4533.55         5010.34  
    0.213       675.27          926.14        2938.15         4420.35         4997.58  
    0.219       679.81          946.24        2904.28         4531.80         4951.85  
    0.225       680.98          952.64        2868.67         4717.27         5057.03  
    0.231       680.24          965.07        2839.65         4786.00         5449.80  
    0.238       679.46          961.98        2754.92         4610.61         5064.28  
    0.244       678.75          950.51        2636.77         4661.57         5024.59  
    