0.025       679.44          1586.69        2406.34         3735.62         4652.69  
    0.031       688.47          1564.64        2308.34         3660.75         4583.65  
    0.038       668.38          1559.64        2310.50         3624.25         4610.89  
    0.044       651.14          1611.51        2309.27         3679.15         4671.49  
    0.050       665.02          1618.10        2230.47         3627.04         4679.89  
    0.056       682.17          1838.61        2191.99         3670.68         4559.27  
    0.062       696.10          1893.23        2173.40         3711.93         4412.64  
    0.069       708.47          1646.45        2181.48         3624.71         4501.48  
    0.075       704.68          1508.42        2237.94         3590.35         4665.64  
    0.081       690.24          1491.79        2292.43         3626.11         4689.66  
    0.088       673.47          1491.35        2276.18         3605.52         4679.32  
    0.094       665.90          1549.22        2255.43         3631.34         4541.69  
    0.100       674.97          1790.10        2229.54         3863.79         4502.85  
    0.106       680.41          1721.59        2215.63         3885.26         4562.57  
    0.113       677.83          1512.44        2198.27         3816.10         4535.23  
    0.119       671.01          1451.79        2198.29         3734.35         4585.46  
    0.125       667.86          1463.90        2162.32         3622.24         4650.44  
    0.131       665.73          1579.53        2146.81         3641.93         4583.85  
    0.138       659.05          1539.19        2197.06         3654.68         4622.94  
    0.144       658.62          1520.39        2235.07         3687.02         4725.99  
    0.150       659.61          1561.90        2242.70         3690.62         4610.35  
    0.156       655.17          1531.06        2268.62         3645.94         4510.64  
    0.163       657.89          1532.69        2285.93         3652.31         4466.81  
    0.169       224.78          970.83        2100.33         2902.86         4192.59  
    0.175       0          668.82        1929.93         2502.44         4077.94  
    0.181       0          665.42        1867.05         2491.32         4092.78  
    0.188       0          672.96        1923.90         2550.74         4105.11  
    0.194       0          674.39        2058.89         2349.33         4066.20  
    0.200       0          671.09        2133.58         2200.46         4003.02  
    0.206       440.67          1398.61        2197.10         3344.77         4394.77  
    0.213       668.06          1602.30        2160.56         3730.78         4635.61  
    0.219       659.61          1473.22        2177.89         3581.12         4703.49  
    0.225       664.51          1488.61        2208.68         3570.15         4696.66  
    0.231       673.93          1557.46        2210.18         3596.79         4666.56  
    0.238       676.78          1652.77        2206.40         3641.68         4628.80  
    0.244       669.26          1614.30        2199.45         3625.81         4652.68  
    0.250       659.16          1621.86        2153.16         3611.81         4637.68  
    0.256       650.86          1705.20        2139.70         3584.64         4509.43  
    0.263       647.96          1829.35        2127.48         3619.68         4496.67  
    0.269       645.69          1958.43        2118.13         3592.91         4490.18  
    0.275       641.11          1854.53        2205.03         3569.82         4495.87  
    0.281       643.33          1657.58        2278.43         3582.79         4476.79  
    0.288       651.67          1593.38        2291.75         3548.48         4516.57  
    0.294       662.24          1581.84        2295.31         3572.19         4556.60  
    