0.025       598.65          914.92        2509.36         3496.55         4481.96  
    0.031       588.79          932.76        2517.92         3472.16         4439.98  
    0.038       580.49          951.57        2534.50         3455.05         4333.39  
    0.044       583.64          960.69        2529.34         3460.39         4303.61  
    0.050       599.14          914.51        2459.05         3476.70         3976.37  
    0.056       610.27          876.75        2428.68         3479.00         3930.35  
    0.062       604.17          896.91        2422.01         3458.21         3866.29  
    0.069       596.17          892.72        2400.08         3433.13         3711.23  
    0.075       605.74          751.47        2373.50         3428.73         3642.32  
    0.081       588.56          623.42        2357.16         3410.18         3575.39  
    0.088       589.05          737.20        2355.98         3387.01         3540.83  
    0.094       593.75          745.40        2352.65         3385.41         3537.38  
    0.100       593.07          795.63        2351.93         3384.29         3534.42  
    0.106       604.31          769.80        2360.07         3387.56         3533.33  
    0.113       613.75          755.77        2369.09         3405.38         3544.69  
    0.119       619.77          804.04        2374.05         3411.28         3514.83  
    0.125       632.81          710.88        2357.51         3405.71         3490.05  
    0.131       108.19          117.45        937.28         2515.14         3414.57  
    0.138       0          0        647.62         2315.76         3386.98  
    0.144       0          0        646.38         2308.24         3375.58  
    0.150       451.08          534.33        2030.31         3183.00         3509.53  
    0.156       618.81          769.97        2315.37         3358.57         3544.57  
    0.163       636.94          773.74        2319.33         3365.53         3564.97  
    0.169       633.38          828.10        2321.44         3363.26         3588.33  
    0.175       625.58          870.53        2346.28         3359.91         3573.21  
    0.181       617.34          890.87        2370.87         3357.00         3579.89  
    