0.025       612.97          969.18        2709.00         3697.39         4981.42  
    0.031       608.25          974.10        2678.89         3704.23         4984.61  
    0.038       598.92          968.34        2691.57         3747.35         5089.04  
    0.044       584.08          957.95        2693.19         3741.70         5193.90  
    0.050       565.24          945.89        2701.78         3668.72         5060.81  
    0.056       548.78          927.12        2706.75         3589.06         5042.60  
    0.062       539.64          910.54        2717.07         3605.50         4943.63  
    0.069       544.96          842.78        2708.78         3583.49         4911.58  
    0.075       586.28          782.39        2703.24         3710.40         4793.34  
    0.081       593.51          795.11        2735.38         3947.40         4922.28  
    0.088       576.29          845.30        2826.56         3933.33         5065.37  
    0.094       583.87          857.26        2802.42         3970.25         4996.97  
    0.100       609.14          827.99        2725.45         4062.08         5032.46  
    0.106       609.18          850.30        2737.20         4098.44         5056.97  
    0.113       607.66          880.19        2765.17         4024.15         5024.64  
    0.119       591.12          892.13        2715.60         3804.11         4947.61  
    0.125       581.99          892.70        2694.61         3627.49         5044.61  
    0.131       574.65          889.28        2699.88         3683.88         5083.97  
    0.138       585.61          889.94        2701.07         3801.71         5026.48  
    0.144       591.95          883.52        2672.99         3995.54         4967.49  
    0.150       593.11          882.19        2641.82         3984.08         4898.11  
    0.156       592.12          889.17        2650.51         3768.72         4875.43  
    0.163       599.88          893.55        2664.16         3684.99         4875.15  
    0.169       624.28          874.97        2691.85         3758.93         4904.22  
    0.175       641.27          883.99        2686.21         3875.64         4953.88  
    0.181       667.63          881.94        2710.59         3925.85         4897.79  
    0.188       683.00          864.74        2695.50         3824.72         4748.40  
    0.194       676.99          885.20        2679.69         3758.29         4778.55  
    0.200       630.83          923.75        2673.83         3910.83         4858.39  
    0.206       620.80          962.45        2705.60         3887.99         4811.68  
    0.213       618.12          979.03        2724.52         3843.25         4879.48  
    0.219       612.50          977.11        2730.61         3794.08         4849.61  
    0.225       620.49          969.66        2709.72         3729.94         4827.37  
    0.231       619.67          976.29        2695.06         3586.44         4871.65  
    0.238       621.19          977.09        2700.25         3700.81         4942.01  
    0.244       616.85          974.67        2682.98         3795.88         4932.45  
    0.250       609.63          970.31        2745.01         3741.98         4945.79  
    0.256       603.53          963.70        2702.56         3762.16         4943.29  
    