0.025       589.77          907.07        2721.27         3947.87         4662.03  
    0.031       589.98          914.44        2727.02         4011.43         4627.31  
    0.038       613.95          881.22        2735.53         4084.15         4640.73  
    0.044       638.72          836.53        2735.79         4181.21         4733.52  
    0.050       624.23          865.82        2722.03         4212.91         5106.12  
    0.056       658.95          806.05        2720.26         4119.38         5001.50  
    0.062       679.28          782.46        2738.94         3935.68         4871.96  
    0.069       697.69          788.51        2749.43         4113.54         5011.82  
    0.075       706.73          809.11        2740.87         4321.43         5055.94  
    0.081       712.11          816.02        2732.94         4439.42         5099.32  
    0.088       712.59          809.80        2731.79         4473.28         4744.85  
    0.094       693.62          833.79        2725.69         4272.82         4621.58  
    0.100       688.53          841.39        2710.60         4160.11         4648.88  
    0.106       698.42          843.84        2710.70         4111.05         4729.54  
    0.113       690.84          885.68        2714.00         4002.87         4735.65  
    0.119       680.78          884.20        2725.04         4099.58         4864.29  
    0.125       678.51          876.69        2718.58         4090.52         4906.64  
    0.131       676.86          925.78        2708.85         3827.47         4958.63  
    0.138       676.06          967.28        2717.05         3765.67         4984.75  
    0.144       674.94          1017.48        2724.69         3862.58         4961.97  
    0.150       675.22          1019.90        2727.57         3893.88         4867.07  
    0.156       677.55          1036.33        2738.03         3975.27         4827.09  
    0.163       679.20          1075.99        2757.97         3872.77         4842.48  
    0.169       676.29          1069.27        2746.48         3723.28         4836.81  
    0.175       677.51          1041.90        2732.92         3757.62         4812.31  
    0.181       684.89          1063.56        2710.85         3752.55         4790.49  
    0.188       683.91          1074.40        2704.25         3717.76         4823.02  
    0.194       678.49          1058.07        2709.11         3696.84         4871.01  
    0.200       675.72          1034.77        2712.99         3760.52         4829.79  
    0.206       675.67          1007.49        2709.48         3807.83         4804.82  
    0.213       669.73          1003.65        2697.79         3771.33         4867.67  
    0.219       663.51          1019.37        2689.69         3842.36         4945.22  
    0.225       667.15          1035.69        2695.88         4015.89         4939.02  
    0.231       677.06          1043.00        2709.55         3919.28         4911.00  
    0.238       677.56          1032.75        2707.70         3801.73         4897.58  
    0.244       673.64          1012.06        2710.84         3753.96         4938.27  
    0.250       674.41          1008.71        2719.41         3815.82         4995.93  
    0.256       672.13          1005.07        2730.73         3811.52         5032.07  
    0.263       674.67          1019.67        2728.46         3769.73         5028.52  
    0.269       675.14          1028.05        2731.89         3876.27         4991.53  
    0.275       677.06          1027.11        2731.98         4003.86         4980.20  
    0.281       675.32          1024.89        2711.09         3956.94         4926.08  
    0.288       674.02          1019.70        2698.43         4019.85         4903.82  
    0.294       680.06          1008.97        2680.27         4333.70         4884.98  
    0.300       682.91          998.62        2694.68         4720.96         4844.87  
    0.306       680.39          999.11        2737.83         4583.48         4861.72  
    0.312       679.98          1015.72        2760.26         4397.63         4839.78  
    0.319       680.23          1021.30        2745.72         4464.00         4835.38  
    0.325       677.57          1010.42        2730.09         4226.56         4940.89  
    0.331       671.46          1007.14        2717.27         3909.63         5055.01  
    0.338       675.13          1023.75        2755.45         3958.92         5046.69  
    0.344       677.43          1007.16        2787.89         4088.12         4974.45  
    0.350       679.86          991.86        2773.04         4091.38         4946.08  
    0.356       681.25          956.65        2745.93         4146.69         4954.91  
    0.363       673.93          949.27        2741.54         4222.09         4943.57  
    0.369       666.35          958.43        2758.32         4143.44         4956.40  
    0.375       665.25          963.61        2783.13         4178.31         4960.75  
    0.381       667.22          961.59        2768.90         4257.85         4945.79  
    0.388       675.23          951.16        2745.77         4243.87         4923.48  
    0.394       678.71          947.43        2732.00         4311.82         4931.06  
    0.400       690.83          929.44        2748.73         4303.59         4972.13  
    0.406       701.50          931.59        2754.07         4351.64         5018.04  
    0.413       716.66          942.46        2753.43         4390.66         5003.53  
    0.419       721.86          958.04        2766.38         4494.26         4949.11  
    0.425       721.78          958.09        2773.83         4537.40         4924.94  
    0.431       711.91          965.39        2749.26         4441.40         4954.06  
    0.438       704.47          969.29        2739.40         4371.29         5002.56  
    0.444       706.07          983.71        2738.05         4459.04         5009.11  
    0.450       718.26          1001.08        2731.05         4502.61         4999.48  
    0.456       723.20          1000.56        2744.61         4434.40         5003.70  
    0.463       706.44          990.86        2748.16         4299.20         5020.59  
    0.469       693.59          997.56        2736.13         4490.42         4966.25  
    0.475       689.01          997.48        2733.48         4768.51         4911.55  
    0.481       679.73          988.81        2717.52         4682.18         4973.38  
    0.488       676.39          984.08        2712.65         4488.10         5044.24  
    0.494       685.12          983.92        2735.86         4463.44         5035.48  
    0.500       686.18          989.59        2741.50         4457.14         5016.75  
    0.506       681.46          994.43        2722.85         4415.72         5027.27  
    0.513       672.96          1002.43        2702.22         4395.91         5052.53  
    