0.025       704.03          829.93        2755.50         3452.57         4004.47  
    0.031       708.76          804.90        2817.68         3472.35         4033.76  
    0.038       661.62          787.50        2854.43         3490.48         4090.51  
    0.044       369.13          770.09        2814.76         3510.33         3989.43  
    0.050       75.33          225.39        1358.25         3023.90         3645.75  
    0.056       353.91          537.73        2206.67         3293.20         3757.69  
    0.062       606.51          768.24        2791.80         3475.97         3873.60  
    0.069       683.79          789.13        2766.28         3468.77         3912.66  
    0.075       701.93          823.69        2737.00         3444.68         3986.02  
    0.081       684.33          843.88        2713.30         3425.31         4023.20  
    0.088       199.50          250.06        1367.37         2945.63         3637.46  
    0.094       310.16          584.29        2152.28         3275.06         3828.69  
    0.100       554.43          846.48        2697.32         3491.51         3985.22  
    0.106       588.39          848.64        2679.15         3483.12         4026.45  
    0.113       558.25          841.85        2668.63         3470.02         4089.74  
    0.119       530.38          833.59        2665.66         3454.21         4193.35  
    0.125       489.53          817.60        2678.23         3451.52         4235.91  
    0.131       140.29          239.55        1361.13         2918.10         3706.01  
    0.138       305.24          577.52        2120.12         3242.73         4036.20  
    0.144       554.92          824.62        2640.93         3462.49         4354.38  
    0.150       615.13          849.29        2620.87         3458.68         4461.65  
    0.156       608.91          866.15        2633.20         3476.28         4435.38  
    0.163       292.61          866.41        2641.31         3488.71         4314.09  
    0.169       359.77          879.40        2622.80         3494.84         4340.07  
    0.175       521.79          905.11        2608.21         3531.13         4455.94  
    0.181       562.12          911.83        2635.98         3565.52         4591.66  
    0.188       553.14          912.65        2639.78         3635.36         4611.49  
    0.194       557.75          921.86        2712.78         3603.84         4715.16  
    