0.025       605.67          930.03        2594.97         4053.71         4537.27  
    0.031       598.65          939.07        2611.45         4003.33         4543.41  
    0.038       599.84          934.72        2608.34         4105.22         4562.33  
    0.044       620.35          887.77        2612.03         4101.05         4599.24  
    0.050       635.18          863.93        2637.90         3938.27         4609.54  
    0.056       651.84          881.25        2640.61         4148.77         4609.01  
    0.062       660.74          912.99        2622.17         4413.27         4526.76  
    0.069       661.62          926.51        2611.46         4288.31         4516.84  
    0.075       664.98          937.03        2620.49         4256.90         4538.43  
    0.081       661.08          935.61        2616.63         4393.53         4500.49  
    0.088       664.01          931.08        2621.39         4452.22         4484.62  
    0.094       672.17          956.18        2643.86         4408.09         4603.85  
    0.100       667.83          1000.11        2653.15         4311.22         4660.58  
    0.106       663.10          1013.31        2646.69         4338.01         4632.54  
    0.113       664.84          1062.38        2665.50         4387.36         4696.37  
    0.119       665.98          1131.75        2686.59         4206.22         4866.13  
    0.125       666.73          1205.70        2686.06         4155.70         4948.70  
    0.131       667.86          1300.28        2670.67         4361.49         4883.86  
    0.138       669.58          1331.17        2643.79         4517.99         4691.91  
    0.144       671.21          1381.14        2629.15         4535.63         4671.71  
    0.150       673.13          1429.73        2642.77         4399.55         4700.35  
    0.156       674.31          1349.61        2617.68         4104.10         4738.85  
    0.163       677.21          1266.14        2573.07         4023.00         4777.97  
    0.169       683.92          1280.70        2454.88         3993.70         4788.10  
    0.175       682.99          1278.90        2381.17         3918.54         4844.95  
    0.181       676.47          1229.54        2446.89         3912.54         4829.68  
    0.188       674.29          1184.41        2551.64         4035.98         4768.44  
    0.194       675.96          1141.28        2608.87         4110.87         4763.31  
    0.200       676.32          1128.27        2622.17         4077.97         4840.52  
    0.206       675.81          1135.68        2622.81         4109.57         4911.72  
    0.213       679.20          1149.70        2625.76         4321.72         4793.04  
    0.219       684.78          1170.53        2609.95         4198.16         4748.94  
    0.225       686.65          1162.08        2595.98         3956.83         4830.35  
    0.231       686.77          1139.25        2604.97         3916.15         4918.52  
    0.238       688.21          1124.72        2601.97         3940.30         4993.66  
    0.244       687.77          1106.31        2601.52         3960.92         5038.31  
    0.250       690.31          1127.11        2605.74         4068.22         5023.10  
    0.256       691.45          1143.58        2594.01         4177.93         4979.00  
    0.263       691.96          1143.72        2586.28         4371.13         4945.58  
    0.269       691.30          1133.39        2574.54         4383.98         4897.21  
    0.275       689.79          1114.97        2545.40         4406.66         4889.07  
    0.281       690.24          1106.51        2511.93         4674.98         4868.74  
    0.288       691.61          1117.57        2529.42         4801.00         4977.86  
    0.294       691.50          1148.58        2589.65         4811.55         5013.19  
    0.300       692.26          1174.93        2616.30         4721.54         4875.10  
    0.306       696.39          1184.60        2627.82         4613.30         4837.17  
    0.312       697.27          1183.71        2625.87         4385.86         4931.77  
    0.319       694.35          1197.99        2598.58         4157.48         5028.59  
    0.325       693.91          1222.72        2586.20         4157.50         5015.59  
    0.331       696.57          1199.08        2586.11         4229.65         4950.50  
    0.338       698.10          1162.10        2565.53         4270.97         4921.58  
    0.344       697.57          1101.98        2589.12         4449.60         4904.29  
    0.350       691.50          1054.69        2616.30         4549.93         4912.14  
    0.356       685.43          1037.59        2626.99         4479.44         4946.37  
    0.363       682.33          1027.03        2647.89         4539.79         4956.60  
    0.369       679.25          1018.42        2662.41         4640.45         4942.50  
    0.375       678.85          1012.37        2664.32         4614.06         4936.95  
    0.381       678.96          1011.78        2656.93         4546.97         4970.40  
    0.388       680.83          1014.09        2666.86         4514.60         5015.65  
    0.394       687.36          1019.03        2673.39         4495.39         5054.97  
    0.400       697.10          1029.05        2665.96         4506.06         5047.39  
    0.406       702.65          1037.94        2661.07         4563.77         5026.49  
    0.413       704.99          1042.21        2658.81         4587.47         5014.32  
    0.419       704.59          1044.36        2658.05         4519.71         5018.51  
    0.425       705.44          1051.47        2653.11         4465.83         5041.42  
    0.431       713.01          1066.99        2637.52         4508.09         5050.01  
    0.438       724.83          1074.72        2603.43         4546.12         5049.58  
    0.444       723.95          1064.42        2584.05         4509.12         5058.12  
    0.450       713.70          1056.08        2591.69         4474.89         5053.86  
    0.456       707.56          1060.79        2601.38         4650.96         5002.82  
    0.463       706.31          1059.33        2596.95         4750.86         5007.98  
    0.469       703.41          1051.78        2596.13         4625.23         5046.93  
    0.475       698.45          1046.86        2594.86         4507.63         5066.29  
    0.481       697.88          1043.07        2599.34         4503.02         5066.74  
    0.488       695.54          1042.37        2614.83         4513.10         5059.27  
    0.494       691.41          1044.54        2617.09         4485.95         5062.71  
    