0.025       650.14          1347.38        2141.71         3566.07         4850.09  
    0.031       654.36          1634.00        2167.01         3594.82         4995.50  
    0.038       656.12          1786.61        2280.22         3594.77         5008.25  
    0.044       655.39          1887.51        2262.62         3658.79         4974.65  
    0.050       654.78          1937.94        2194.70         3789.70         4965.51  
    0.056       653.79          1932.57        2306.46         3914.62         5084.59  
    0.062       650.81          1944.43        2376.63         3848.04         4762.84  
    0.069       649.12          1959.86        2408.35         3657.81         4678.27  
    0.075       652.29          1978.37        2252.80         3758.04         4766.16  
    0.081       655.85          1965.14        2220.31         3913.11         4930.41  
    0.088       657.92          1901.46        2313.25         3997.90         4946.81  
    0.094       660.35          1937.16        2301.05         3944.02         4913.38  
    0.100       663.49          1990.80        2272.48         3721.83         4811.60  
    0.106       664.20          1992.97        2467.30         3969.13         4612.37  
    0.113       662.77          2007.62        2396.32         3787.58         4634.58  
    0.119       662.51          2015.16        2251.39         3757.65         4780.05  
    0.125       662.53          1986.63        2353.29         3934.41         4758.35  
    0.131       661.99          1956.14        2569.65         4081.01         4559.00  
    0.138       665.90          1960.18        2635.24         3979.86         4454.74  
    0.144       174.48          1011.20        2158.72         3172.44         4196.81  
    0.150       498.53          1652.94        2578.81         3723.89         5136.77  
    0.156       176.48          1020.71        2217.24         3152.07         4375.62  
    0.163       0          671.24        1995.23         2813.85         3981.93  
    0.169       0          667.86        1960.65         2712.14         3989.59  
    0.175       491.63          1619.26        2457.26         3708.86         4576.54  
    0.181       668.74          1988.89        2735.48         4069.58         4342.73  
    0.188       671.96          2024.68        2548.91         3969.89         4181.27  
    0.194       175.88          1032.73        2136.65         2971.94         4098.57  
    0.200       0          680.16        2004.32         2724.23         4122.37  
    0.206       0          682.25        2021.67         2847.17         4155.91  
    0.213       503.70          1666.98        2653.26         3862.31         4635.46  
    0.219       682.94          1992.11        2771.63         4156.15         4874.97  
    0.225       682.69          1975.14        2640.35         4060.14         4456.41  
    0.231       681.01          1991.81        2801.82         3896.57         4295.71  
    0.238       679.29          1995.70        2844.41         3910.59         4231.61  
    0.244       679.02          2005.23        2853.66         4016.04         4193.26  
    0.250       679.82          2016.13        2894.49         3806.09         4227.64  
    0.256       681.12          2003.62        2929.67         4084.45         4246.95  
    0.263       682.40          1972.08        2901.54         4239.41         4463.33  
    0.269       680.90          1983.43        2660.17         4207.05         4507.60  
    0.275       678.75          1974.26        2581.72         4203.33         4618.08  
    0.281       679.72          1965.68        2687.74         4197.99         5280.69  
    0.288       679.74          1938.64        2739.41         4167.70         5500.00  
    0.294       679.06          1927.96        2585.53         4121.51         4980.22  
    0.300       681.63          1966.27        2529.92         4087.12         5043.07  
    0.306       178.47          1024.38        2146.71         3093.62         4405.31  
    0.312       0          683.74        1998.47         2691.82         4113.75  
    0.319       502.89          1692.64        2366.68         3676.42         5134.34  
    0.325       178.03          1042.29        2190.62         3185.03         4536.59  
    0.331       0          686.11        2067.34         2902.46         4248.94  
    0.338       505.11          1695.10        2432.84         3925.75         4566.53  
    0.344       682.78          2047.55        2480.25         4237.50         4511.47  
    0.350       681.33          2054.25        2487.65         4067.72         4535.59  
    0.356       681.27          2052.33        2656.32         3850.45         4503.93  
    0.363       681.98          2059.55        2558.76         3683.66         4523.04  
    0.369       682.93          2075.83        2387.31         3963.72         4766.14  
    0.375       682.26          1914.19        2309.58         3935.13         4795.58  
    0.381       683.05          1686.53        2306.74         3825.01         4683.42  
    0.388       683.14          1564.44        2365.99         3763.86         4604.78  
    0.394       681.54          1406.87        2380.89         3642.58         4574.09  
    0.400       679.50          1309.10        2424.28         3606.36         4577.01  
    0.406       678.38          1261.45        2526.50         3698.66         5062.89  
    0.413       671.86          1185.37        2544.27         3674.23         5006.61  
    0.419       657.61          1118.40        2563.40         3643.68         4831.06  
    