0.025       603.03          1041.72        2239.71         3579.35         4816.12  
    0.031       647.52          1019.86        2152.99         3569.40         4807.99  
    0.038       678.22          1042.69        2113.05         3545.47         4756.64  
    0.044       692.01          1130.30        2111.75         3553.09         4671.52  
    0.050       679.03          1216.14        2138.91         3551.09         4657.92  
    0.056       655.56          1427.38        2243.39         3534.71         4580.21  
    0.062       634.44          1397.08        2487.77         3521.17         4648.20  
    0.069       629.59          1379.79        2598.21         3609.60         5375.41  
    0.075       605.90          1211.00        2673.90         3620.40         5500.00  
    0.081       618.15          1440.08        2800.25         3663.29         5500.00  
    0.088       628.40          1539.88        2910.47         3667.54         4539.34  
    0.094       631.67          1607.69        2562.05         3613.11         4573.20  
    0.100       644.22          1645.75        2771.72         3630.23         5367.38  
    0.106       96.15          801.71        1773.09         3041.13         4078.25  
    0.113       0          660.42        1566.59         2925.07         3923.03  
    0.119       556.57          1418.41        2692.34         3723.23         5267.84  
    0.125       672.78          1356.59        2633.98         3749.97         5500.00  
    0.131       680.95          1270.16        2674.82         3738.28         5500.00  
    0.138       673.20          1236.49        2659.14         3712.05         5500.00  
    0.144       682.97          1153.19        2557.34         3738.43         5500.00  
    0.150       101.89          762.46        1282.09         2771.56         4007.01  
    0.156       532.90          947.62        2439.48         3519.01         5239.10  
    0.163       554.97          981.52        2734.73         3677.37         5500.00  
    0.169       519.71          973.58        2770.73         3650.55         5500.00  
    0.175       517.19          969.41        2779.11         3629.58         5338.67  
    0.181       516.04          964.62        2763.87         3654.28         5262.05  
    0.188       524.91          962.99        2791.05         3666.81         5463.35  
    0.194       538.13          986.68        2883.75         3672.73         5500.00  
    0.200       537.30          997.49        3081.86         3823.31         5500.00  
    0.206       540.01          985.78        3134.38         4042.45         5500.00  
    0.213       532.84          987.80        3062.67         3966.10         5167.88  
    0.219       525.94          986.03        3033.00         3753.53         4786.85  
    0.225       527.53          975.95        3041.60         3704.77         5385.52  
    0.231       527.67          964.67        2978.56         3703.83         5500.00  
    0.238       526.55          961.45        3011.29         3698.48         5500.00  
    0.244       532.82          969.72        3005.63         3645.44         5500.00  
    0.250       526.49          984.44        2985.62         3691.15         5239.11  
    0.256       518.29          980.30        2994.98         3826.76         5147.04  
    0.263       512.90          985.17        3008.40         3783.46         5023.63  
    0.269       516.01          993.46        3073.13         3709.83         5008.70  
    0.275       518.24          977.63        3125.05         3635.22         4763.04  
    0.281       516.32          956.95        3129.11         3638.11         4660.95  
    0.288       521.06          956.80        3097.20         3665.20         4693.43  
    0.294       525.26          963.41        3096.21         3688.67         4741.57  
    0.300       516.61          967.89        2928.60         3645.22         4629.38  
    0.306       510.16          972.44        2785.62         3593.31         4549.74  
    0.312       513.58          977.16        2776.80         3597.46         4534.44  
    0.319       523.03          985.24        2792.82         3604.86         4500.11  
    0.325       515.06          970.23        2830.93         3642.11         4486.19  
    0.331       502.45          984.47        2909.56         3649.41         4719.23  
    0.338       491.20          1004.51        2834.98         3663.02         4763.50  
    0.344       493.78          1023.02        2794.57         3648.27         4606.86  
    0.350       514.62          1043.04        2778.62         3620.93         4525.72  
    