0.025       609.98          933.41        2548.65         3795.83         5500.00  
    0.031       601.07          935.39        2400.35         3807.84         5500.00  
    0.038       692.43          887.22        2259.19         3801.18         5500.00  
    0.044       733.13          861.81        2196.74         3796.92         5500.00  
    0.050       396.50          838.66        2093.74         3791.63         5500.00  
    0.056       184.95          816.57        2068.21         3756.93         5500.00  
    0.062       12.33          800.01        1961.72         2585.22         3949.36  
    0.069       0          810.48        1954.47         2399.89         3862.83  
    0.075       0          58.69        941.74         1974.61         3833.68  
    0.081       333.72          866.37        2022.20         3713.21         5379.29  
    0.088       26.02          923.28        2168.13         2719.97         3991.12  
    0.094       0          856.69        1823.70         3211.06         3859.44  
    0.100       101.01          880.36        2203.18         3772.32         5381.25  
    0.106       425.92          916.42        2299.61         3854.23         5500.00  
    0.113       462.56          899.49        2356.02         3874.67         5500.00  
    0.119       479.56          890.79        2477.06         3931.88         5500.00  
    0.125       489.20          889.07        2475.39         3931.12         5500.00  
    0.131       517.21          872.53        2316.34         3902.31         5500.00  
    0.138       527.95          908.28        2279.05         3918.79         5238.73  
    0.144       534.29          893.86        2388.79         3944.54         5479.63  
    0.150       528.52          940.72        2402.47         3921.75         5500.00  
    0.156       526.75          963.97        2359.38         3920.73         5156.65  
    0.163       524.69          968.76        2395.05         3960.00         5043.78  
    0.169       514.66          967.07        2521.76         3930.48         5108.15  
    0.175       518.08          955.25        2701.15         3924.81         5472.06  
    0.181       530.20          959.97        2684.76         3917.30         5125.06  
    0.188       577.02          936.01        2448.35         3916.67         4875.30  
    0.194       564.52          946.16        2408.53         3957.54         4844.92  
    0.200       540.60          972.59        2470.28         3939.92         4967.67  
    0.206       563.03          970.04        2818.82         3976.75         5462.19  
    0.213       531.37          982.23        3020.94         3910.96         5500.00  
    0.219       514.45          979.82        2996.54         3798.18         5500.00  
    0.225       512.47          995.62        3083.32         3792.04         5500.00  
    0.231       505.38          991.75        3149.61         3816.18         5206.69  
    0.238       500.59          984.32        3086.49         3846.54         5122.06  
    0.244       500.59          974.18        3074.49         3872.95         5084.99  
    0.250       499.87          973.14        3141.51         3849.15         5469.80  
    0.256       496.98          970.65        3137.03         3820.68         5256.45  
    0.263       500.84          953.40        3082.88         3810.87         5003.33  
    0.269       497.32          968.17        3099.42         3828.98         4922.25  
    0.275       492.10          975.58        3118.16         3849.68         4923.97  
    0.281       487.48          979.83        3130.54         3840.56         4964.88  
    0.288       496.94          970.94        3184.46         3834.86         5003.14  
    0.294       511.31          954.21        3269.06         3837.76         4983.19  
    0.300       499.21          962.69        3319.87         3824.33         5096.93  
    0.306       488.84          965.08        3055.58         3847.14         4986.34  
    0.312       484.93          965.40        3062.33         3821.99         4978.98  
    0.319       488.88          967.22        3050.37         3848.20         5023.12  
    0.325       489.89          965.12        3110.73         3862.43         5024.55  
    0.331       491.36          965.47        3270.53         3856.20         5054.73  
    0.338       492.31          969.65        3314.22         3846.62         5002.21  
    0.344       488.82          961.74        3246.96         3857.80         5377.97  
    0.350       478.36          954.03        3192.48         3851.22         5010.98  
    0.356       468.25          947.35        3048.60         3837.29         4919.56  
    0.363       449.26          941.19        3006.28         3836.63         4967.73  
    0.369       451.78          950.40        2999.86         3843.43         5070.80  
    0.375       445.45          935.92        3043.09         3843.82         5469.51  
    0.381       418.95          899.61        3124.28         3842.60         5500.00  
    