0.025       703.34          966.98        2159.09         3763.50         4564.12  
    0.031       717.35          922.62        2157.43         3668.81         4566.58  
    0.038       691.76          1107.52        2164.24         3646.43         4582.31  
    0.044       687.03          1118.37        2145.90         3691.97         4576.10  
    0.050       219.93          342.96        1168.79         2623.31         3952.29  
    0.056       0          493.48        1670.90         2863.95         3964.11  
    0.062       0          736.78        2115.59         3267.45         4114.36  
    0.069       0          747.89        2120.12         3366.28         4193.52  
    0.075       0          736.26        2138.51         3546.88         4300.76  
    0.081       482.33          1118.95        2165.31         3655.91         4446.73  
    0.088       692.27          1330.33        2167.36         3617.99         4503.99  
    0.094       217.88          896.17        2143.60         3069.43         4205.03  
    0.100       0          692.99        2126.50         2692.11         4043.85  
    0.106       0          691.08        2143.09         2533.46         4023.84  
    0.113       465.32          1369.94        2146.19         3541.55         4347.21  
    0.119       672.66          1472.73        2140.08         3815.98         4492.24  
    0.125       666.51          1411.00        2140.50         3682.70         4451.66  
    0.131       662.15          1602.89        2137.62         3873.19         4286.09  
    0.138       657.23          1770.48        2145.25         3967.61         4442.37  
    0.144       208.46          1026.21        2147.92         2830.67         4231.56  
    0.150       450.22          1550.77        2153.35         3292.43         4136.85  
    0.156       656.87          1851.78        2187.23         3743.80         4193.96  
    0.163       208.35          1031.42        2129.20         2919.72         4105.30  
    0.169       0          679.78        2033.71         2559.53         4049.33  
    0.175       0          671.81        2007.48         2543.47         4046.80  
    0.181       0          673.57        2001.25         2554.58         4068.62  
    0.188       0          681.22        1996.41         2551.79         4068.92  
    0.194       0          681.20        2026.29         2476.13         4045.35  
    0.200       0          693.01        2013.80         2475.63         4033.25  
    0.206       0          694.86        2066.43         2259.47         4019.15  
    0.213       471.58          1313.71        2137.09         3218.84         4416.21  
    0.219       706.76          1534.20        2183.92         3656.43         4692.87  
    0.225       722.34          1491.69        2189.73         3651.89         4662.40  
    0.231       731.37          1519.30        2192.08         3748.38         4625.87  
    0.238       733.34          1561.90        2190.62         3834.75         4610.47  
    0.244       712.26          1540.27        2179.55         3747.73         4638.30  
    0.250       690.75          1566.81        2167.73         3696.59         4527.46  
    0.256       683.28          1770.38        2132.63         3775.87         4302.69  
    0.263       678.36          1889.17        2103.70         3812.34         4295.12  
    0.269       675.71          1999.99        2116.71         3649.25         4298.40  
    0.275       675.75          1930.99        2088.15         3636.53         4272.16  
    0.281       702.05          1734.34        2073.65         3561.18         4280.41  
    0.288       730.68          1526.82        2100.06         3521.24         4380.45  
    