0.025       496.59          1604.07        2336.44         3402.30         4534.58  
    0.031       54.16          692.92        1930.54         3019.84         4469.11  
    0.038       0          646.97        1693.12         2929.09         4247.51  
    0.044       0          672.02        1777.93         2885.79         4034.27  
    0.050       0          696.94        1956.74         2730.08         3886.15  
    0.056       651.93          1308.42        2357.48         3687.19         5322.31  
    0.062       79.81          857.86        2285.20         2595.39         4206.72  
    0.069       0          834.91        2222.21         2508.70         3963.66  
    0.075       751.18          869.89        2564.58         2775.34         4516.28  
    0.081       846.89          1124.02        2602.02         3015.92         4667.96  
    0.088       848.39          1191.12        2624.57         3136.62         4722.78  
    0.094       849.16          1169.51        2615.80         3234.75         4854.88  
    0.100       862.72          1240.17        2627.61         3155.32         4795.93  
    0.106       885.99          1264.44        2595.29         3111.48         4742.96  
    0.113       896.71          1315.53        2585.63         3204.96         4702.71  
    0.119       916.24          1393.37        2579.72         3546.61         4516.71  
    0.125       940.39          1498.00        2590.60         3852.59         4014.95  
    0.131       947.85          1651.90        2651.35         3498.49         3957.31  
    0.138       957.58          1635.00        2639.87         3708.21         4585.92  
    0.144       104.57          1036.48        1803.21         2831.42         3908.42  
    0.150       0          950.22        1707.87         2696.58         3813.37  
    0.156       844.90          1626.52        2600.24         3708.04         4651.01  
    0.163       946.18          1743.46        2704.18         3943.39         4490.54  
    0.169       103.17          1050.40        1827.71         2843.45         4039.37  
    0.175       0          975.56        1725.27         2764.31         4031.15  
    0.181       843.65          1583.96        2611.09         3746.40         4100.54  
    0.188       929.12          1638.27        2647.10         4031.87         4154.12  
    0.194       918.96          1684.34        2713.49         4071.42         5353.81  
    0.200       100.12          1006.24        1855.09         2901.83         4212.56  
    0.206       0          940.85        1803.19         2777.67         4022.61  
    0.213       0          943.98        1776.24         2733.73         4004.88  
    0.219       0          923.08        1688.51         2754.15         3994.43  
    0.225       0          918.00        1701.58         2798.57         4018.27  
    0.231       0          912.34        1744.37         2800.04         3986.93  
    0.238       0          903.70        1753.42         2769.40         4015.12  
    0.244       0          903.93        1740.54         2612.79         4020.24  
    0.250       0          904.00        1684.15         2390.51         3964.65  
    0.256       811.92          1608.91        2075.06         3689.59         5331.79  
    0.263       926.13          1614.04        2100.94         3922.63         5500.00  
    0.269       101.21          992.12        1795.05         2340.40         4142.38  
    