0.025       657.69          1102.41        2746.75         3519.50         4374.83  
    0.031       679.53          1106.21        2665.54         3474.30         4314.70  
    0.038       696.07          1067.89        2620.26         3466.16         4333.83  
    0.044       718.86          1021.21        2672.02         3487.76         4230.17  
    0.050       755.46          1001.07        2673.56         3467.84         4226.03  
    0.056       757.52          1009.11        2614.98         3442.37         4270.92  
    0.062       794.56          992.30        2581.83         3446.40         4334.07  
    0.069       768.50          1051.92        2617.65         3469.36         4398.34  
    0.075       761.61          1100.11        2620.45         3476.09         4445.50  
    0.081       784.47          1118.72        2622.22         3479.85         4514.52  
    0.088       777.92          1245.62        2630.11         3535.16         4480.61  
    0.094       767.69          1223.43        2626.74         3498.77         4560.31  
    0.100       739.31          1254.81        2580.10         3450.70         4647.17  
    0.106       742.23          1353.69        2537.23         3430.25         4657.96  
    0.113       730.61          1305.64        2581.56         3411.86         4640.21  
    0.119       719.32          1160.32        2669.10         3431.12         4614.11  
    0.125       723.28          1163.59        2683.31         3426.19         4544.20  
    0.131       730.19          1052.18        2674.02         3429.32         4556.44  
    0.138       717.85          1007.73        2661.26         3397.71         4613.25  
    0.144       24.56          34.46        768.53         2671.93         3430.76  
    0.150       514.94          667.67        2578.07         3365.68         4527.53  
    0.156       687.72          825.40        2670.54         3395.00         4613.87  
    0.163       23.74          28.42        758.29         2787.10         3526.37  
    0.169       655.59          1014.87        2750.17         3505.20         4217.93  
    0.175       674.15          998.20        2777.95         3424.17         4435.19  
    0.181       696.79          965.19        2800.26         3451.36         4237.67  
    