0.025       645.92          722.66        2990.53         4189.61         4786.06  
    0.031       627.73          794.90        2955.18         4013.65         4721.47  
    0.038       620.64          916.88        2843.98         4243.29         4728.26  
    0.044       620.33          1000.79        2792.29         4309.33         4773.12  
    0.050       622.04          894.14        2656.11         3983.18         4658.09  
    0.056       60.81          649.17        2184.82         3202.92         4552.68  
    0.062       0          627.59        1983.94         3313.43         4620.69  
    0.069       0          629.65        1980.45         3336.21         4929.31  
    0.075       0          632.84        1981.19         3371.46         4961.19  
    0.081       0          645.82        1965.65         3269.76         4363.56  
    0.088       598.67          741.80        2669.30         4276.36         4515.01  
    0.094       672.85          883.63        2790.80         4248.93         5406.02  
    0.100       682.94          881.06        2799.42         4256.49         5500.00  
    0.106       704.74          789.23        2805.12         4324.13         5200.97  
    0.113       672.67          782.39        2864.51         4352.70         4933.06  
    0.119       606.91          819.93        2935.65         4255.40         4923.80  
    0.125       591.53          824.15        2950.11         4215.20         5011.23  
    0.131       591.34          823.40        2926.49         4197.92         4972.42  
    0.138       595.40          828.69        2957.56         4267.17         5107.16  
    0.144       600.08          835.25        3004.11         4301.39         5028.59  
    0.150       605.18          837.29        3027.64         4244.54         4946.03  
    0.156       608.21          841.50        3047.93         4279.35         4932.67  
    0.163       609.62          839.46        3078.56         4299.97         4922.73  
    0.169       620.15          847.20        3027.43         4225.94         4971.33  
    0.175       637.37          837.39        3001.88         4444.48         5053.55  
    0.181       637.00          843.32        2997.46         4504.47         5034.64  
    0.188       637.64          863.39        3011.85         4281.32         4952.94  
    0.194       639.10          877.58        3047.40         4453.35         4978.14  
    0.200       638.32          891.65        3068.53         4635.64         4933.50  
    0.206       640.18          892.62        3060.68         4630.48         5222.35  
    0.213       648.15          891.83        3028.52         4690.28         5475.98  
    0.219       655.99          902.22        3030.02         4703.43         5033.94  
    0.225       662.31          907.87        3026.01         4197.85         5012.52  
    0.231       664.82          918.70        2977.48         4161.88         5019.01  
    0.238       664.74          916.75        2950.75         4593.70         4916.43  
    0.244       659.19          923.39        2929.72         4613.47         4975.31  
    0.250       654.59          916.46        2903.40         4134.62         5029.51  
    0.256       664.13          895.91        2824.18         4316.03         5017.22  
    0.263       661.03          892.87        2793.06         4524.89         5020.98  
    0.269       646.75          898.13        2875.00         4260.49         5020.22  
    0.275       654.17          903.91        2907.80         4510.54         5025.68  
    0.281       658.79          905.54        2886.60         4020.30         4989.23  
    