0.025       683.11          1141.65        2908.26         3675.05         4666.51  
    0.031       647.29          895.57        2706.87         3749.76         4663.68  
    0.038       295.51          907.63        2696.60         3715.37         4705.54  
    0.044       18.86          63.76        1119.01         2848.40         3737.81  
    0.050       404.72          976.32        2696.96         3630.82         4617.25  
    0.056       625.41          1011.83        2887.68         3740.21         4649.84  
    0.062       711.15          834.41        2803.89         3690.36         4644.66  
    0.069       629.21          1026.32        2736.72         3689.98         4667.56  
    0.075       594.39          1056.38        2742.50         3668.83         4708.31  
    0.081       597.52          1062.38        2789.84         3670.68         4675.75  
    0.088       579.76          1075.96        2750.57         3694.22         4632.51  
    0.094       577.10          1081.23        2765.36         3645.69         4673.18  
    0.100       560.96          1092.37        2794.58         3619.63         4651.92  
    0.106       564.51          1093.69        2798.57         3621.12         4609.46  
    0.113       556.88          1089.19        2765.13         3638.31         4674.95  
    0.119       554.25          1096.33        2785.19         3637.50         4772.19  
    0.125       562.89          1093.08        2776.56         3597.52         4652.83  
    0.131       590.90          1087.64        2809.66         3629.74         4676.41  
    0.138       593.54          1092.26        2823.73         3634.82         4738.31  
    0.144       579.96          1083.87        2793.42         3614.71         4785.07  
    0.150       585.74          1082.05        2803.28         3651.90         4785.77  
    0.156       592.74          1067.43        2783.33         3679.22         4838.61  
    0.163       589.06          1049.35        2766.16         3629.27         4767.27  
    0.169       601.12          1043.17        2699.96         3618.82         4812.88  
    0.175       590.17          1046.88        2772.60         3620.34         4831.39  
    0.181       581.66          1049.48        2797.41         3616.86         4897.08  
    0.188       571.59          1015.88        2819.47         3614.14         4969.88  
    0.194       597.68          1004.45        2831.05         3626.91         4998.61  
    