0.025       737.31          1328.58        2518.46         3647.45         4868.59  
    0.031       746.81          1320.42        2463.46         3654.74         4864.07  
    0.038       746.13          1366.32        2407.95         3746.60         4837.96  
    0.044       693.81          1484.53        2489.94         3858.69         4760.79  
    0.050       680.43          1575.11        2504.36         3925.72         4701.24  
    0.056       689.43          1636.47        2473.64         3905.04         4682.22  
    0.062       707.15          1650.73        2449.32         3788.41         4605.06  
    0.069       718.22          1741.78        2479.61         3925.70         4558.20  
    0.075       711.94          1785.46        2502.08         4122.49         5357.73  
    0.081       716.81          1753.40        2548.64         4155.21         5500.00  
    0.088       713.93          1803.42        2568.67         4157.82         5500.00  
    0.094       107.06          885.09        2019.86         2884.91         4417.02  
    0.100       597.93          1678.48        2510.60         3972.02         5308.72  
    0.106       690.15          1887.76        2595.91         4198.47         5500.00  
    0.113       103.25          863.32        1956.91         2869.89         4428.28  
    0.119       563.28          1656.89        2529.31         3982.35         5310.70  
    0.125       653.05          1844.97        2643.81         4074.13         5013.11  
    0.131       652.69          1804.26        2661.65         4063.66         4630.10  
    0.138       643.27          1779.67        2607.71         3685.47         4530.63  
    0.144       641.61          1811.53        2463.44         3595.06         4546.31  
    0.150       652.25          1902.80        2468.70         3626.84         4557.28  
    0.156       659.38          1991.48        2328.46         3602.58         4540.92  
    0.163       664.33          1948.76        2063.53         3586.10         4548.55  
    0.169       664.65          1974.19        2023.22         3573.20         4529.22  
    0.175       650.93          2002.36        2062.55         3578.42         4497.28  
    0.181       651.15          1739.15        2019.03         3593.62         4504.34  
    0.188       653.98          1627.24        2035.25         3593.02         4508.17  
    0.194       654.47          1632.66        2036.81         3564.64         4525.12  
    0.200       657.61          1569.40        2036.23         3568.80         4544.78  
    0.206       668.57          1479.21        2049.28         3584.21         4561.58  
    0.213       675.00          1389.05        2102.36         3590.65         4579.27  
    0.219       679.57          1406.72        2149.87         3591.13         4575.80  
    0.225       683.97          1350.03        2197.12         3608.39         4566.06  
    0.231       643.64          1201.52        2301.37         3611.52         4626.82  
    0.238       659.91          1183.20        2438.95         3647.06         4820.69  
    0.244       624.91          1156.83        2343.30         3666.16         4675.02  
    0.250       576.76          1083.03        2199.03         3670.97         4696.82  
    0.256       551.61          974.08        2626.24         3648.82         4797.80  
    0.263       522.61          993.13        2958.11         3670.26         4934.99  
    