0.025       568.55          990.84        2281.52         3736.86         4544.79  
    0.031       572.31          975.91        2304.33         3711.27         4598.34  
    0.038       580.65          970.72        2286.11         3680.00         4565.82  
    0.044       593.49          932.77        2240.75         3617.44         4534.90  
    0.050       616.07          906.55        2241.37         3572.01         4568.73  
    0.056       615.85          920.64        2261.20         3561.50         4600.25  
    0.062       616.36          933.45        2279.21         3552.70         4503.33  
    0.069       624.46          906.99        2267.23         3543.57         4356.60  
    0.075       632.32          912.49        2248.85         3561.84         4348.81  
    0.081       636.63          949.94        2247.61         3561.26         4401.90  
    0.088       630.07          966.56        2240.17         3534.76         4374.87  
    0.094       632.16          954.91        2243.36         3515.52         4200.32  
    0.100       638.72          999.58        2249.11         3526.82         4396.32  
    0.106       638.65          1022.28        2250.16         3512.80         4367.25  
    0.113       630.34          1052.42        2246.72         3515.93         4325.99  
    0.119       621.46          1083.17        2246.75         3508.16         4302.43  
    0.125       629.15          1098.18        2254.66         3525.81         4266.06  
    0.131       633.40          1119.52        2257.45         3525.49         4337.44  
    0.138       632.14          1121.83        2263.18         3503.28         4366.90  
    0.144       642.55          1111.91        2260.91         3529.81         4402.86  
    0.150       651.22          1147.43        2263.44         3545.43         4434.48  
    0.156       661.01          1147.59        2264.64         3589.35         4548.81  
    0.163       656.76          1168.02        2266.02         3571.06         4538.09  
    0.169       651.47          1196.96        2266.61         3541.68         4465.53  
    0.175       666.39          1179.54        2260.45         3512.62         4446.52  
    0.181       666.41          1151.36        2260.10         3512.07         4471.59  
    0.188       659.77          1186.47        2278.15         3463.04         4449.87  
    0.194       685.07          1110.56        2281.95         3461.84         4452.20  
    0.200       687.40          1077.81        2286.61         3494.80         4399.02  
    0.206       677.00          1109.36        2292.96         3484.45         4421.63  
    0.213       675.55          1093.15        2304.16         3482.83         4419.24  
    0.219       669.56          1132.42        2312.30         3452.86         4427.18  
    0.225       672.50          1068.40        2299.09         3461.60         4392.68  
    0.231       687.78          1028.18        2291.16         3486.09         4398.07  
    0.238       686.16          980.72        2281.56         3479.73         4487.56  
    0.244       679.26          846.25        2279.55         3491.05         4481.92  
    0.250       667.07          963.96        2279.01         3498.18         4495.59  
    0.256       668.97          992.06        2284.20         3490.79         4451.91  
    0.263       646.96          1035.78        2301.09         3463.69         4432.63  
    0.269       641.55          1039.16        2321.98         3462.27         4416.21  
    