0.025       464.10          1400.06        2646.77         3448.15         4577.58  
    0.031       473.70          1456.39        2510.92         3474.66         4564.99  
    0.038       503.58          1613.17        2335.62         3490.31         4565.54  
    0.044       214.66          1067.58        2033.11         3209.40         4484.43  
    0.050       0          656.18        1785.96         2972.38         4287.30  
    0.056       0          687.24        1811.27         2905.41         4097.98  
    0.062       0          706.75        1995.95         2743.10         3969.60  
    0.069       0          732.22        1906.80         2458.24         3936.22  
    0.075       471.55          1134.79        2145.81         3332.37         4555.27  
    0.081       331.67          1073.96        2160.62         3122.10         4401.70  
    0.088       400.37          840.47        2311.86         2759.18         4295.06  
    0.094       775.09          1059.89        2548.93         3227.24         4566.85  
    0.100       844.71          1222.99        2594.60         3467.62         4642.36  
    0.106       845.47          1204.26        2619.00         3523.54         4797.82  
    0.113       853.96          1272.61        2642.16         3443.11         4755.15  
    0.119       873.59          1314.58        2621.97         3330.82         4661.61  
    0.125       877.11          1330.91        2592.42         3488.47         4631.22  
    0.131       882.92          1356.62        2555.75         3797.79         4614.73  
    0.138       905.91          1423.80        2516.84         3971.87         4853.28  
    0.144       378.80          1150.01        2079.33         3176.77         4423.54  
    0.150       545.04          1342.95        2213.10         3291.30         4490.87  
    0.156       922.07          1682.21        2617.16         3852.37         5224.36  
    0.163       905.79          1682.85        2651.13         3910.54         5500.00  
    0.169       370.58          1215.40        2113.56         3212.31         4656.87  
    0.175       530.20          1364.67        2279.81         3502.30         4906.98  
    0.181       372.92          1239.51        2095.84         3253.68         4657.13  
    0.188       0          928.91        1781.03         2768.24         4134.97  
    0.194       0          921.63        1809.41         2802.95         4256.55  
    0.200       527.94          1372.43        2269.65         3317.64         4413.21  
    0.206       893.67          1744.13        2675.89         3980.53         5082.05  
    0.213       890.93          1784.19        2711.28         4140.77         5500.00  
    0.219       368.23          1275.37        2245.94         3341.63         4666.67  
    0.225       0          918.44        1894.38         2755.97         4065.67  
    0.231       0          911.80        1802.72         2806.13         4056.20  
    0.238       0          906.12        1776.52         2892.00         4090.34  
    0.244       0          900.09        1802.32         2902.97         4075.16  
    0.250       0          894.04        1832.65         2872.41         4101.65  
    0.256       0          896.58        1844.28         2761.32         4105.76  
    0.263       0          899.07        1831.48         2638.69         4025.31  
    0.269       0          908.86        1871.11         2689.61         3941.14  
    0.275       0          929.99        1958.62         2637.57         3933.12  
    0.281       0          929.80        1991.11         2490.26         3964.16  
    0.288       0          919.47        2000.99         2669.09         3999.46  
    0.294       0          921.69        2001.16         2965.64         4183.64  
    