0.025       690.45          1804.33        2173.81         3508.37         4983.60  
    0.031       690.12          1900.14        2155.52         3550.27         4989.42  
    0.038       688.88          1999.03        2130.20         3676.06         4971.15  
    0.044       690.13          2045.55        2134.00         3825.81         4943.75  
    0.050       691.54          2064.65        2307.80         4002.10         5225.80  
    0.056       689.62          2036.81        2610.56         3936.84         5082.77  
    0.062       687.65          2039.52        2503.37         3729.70         4731.17  
    0.069       689.21          2048.40        2245.61         3775.58         4826.00  
    0.075       693.70          2022.28        2257.91         3902.11         4897.50  
    0.081       700.11          1984.63        2297.37         3951.38         4887.24  
    0.088       709.72          2001.86        2311.94         3865.30         4856.00  
    0.094       721.53          2017.72        2418.42         3907.00         4775.34  
    0.100       729.41          2003.60        2524.92         4234.38         4609.36  
    0.106       731.87          2020.31        2465.53         4056.95         4621.62  
    0.113       735.26          2021.22        2424.80         3798.57         4752.08  
    0.119       728.35          1986.55        2525.35         4019.54         4693.50  
    0.125       716.68          1963.80        2596.11         4031.93         4640.69  
    0.131       724.42          1969.14        2644.51         3976.86         4640.08  
    0.138       740.19          1992.39        2750.65         4078.93         5061.91  
    0.144       741.17          2005.85        2710.23         4067.29         5500.00  
    0.150       737.19          2014.65        2711.63         4027.67         5500.00  
    0.156       735.27          2007.02        2749.39         4033.99         5500.00  
    0.163       726.91          1978.48        2643.43         4037.78         5238.10  
    0.169       722.00          1976.99        2628.47         4079.40         4868.10  
    0.175       725.40          2005.72        2675.74         4154.37         4480.48  
    0.181       731.14          2034.59        2658.88         4134.05         4873.28  
    0.188       734.54          2038.70        2644.28         4107.17         5500.00  
    0.194       359.39          1368.62        2340.71         3484.34         4824.55  
    0.200       372.60          1394.40        2438.43         3542.85         4639.82  
    0.206       729.80          2023.87        2772.18         4185.64         4832.13  
    0.213       729.05          2017.75        2669.96         4150.09         4599.80  
    0.219       725.51          2014.54        2681.89         4180.11         4483.71  
    0.225       718.44          2020.28        2772.68         4206.62         4321.29  
    0.231       711.83          2029.24        2784.42         4210.04         4269.43  
    0.238       708.76          2043.38        2782.32         4230.88         4252.61  
    0.244       707.77          2050.28        2797.52         4167.47         4280.96  
    0.250       708.18          2027.25        2763.68         4181.92         4338.90  
    0.256       707.84          2004.63        2649.55         4150.72         4513.19  
    0.263       705.56          2001.85        2519.44         4059.65         4691.01  
    0.269       706.03          2001.60        2525.89         4123.98         4682.38  
    0.275       709.89          1996.31        2654.50         4186.85         4715.95  
    0.281       711.43          1977.45        2698.75         4165.50         4797.38  
    0.288       714.64          1965.72        2571.26         4078.68         4767.99  
    0.294       724.91          1990.06        2581.96         4054.24         4863.64  
    0.300       731.47          2005.87        2670.84         4092.94         5078.90  
    0.306       731.29          1998.29        2628.56         4077.63         5333.94  
    0.312       736.61          2024.64        2583.76         4064.31         5500.00  
    0.319       745.72          2059.95        2675.23         4172.61         5500.00  
    0.325       747.33          2057.42        2713.90         4260.34         5500.00  
    0.331       742.46          2031.80        2567.15         4253.86         5083.91  
    0.338       738.20          2018.36        2510.89         4210.80         4716.75  
    0.344       735.89          2023.27        2592.00         4261.16         4605.53  
    0.350       735.55          2026.20        2650.24         4281.97         4491.29  
    0.356       738.86          2032.57        2650.52         4319.34         4523.43  
    0.363       741.89          2043.28        2578.57         4278.87         4939.24  
    0.369       741.15          1991.48        2393.60         4004.75         5012.71  
    0.375       742.17          1850.29        2293.62         3846.21         4674.38  
    0.381       742.60          1650.18        2328.42         3756.34         4659.70  
    0.388       741.48          1429.70        2336.72         3649.52         4674.46  
    0.394       739.80          1294.63        2369.55         3633.13         4736.98  
    