0.025       0          467.44        1527.08         3049.44         4423.87  
    0.031       0          488.71        1647.86         3140.39         4512.08  
    0.038       0          560.59        1614.34         3136.24         4552.69  
    0.044       0          632.08        1647.61         3021.28         4546.65  
    0.050       0          638.31        1813.52         3042.64         4574.18  
    0.056       0          622.19        1867.41         3105.98         4557.41  
    0.062       0          288.75        1215.99         2505.06         3802.43  
    0.069       0          0        638.34         2026.21         3258.58  
    0.075       360.16          589.50        1451.83         2920.78         4071.42  
    0.081       314.00          904.03        2181.04         3584.36         4651.75  
    0.088       0          757.43        2301.48         3300.92         4418.07  
    0.094       0          804.94        2372.18         2929.19         4103.51  
    0.100       0          838.03        2224.27         2708.10         3957.48  
    0.106       449.67          995.72        2369.47         3307.79         4441.92  
    0.113       837.20          1259.68        2622.69         3670.55         4744.09  
    0.119       836.63          1350.78        2629.92         3467.12         4562.80  
    0.125       849.86          1219.08        2608.03         3847.68         4677.60  
    0.131       847.20          1103.45        2589.10         3882.19         4736.81  
    0.138       844.89          1111.13        2568.75         3533.47         4672.14  
    0.144       855.12          1148.38        2549.11         3590.33         4690.35  
    0.150       857.66          1161.87        2534.94         3772.15         4697.55  
    0.156       855.59          1157.15        2534.50         3854.47         4711.88  
    0.163       858.15          1161.25        2567.15         3867.55         4685.31  
    0.169       858.66          1186.97        2610.98         3864.24         4650.87  
    0.175       856.19          1201.48        2621.30         3854.26         4689.29  
    0.181       853.37          1186.65        2621.17         3841.30         4756.31  
    0.188       851.85          1181.99        2642.85         3835.46         4768.28  
    0.194       849.89          1199.03        2658.71         3836.76         4755.59  
    0.200       844.81          1219.19        2652.62         3803.35         4785.10  
    0.206       838.84          1227.21        2642.59         3739.95         4871.01  
    0.213       827.69          1214.32        2581.38         3781.73         5099.13  
    0.219       830.41          1220.71        2555.41         3833.93         5384.37  
    0.225       832.93          1235.15        2571.22         3791.81         5500.00  
    0.231       834.72          1267.64        2604.30         3800.02         5500.00  
    0.238       836.05          1274.75        2692.53         3890.84         4829.27  
    0.244       825.08          1216.64        2749.79         3619.25         4294.23  
    0.250       821.58          1187.35        2758.12         3412.02         4317.61  
    0.256       827.83          1175.67        2742.68         3387.79         4340.01  
    0.263       816.96          1150.11        2736.94         3612.23         4296.90  
    0.269       811.39          1147.64        2749.51         3817.16         4242.57  
    0.275       844.03          1197.33        2747.49         3715.97         4450.12  
    0.281       878.42          1248.99        2726.32         3680.52         4636.09  
    0.288       900.12          1332.51        2764.59         3757.00         4503.96  
    0.294       894.40          1310.72        2783.52         4024.72         4406.24  
    0.300       864.66          1244.59        2722.96         3991.80         4558.48  
    0.306       845.51          1256.61        2698.80         3838.17         4721.92  
    0.312       835.54          1255.86        2734.67         3829.04         4802.13  
    