0.025       0          925.33        1769.56         2752.69         3779.77  
    0.031       0          941.93        1800.58         2548.21         3803.01  
    0.038       0          933.72        1752.87         2218.42         3817.22  
    0.044       0          928.35        1729.90         2179.24         3798.18  
    0.050       0          943.41        1863.13         2540.90         3785.07  
    0.056       0          935.82        1959.57         2493.90         3732.75  
    0.062       0          935.58        1935.53         2590.75         3800.49  
    0.069       0          974.45        1957.25         2631.55         3816.30  
    0.075       0          1004.71        1957.55         2971.04         3772.39  
    0.081       743.91          1021.45        2058.26         3744.00         5390.51  
    0.088       859.53          1021.08        2114.01         3793.80         5500.00  
    0.094       54.66          64.59        1069.73         2211.55         3895.29  
    0.100       524.77          936.69        2066.24         3671.52         5265.56  
    0.106       626.31          1006.35        2212.34         3806.23         5491.49  
    0.113       489.18          991.84        2164.76         3816.59         5500.00  
    0.119       30.34          62.69        1053.22         2249.43         3943.78  
    0.125       476.60          916.61        2129.01         3757.57         5394.90  
    0.131       585.73          965.74        2176.19         3866.94         5500.00  
    0.138       633.40          975.14        2172.93         3879.68         5500.00  
    0.144       559.24          960.36        2199.05         3870.38         5500.00  
    0.150       407.11          969.95        2235.77         3875.61         5500.00  
    0.156       518.20          984.09        2239.67         3894.68         5500.00  
    0.163       488.22          978.45        2213.28         3905.62         5500.00  
    0.169       506.94          981.72        2300.35         3893.60         5500.00  
    0.175       464.12          950.52        2441.56         3883.04         5500.00  
    0.181       604.13          943.27        2512.24         3855.59         5500.00  
    0.188       612.58          928.98        2256.73         3862.19         5500.00  
    0.194       645.65          933.42        2225.29         3875.13         5500.00  
    0.200       641.73          974.44        2242.38         3873.63         5312.92  
    0.206       613.13          945.18        2333.08         3847.24         5487.37  
    0.213       627.09          954.78        2559.71         3820.78         5500.00  
    0.219       572.33          1037.35        2811.91         3785.71         5500.00  
    0.225       556.74          1052.70        2871.96         3777.17         5500.00  
    0.231       533.57          1049.65        3075.04         3770.37         5295.93  
    0.238       522.20          1046.47        3077.98         3789.71         5191.31  
    0.244       520.31          1042.47        3079.09         3820.66         5150.63  
    0.250       517.33          1038.71        3102.45         3819.46         5477.75  
    0.256       512.04          1042.49        3135.00         3786.65         5500.00  
    0.263       511.63          1027.97        3130.90         3782.28         5500.00  
    0.269       510.96          1026.69        3118.43         3776.10         5500.00  
    0.275       502.67          1032.04        3119.64         3807.47         5116.37  
    0.281       494.61          1029.52        3105.88         3815.77         5018.77  
    0.288       498.09          1020.15        3135.71         3772.07         5069.98  
    0.294       523.54          1009.21        3217.84         3776.75         5158.80  
    0.300       520.37          998.97        3345.39         3791.10         5478.78  
    0.306       502.83          999.24        3256.93         3827.00         5189.42  
    0.312       499.05          997.05        3167.68         3795.03         5094.65  
    0.319       496.92          1003.46        3178.12         3817.73         5249.84  
    0.325       500.96          995.51        3154.55         3846.05         5280.89  
    0.331       497.34          995.64        3280.14         3864.22         5486.22  
    