0.025       608.42          1144.47        2310.37         3608.95         4478.08  
    0.031       608.48          1143.97        2289.07         3601.97         4470.32  
    0.038       611.05          1143.11        2255.08         3575.48         4452.09  
    0.044       617.59          1154.41        2249.88         3552.86         4426.66  
    0.050       621.81          1167.36        2262.61         3553.68         4398.09  
    0.056       623.48          1164.35        2262.57         3563.59         4339.72  
    0.062       626.83          1151.33        2253.38         3571.22         4307.59  
    0.069       631.63          1164.22        2245.06         3576.94         4313.07  
    0.075       635.67          1191.97        2237.46         3570.04         4304.09  
    0.081       635.42          1202.43        2232.35         3561.80         4278.77  
    0.088       637.27          1200.33        2235.26         3559.00         4181.46  
    0.094       644.77          1208.19        2241.58         3551.90         4156.85  
    0.100       650.79          1232.09        2243.55         3543.30         4232.39  
    0.106       651.80          1244.15        2241.61         3542.86         4270.46  
    0.113       653.38          1261.65        2241.40         3537.67         4249.00  
    0.119       659.44          1292.98        2243.29         3539.15         4202.56  
    0.125       665.20          1321.34        2248.51         3532.93         4245.06  
    0.131       671.15          1322.40        2254.17         3528.91         4320.37  
    0.138       678.88          1323.46        2257.24         3544.70         4350.75  
    0.144       683.90          1338.91        2260.90         3559.37         4362.65  
    0.150       685.61          1356.17        2262.01         3558.84         4364.58  
    0.156       684.99          1390.23        2264.00         3548.27         4364.80  
    0.163       690.65          1418.19        2264.69         3536.44         4324.62  
    0.169       701.70          1400.77        2261.03         3521.35         4281.44  
    0.175       702.24          1374.51        2261.43         3498.31         4300.76  
    0.181       698.26          1359.19        2273.75         3454.24         4343.61  
    0.188       706.17          1338.40        2281.27         3449.91         4346.21  
    0.194       711.47          1331.91        2287.26         3470.89         4326.45  
    0.200       709.83          1327.09        2293.99         3463.87         4321.02  
    0.206       702.68          1313.32        2302.33         3444.95         4314.89  
    0.213       696.99          1318.77        2308.67         3437.70         4304.88  
    0.219       697.62          1337.35        2301.85         3456.33         4318.61  
    0.225       696.92          1342.43        2293.25         3469.36         4316.97  
    0.231       691.00          1342.08        2281.95         3469.14         4252.33  
    0.238       682.03          1326.24        2278.71         3477.29         4209.16  
    0.244       677.50          1287.08        2279.10         3480.54         4233.98  
    