0.025       612.22          983.20        2609.48         4177.15         5136.10  
    0.031       609.05          977.54        2632.83         4222.18         5356.59  
    0.038       601.42          970.43        2652.29         4180.80         5232.56  
    0.044       590.87          960.32        2652.00         4032.69         5032.20  
    0.050       580.91          952.54        2644.54         4014.51         4927.48  
    0.056       571.14          934.05        2632.82         3998.24         4856.59  
    0.062       567.24          915.42        2621.45         4076.31         4757.80  
    0.069       568.67          907.23        2618.49         4183.13         4813.15  
    0.075       572.39          907.53        2645.84         4169.87         4959.15  
    0.081       580.20          909.16        2641.58         4165.28         5023.49  
    0.088       586.62          908.70        2600.79         4198.17         5054.85  
    0.094       593.10          913.77        2599.37         4216.23         5080.45  
    0.100       604.42          920.18        2623.34         4212.37         5063.92  
    0.106       608.20          918.78        2623.87         4163.55         5008.80  
    0.113       605.21          913.31        2630.38         4038.67         5029.96  
    0.119       602.30          908.41        2641.71         4007.03         5078.87  
    0.125       609.00          910.18        2630.76         4099.30         5109.08  
    0.131       617.99          910.54        2610.90         4164.31         5085.80  
    0.138       621.57          909.62        2597.79         4138.21         5062.69  
    0.144       623.28          914.83        2591.50         4098.20         5071.28  
    0.150       629.44          925.25        2596.71         4067.53         5057.75  
    0.156       637.99          936.93        2623.78         4077.09         5034.84  
    0.163       646.55          960.55        2643.65         4082.82         5039.25  
    0.169       656.90          986.88        2642.47         4105.09         5015.58  
    0.175       665.29          1000.88        2635.55         4100.29         4915.98  
    0.181       669.17          1005.33        2637.86         4050.50         4833.46  
    0.188       664.79          1005.52        2635.52         4060.74         4871.27  
    0.194       660.01          1006.06        2632.58         4118.95         4963.80  
    0.200       655.98          1007.49        2639.51         4138.77         4992.87  
    0.206       649.63          1005.67        2637.37         4073.49         4876.62  
    0.213       648.37          999.18        2613.44         4023.54         4797.91  
    0.219       651.09          994.33        2603.60         4035.60         4833.45  
    0.225       651.88          992.21        2609.94         4068.10         4933.84  
    0.231       649.68          988.18        2594.42         4112.18         5013.46  
    0.238       647.16          982.67        2571.70         4116.05         5018.11  
    