0.025       855.70          934.76        2321.80         3826.15         4519.67  
    0.031       853.76          1120.67        2256.19         3839.68         4531.79  
    0.038       865.45          1307.79        2264.88         3901.87         4665.35  
    0.044       885.86          1477.15        2346.58         3934.19         5418.55  
    0.050       899.38          1625.34        2397.63         3986.31         5500.00  
    0.056       913.19          1608.02        2428.74         4012.87         5500.00  
    0.062       922.00          1415.33        2419.64         3977.97         5500.00  
    0.069       926.43          1297.70        2401.10         3890.80         4904.48  
    0.075       931.56          1298.31        2414.63         3791.69         4706.58  
    0.081       939.52          1285.80        2436.94         3852.62         4548.35  
    0.088       941.37          1152.08        2409.90         3921.23         4564.57  
    0.094       939.48          1036.40        2399.83         3957.88         4587.47  
    0.100       894.28          942.67        2366.89         3959.11         4532.62  
    0.106       894.72          923.03        2355.83         3971.25         4671.03  
    0.113       88.92          906.59        1146.17         2508.38         4036.89  
    0.119       814.72          998.12        2183.46         3812.59         5347.56  
    0.125       925.25          1068.37        2339.44         4031.22         5500.00  
    0.131       940.10          1142.71        2372.53         4085.00         4432.68  
    0.138       943.82          1314.35        2417.24         4008.37         5382.30  
    0.144       942.16          1239.76        2451.38         3968.11         4872.54  
    0.150       932.72          1254.18        2491.64         3968.21         4619.96  
    0.156       925.53          1302.43        2479.27         3957.33         4993.95  
    0.163       915.63          1249.55        2404.78         3820.15         4903.38  
    0.169       905.85          994.26        2205.04         3853.21         4938.97  
    0.175       885.52          958.09        2128.35         3878.44         4900.02  
    0.181       855.21          1014.50        2192.27         3856.64         4755.99  
    0.188       825.11          947.83        2332.05         3774.25         4514.11  
    0.194       729.81          972.15        2422.72         3790.58         4430.64  
    0.200       720.76          995.62        2428.33         3815.50         4414.65  
    0.206       726.60          1029.61        2386.15         3789.85         4411.60  
    0.213       712.54          1049.17        2402.51         3823.62         4380.53  
    