0.025       705.97          1456.68        2400.93         3665.61         4788.23  
    0.031       698.49          1496.51        2366.53         3721.44         4786.20  
    0.038       670.76          1514.62        2428.13         3774.71         4719.93  
    0.044       666.49          1524.23        2439.99         3764.21         4651.84  
    0.050       667.40          1524.64        2409.82         3699.78         4696.84  
    0.056       670.96          1467.74        2412.33         3627.49         4665.41  
    0.062       672.48          1450.46        2466.67         3667.72         4667.02  
    0.069       670.78          1475.98        2495.13         3872.98         4628.13  
    0.075       674.67          1468.56        2533.50         3954.55         4629.81  
    0.081       669.63          1506.34        2543.45         3935.89         4647.01  
    0.088       670.61          1555.54        2573.87         3884.07         4656.87  
    0.094       662.47          1540.89        2563.99         3938.86         4695.31  
    0.100       650.51          1591.91        2530.95         4009.25         4767.16  
    0.106       646.14          1647.16        2602.73         4095.19         5388.83  
    0.113       641.70          1693.59        2551.57         3890.72         4958.12  
    0.119       627.15          1686.04        2500.61         3717.74         4816.78  
    0.125       621.89          1674.43        2490.52         3706.19         4684.22  
    0.131       619.86          1642.88        2424.48         3576.98         4564.32  
    0.138       621.83          1675.12        2377.63         3578.91         4593.80  
    0.144       631.94          1777.63        2304.92         3618.23         4590.86  
    0.150       653.40          1914.34        2054.39         3548.07         4562.26  
    0.156       653.13          1953.29        1968.51         3541.49         4597.34  
    0.163       656.48          1959.23        1961.99         3530.60         4584.21  
    0.169       662.91          1673.86        1933.57         3517.37         4531.10  
    0.175       661.43          1598.05        1959.62         3555.80         4567.32  
    0.181       651.43          1651.78        2046.17         3570.00         4544.98  
    0.188       642.49          1776.31        2039.66         3550.89         4557.79  
    0.194       641.66          1928.77        1991.16         3544.21         4627.09  
    0.200       646.99          1771.32        2096.95         3561.62         4634.24  
    