0.025       0          229.96        735.02         2528.89         3202.02  
    0.031       0          227.13        737.39         2484.44         3041.23  
    0.038       0          207.94        725.06         2474.61         2910.67  
    0.044       0          224.21        887.16         2541.30         3102.55  
    0.050       0          262.56        1037.71         2553.53         3375.88  
    0.056       0          267.81        953.61         2650.01         3616.39  
    0.062       0          244.12        959.02         2694.72         3806.40  
    0.069       0          225.84        1000.68         2629.86         3827.38  
    0.075       185.60          841.82        2624.98         3053.76         5268.54  
    0.081       214.30          1746.23        2933.81         3327.60         5500.00  
    0.088       280.93          1935.50        2994.76         3530.15         5500.00  
    0.094       40.34          602.57        2110.48         3170.28         4032.72  
    0.100       319.54          1021.43        2938.71         3747.85         4423.28  
    0.106       371.20          1067.95        2789.53         3727.32         4405.72  
    0.113       381.32          1047.14        2625.77         3707.55         4484.16  
    0.119       399.39          1034.95        2584.36         3651.86         4476.03  
    0.125       427.77          979.84        2589.83         3614.01         4690.25  
    0.131       439.74          922.63        2589.12         3592.49         4812.90  
    0.138       436.92          900.06        2566.61         3589.10         4640.66  
    0.144       427.82          903.05        2560.02         3592.95         4456.76  
    0.150       424.50          899.51        2581.72         3622.79         4303.46  
    0.156       422.34          901.98        2737.75         3626.75         4393.18  
    0.163       450.33          896.09        3014.51         3625.96         4403.01  
    0.169       464.55          863.39        3554.13         3660.93         4302.32  
    0.175       492.84          936.85        3638.12         3936.58         5332.13  
    0.181       68.76          922.14        1944.32         3727.89         4225.34  
    0.188       0          126.95        1016.69         3694.18         4028.17  
    0.194       355.85          829.24        3197.24         3977.79         4133.37  
    0.200       456.25          1000.02        3539.59         3973.43         5313.27  
    0.206       64.07          608.38        1382.25         3551.68         4248.59  
    0.213       494.99          1046.83        2836.56         3891.82         4863.32  
    0.219       568.62          1062.21        2700.75         3954.42         4606.37  
    0.225       546.28          957.96        2639.15         3912.68         4773.74  
    0.231       524.89          1025.33        2635.38         3875.95         4797.93  
    0.238       546.42          1214.70        2606.02         3917.62         5361.94  
    0.244       975.89          1280.63        2501.18         3902.77         4885.64  
    0.250       1168.57          1238.35        2289.20         3818.86         4637.31  
    0.256       164.40          1237.68        2195.70         3779.86         4491.01  
    0.263       0          171.36        1410.80         2321.89         3926.03  
    0.269       451.59          1201.76        2013.48         3621.57         4447.03  
    0.275       536.22          1418.98        2152.11         3891.81         4619.64  
    0.281       566.37          1377.84        2343.30         3865.29         5106.20  
    0.288       593.52          1341.43        2349.93         3850.02         4971.35  
    0.294       616.53          1327.52        2329.27         3883.01         4721.73  
    0.300       622.81          1308.48        2495.93         3852.96         4725.12  
    0.306       625.42          1269.12        2520.12         3776.55         4764.30  
    0.312       634.90          1325.93        2383.67         3761.50         4790.54  
    0.319       653.67          1452.01        2424.82         3672.79         4765.67  
    0.325       657.71          1465.45        2467.78         3757.55         4982.54  
    0.331       654.05          1483.95        2412.40         3762.52         4918.86  
    0.338       656.84          1535.56        2623.50         3834.84         5417.41  
    0.344       639.42          1457.17        2571.37         3849.76         5500.00  
    0.350       638.80          1448.95        2418.42         3728.10         5088.72  
    0.356       657.09          1563.16        1937.88         3751.19         4963.64  
    0.363       618.07          1412.11        1919.64         3735.63         4512.96  
    0.369       593.20          1350.34        1986.80         3645.10         4146.88  
    0.375       560.20          1319.63        2052.77         3555.63         4030.84  
    0.381       482.91          1226.92        2174.57         3529.46         3952.36  
    0.388       450.66          1270.36        2383.51         3469.40         3911.74  
    0.394       333.30          1463.74        2476.25         2679.50         3982.57  
    0.400       288.74          1349.57        2471.60         2812.71         4138.24  
    0.406       311.86          1287.81        2479.64         2886.24         4206.07  
    0.413       293.34          1276.68        2446.93         2827.14         4189.25  
    0.419       264.02          1283.55        2484.64         2709.65         4180.18  
    0.425       278.00          1295.48        2539.04         2637.65         4145.78  
    0.431       251.13          1321.12        2545.42         2572.19         4220.13  
    0.438       34.08          359.50        1630.32         2549.60         4146.76  
    0.444       0          210.08        1528.77         2589.26         4085.71  
    0.450       229.47          1431.79        2362.63         2648.61         4151.42  
    0.456       36.84          225.15        611.67         2018.33         2766.75  
    0.463       0          282.05        1772.75         2512.51         3884.82  
    0.469       0          291.80        1998.91         2673.26         4111.64  
    0.475       0          243.69        1742.58         2683.82         4100.30  
    0.481       168.00          1296.36        2481.50         3921.77         5306.10  
    0.488       184.42          1374.43        2562.12         3856.48         4322.65  
    