0.025       0          302.32        2155.08         2915.27         4448.55  
    0.031       0          352.27        2005.25         2888.81         3956.19  
    0.038       0          379.88        1806.93         2849.18         3639.89  
    0.044       0          357.68        1625.87         2853.83         3643.26  
    0.050       0          362.11        1498.26         2868.36         3716.68  
    0.056       0          368.66        1469.68         2857.09         3776.22  
    0.062       0          376.69        1460.47         2859.68         3840.50  
    0.069       0          378.92        1543.30         3004.53         3862.01  
    0.075       0          384.55        1554.29         3387.91         3886.48  
    0.081       176.65          1297.16        3270.45         4168.56         5214.01  
    0.088       259.95          1444.33        3542.51         3896.79         4719.80  
    0.094       385.24          1437.12        3399.01         3810.02         4484.50  
    0.100       462.09          1427.49        3262.83         3767.32         4343.46  
    0.106       517.11          1395.47        2881.16         3735.40         4315.72  
    0.113       549.09          1350.18        2710.73         3709.68         4345.02  
    0.119       559.56          1302.58        2604.07         3796.70         4385.52  
    0.125       569.08          1271.72        2521.09         3880.16         4475.91  
    0.131       591.13          1245.57        2588.06         3832.43         4491.69  
    0.138       613.14          1232.19        2611.04         3721.30         4452.56  
    0.144       625.83          1249.86        2582.26         3673.04         4406.09  
    0.150       665.31          1262.17        2654.21         3694.00         4318.49  
    0.156       726.54          1238.53        2746.41         3664.95         4197.77  
    0.163       649.47          1315.00        2879.51         3693.60         4082.89  
    0.169       542.87          1384.33        3167.59         3591.05         4001.72  
    0.175       456.40          1163.52        2982.61         3561.84         4002.26  
    0.181       370.77          1089.54        2794.44         3653.15         4028.35  
    0.188       222.28          1054.01        2989.35         3637.74         3974.36  
    0.194       34.40          501.78        1404.98         3504.53         3941.53  
    0.200       0          368.91        1075.14         3439.01         3891.19  
    0.206       282.50          960.40        3105.71         3529.71         4714.65  
    0.213       61.08          468.58        1622.12         3486.38         4128.84  
    0.219       0          297.17        1205.86         3371.46         3951.57  
    0.225       0          355.57        1218.94         3346.95         3987.82  
    0.231       350.63          1095.58        3191.70         4069.64         5232.66  
    0.238       75.81          614.02        1701.49         3467.62         4827.80  
    0.244       697.45          1146.24        2517.75         4450.02         5354.66  
    0.250       915.00          1289.99        2470.06         4375.53         4851.99  
    0.256       893.10          1300.88        2374.99         4115.82         4713.25  
    0.263       600.30          1338.34        2505.05         4020.54         4746.22  
    0.269       542.23          1392.08        2529.32         3884.54         4864.81  
    0.275       557.51          1400.98        2526.69         3895.93         4863.26  
    0.281       580.71          1373.38        2538.38         3945.36         4887.32  
    0.288       631.24          1367.91        2554.71         3882.92         4887.01  
    0.294       666.50          1379.50        2592.34         3901.16         4862.76  
    0.300       678.91          1438.81        2611.34         3888.34         4833.25  
    0.306       678.44          1568.96        2586.18         3865.88         4856.31  
    0.312       685.93          1661.31        2603.34         3885.04         4871.96  
    0.319       723.99          1620.61        2631.34         3907.42         4843.53  
    0.325       775.75          1514.34        2702.44         3902.77         4825.00  
    0.331       800.97          1457.07        2746.53         3917.16         4803.26  
    0.338       811.35          1432.33        2770.71         3792.92         4750.58  
    0.344       804.49          1424.08        2797.49         3742.68         4728.85  
    0.350       800.68          1427.21        2860.69         3731.89         4804.67  
    0.356       793.83          1436.88        2905.62         3720.71         4813.07  
    0.363       782.10          1435.72        2915.12         3726.32         4759.62  
    0.369       775.84          1437.83        2930.02         3745.06         4476.18  
    0.375       776.63          1435.75        2937.11         3670.31         4505.30  
    0.381       782.68          1457.62        2927.33         3726.42         4481.52  
    0.388       780.46          1482.25        2942.65         3754.57         4385.81  
    0.394       760.60          1478.53        3064.75         3784.90         4201.09  
    0.400       751.73          1469.14        2927.10         3799.09         4147.91  
    0.406       759.53          1485.15        2631.99         3840.76         4037.87  
    0.413       755.57          1510.65        2590.25         3623.75         3958.69  
    0.419       727.06          1518.08        3114.87         3813.90         4063.63  
    0.425       525.95          1516.98        3145.02         3900.84         4194.19  
    0.431       86.00          269.62        1819.90         3268.38         4083.51  
    0.438       115.56          1286.11        2840.76         3796.77         4153.20  
    0.444       24.99          278.08        1843.79         3293.69         3361.86  
    0.450       0          0        1512.12         3213.23         3362.51  
    0.456       201.05          1243.24        2563.19         3744.51         4021.38  
    0.463       43.47          453.49        1760.86         3357.88         4193.49  
    0.469       183.28          1307.62        2931.31         3997.32         5269.19  
    0.475       226.66          1588.97        3256.72         4147.91         5500.00  
    0.481       40.44          466.15        1979.73         3423.11         4393.23  
    0.488       0          228.34        1759.70         3236.08         4109.09  
    0.494       0          226.91        1772.70         3188.95         4119.77  
    0.500       0          217.45        1677.71         3195.31         4169.02  
    