0.025       0          259.45        1074.39         2606.74         3802.27  
    0.031       0          274.75        1202.99         2634.11         3823.66  
    0.038       0          280.04        1382.95         2651.74         3804.93  
    0.044       139.02          1221.75        2202.23         2949.07         4371.92  
    0.050       114.32          902.97        2266.90         2937.89         4110.64  
    0.056       0          0        1604.94         2695.26         3535.00  
    0.062       243.80          750.86        2195.00         3202.92         4239.56  
    0.069       448.58          1308.21        2835.18         3637.26         4897.75  
    0.075       454.82          1218.54        2870.19         3600.14         5082.89  
    0.081       461.06          1178.76        2976.46         3573.18         5347.59  
    0.088       463.04          1152.31        3005.76         3566.28         5332.46  
    0.094       461.98          1102.03        2960.38         3571.17         5362.23  
    0.100       464.14          1046.33        2909.87         3592.47         5500.00  
    0.106       465.41          1009.94        2830.67         3600.52         5500.00  
    0.113       469.54          970.70        2804.04         3573.33         5500.00  
    0.119       475.30          934.77        2799.92         3528.30         5500.00  
    0.125       475.85          921.44        2788.70         3529.64         5130.36  
    0.131       474.66          911.99        2811.12         3569.91         4901.45  
    0.138       474.37          898.42        2839.58         3606.90         4906.38  
    0.144       454.47          879.25        2840.68         3623.81         4605.34  
    0.150       429.01          863.43        2853.45         3667.58         4330.42  
    0.156       415.97          824.42        3011.98         3759.53         4947.83  
    0.163       185.66          359.19        1851.59         3473.39         4639.01  
    0.169       245.38          461.75        1973.53         3626.39         4792.00  
    0.175       201.78          644.77        1895.89         3403.14         4621.46  
    0.181       249.70          817.00        1959.11         3451.32         4777.56  
    0.188       438.71          1046.65        2716.04         3868.56         5333.88  
    0.194       426.56          1028.25        2671.15         3815.36         5273.73  
    0.200       453.77          1025.31        2648.81         3831.99         5294.09  
    0.206       519.17          968.35        2681.55         3917.36         5248.30  
    0.213       494.88          991.75        2700.99         3940.32         5138.71  
    0.219       430.35          1083.77        2653.94         3847.95         5299.60  
    0.225       479.00          1096.47        2537.20         3745.00         5500.00  
    0.231       238.74          843.21        2453.49         3189.58         4595.72  
    0.238       324.04          1012.95        2544.04         3339.49         4756.40  
    0.244       266.47          925.62        2279.38         3433.95         4669.57  
    0.250       0          760.67        2150.70         3223.69         4082.33  
    0.256       0          900.84        2382.20         3295.20         4013.22  
    0.263       0          935.58        2015.16         3129.43         4151.02  
    0.269       533.46          1254.59        2338.03         3764.09         4987.49  
    0.275       997.60          1458.60        2877.62         4363.39         5085.76  
    0.281       1056.49          1286.08        2810.97         4239.67         4692.67  
    0.288       840.73          1176.65        2801.15         4172.72         4721.04  
    0.294       558.54          1193.09        2841.34         4144.94         4627.75  
    0.300       520.08          1206.78        2809.44         3871.98         4606.94  
    0.306       564.92          1196.54        2765.26         3678.51         4794.90  
    0.312       591.71          1184.55        2764.00         3671.06         4902.51  
    0.319       594.87          1176.57        2771.49         3655.71         4654.51  
    0.325       590.60          1171.17        2759.73         3628.86         4211.67  
    0.331       589.71          1176.44        2741.94         3596.16         4009.61  
    0.338       590.76          1186.58        2741.05         3587.26         3971.64  
    0.344       592.73          1200.98        2741.77         3600.55         3831.46  
    0.350       596.82          1221.43        2737.28         3611.72         3786.00  
    0.356       601.44          1239.79        2742.51         3608.38         4423.66  
    0.363       602.45          1244.26        2744.71         3588.50         4816.98  
    0.369       605.61          1238.06        2740.81         3581.33         4791.65  
    0.375       614.36          1235.57        2736.04         3586.37         4871.29  
    0.381       623.08          1236.88        2724.63         3589.51         4555.63  
    0.388       630.67          1236.83        2720.93         3594.69         4423.46  
    0.394       633.94          1237.30        2708.98         3602.33         4632.99  
    0.400       634.04          1237.62        2680.50         3593.40         4659.64  
    0.406       638.92          1234.89        2658.30         3577.88         4599.59  
    0.413       649.46          1236.63        2653.30         3582.77         4662.57  
    0.419       659.79          1238.28        2647.36         3588.86         4690.81  
    0.425       668.64          1235.76        2621.97         3572.21         4565.81  
    0.431       673.87          1239.93        2592.65         3545.90         4486.34  
    0.438       680.16          1250.71        2580.69         3558.38         5041.10  
    0.444       680.55          1272.55        2586.14         3592.97         5500.00  
    0.450       675.66          1282.61        2582.13         3597.92         5500.00  
    0.456       670.30          1278.72        2563.97         3583.91         5251.66  
    0.463       662.86          1285.20        2535.40         3575.10         4767.14  
    0.469       652.63          1304.57        2509.17         3564.72         4496.93  
    0.475       641.18          1325.24        2496.55         3529.37         4466.01  
    0.481       634.18          1338.43        2494.32         3497.47         4459.95  
    0.488       629.89          1346.69        2485.72         3472.83         4453.48  
    0.494       622.54          1351.43        2479.32         3506.54         4466.95  
    0.500       608.33          1355.99        2471.29         3554.80         4478.72  
    0.506       589.68          1354.87        2447.87         3513.65         4520.24  
    0.513       564.24          1340.07        2426.38         3447.49         4520.17  
    0.519       535.62          1315.93        2455.22         3395.27         4525.84  
    0.525       448.42          1291.12        2556.87         3289.10         4563.94  
    0.531       376.06          1293.78        2660.60         3251.87         4648.36  
    0.537       358.09          1322.26        2699.03         3236.45         4586.12  
    0.544       345.96          1335.12        2701.78         3177.82         4466.02  
    0.550       339.40          1303.40        2699.48         3121.15         4424.85  
    0.556       334.93          1278.66        2692.02         3137.32         4378.78  
    0.562       333.17          1279.18        2693.95         3232.66         4304.08  
    0.569       338.22          1295.42        2697.84         3251.39         4293.26  
    0.575       344.87          1343.57        2694.23         3178.07         4315.68  
    0.581       345.77          1381.29        2698.14         3195.68         4174.07  
    0.588       347.35          1393.52        2712.17         3173.87         4183.11  
    0.594       346.34          1387.00        2738.42         3118.47         4290.92  
    0.600       343.69          1355.13        2755.80         3206.33         4145.56  
    0.606       343.36          1337.94        2761.78         3284.80         4013.14  
    0.613       340.89          1352.77        2746.58         3244.37         4112.00  
    0.619       341.06          1372.64        2747.48         3200.63         4095.10  
    0.625       344.00          1384.95        2790.63         3232.03         3960.44  
    0.631       344.88          1430.57        2829.88         3178.48         3902.97  
    0.638       346.54          1516.70        2835.27         3024.72         3976.63  
    0.644       340.31          1467.72        2816.74         2975.65         4091.56  
    0.650       335.40          1432.56        2820.96         3234.18         4046.94  
    0.656       334.00          1405.01        2830.03         3216.66         4201.01  
    0.663       324.85          1329.05        2806.10         2994.22         4387.07  
    0.669       320.32          1304.69        2812.84         2904.57         4385.35  
    0.675       336.62          1290.28        2690.47         2876.33         4446.05  
    0.681       346.88          1288.13        2630.53         2910.51         4469.48  
    0.688       332.62          1273.08        2713.72         2956.65         4354.11  
    0.694       319.65          1252.40        2710.32         3011.01         4324.63  
    0.700       314.02          1251.36        2608.94         3022.15         4414.27  
    0.706       308.02          1256.87        2607.07         3012.63         4484.52  
    0.713       302.97          1292.97        2747.65         3002.03         4464.55  
    