0.025       0          498.78        2385.52         3148.07         5269.93  
    0.031       0          546.12        2378.24         3155.40         5245.96  
    0.038       0          636.60        2375.37         3178.78         5267.66  
    0.044       0          709.88        2365.65         3194.54         5343.17  
    0.050       0          780.27        2358.14         3207.78         5271.24  
    0.056       0          844.41        2394.17         3294.66         4689.77  
    0.062       0          872.77        2468.07         3017.90         4121.31  
    0.069       0          396.88        1588.22         2617.33         3798.05  
    0.075       0          0        826.18         2564.95         3525.34  
    0.081       0          0        371.86         1610.50         3135.34  
    0.088       201.13          485.15        1637.92         2337.20         4320.82  
    0.094       401.28          945.82        2939.04         3503.57         5500.00  
    0.100       447.26          1012.06        2716.60         3491.96         5428.06  
    0.106       453.67          1027.89        2566.66         3621.60         5178.99  
    0.113       444.39          1039.44        2590.16         3787.78         4943.22  
    0.119       475.94          1046.33        2621.44         4061.66         5218.69  
    0.125       227.72          967.53        2592.00         3482.24         4870.83  
    0.131       0          928.25        2538.54         3089.71         4344.06  
    0.138       0          965.29        2506.61         3425.92         4354.13  
    0.144       0          956.09        2457.92         3811.05         4348.01  
    0.150       329.61          1081.16        2428.36         4012.20         4752.57  
    0.156       586.83          1158.55        2401.23         3910.21         5109.84  
    0.163       584.19          1243.70        2394.75         3929.70         4871.88  
    0.169       602.90          1370.00        2373.54         3897.69         4525.83  
    0.175       624.30          1391.65        2354.48         3608.52         4405.18  
    0.181       634.04          1387.55        2342.30         3422.56         4399.86  
    0.188       630.03          1381.03        2307.87         3573.55         4393.74  
    0.194       634.25          1396.87        2348.42         3666.18         4375.78  
    0.200       650.98          1418.71        2400.98         3616.83         4375.45  
    0.206       672.35          1419.82        2411.73         3742.80         4440.93  
    0.213       676.97          1419.48        2457.21         3806.30         4484.99  
    0.219       674.92          1428.83        2514.70         3805.56         4451.19  
    0.225       671.63          1426.08        2559.41         3932.07         5013.73  
    0.231       301.66          991.53        1912.39         3257.12         4898.49  
    0.238       348.26          989.35        2023.67         3379.34         4395.02  
    