0.025       0          196.71        1822.36         3095.76         3785.61  
    0.031       0          188.20        1691.45         3175.56         3959.94  
    0.038       0          186.93        1682.65         3036.46         4314.36  
    0.044       0          186.23        1707.05         3005.33         4287.47  
    0.050       0          183.50        1796.80         3077.19         3873.16  
    0.056       0          184.02        1868.29         3205.22         3794.13  
    0.062       0          182.73        1828.65         2913.30         4372.65  
    0.069       0          189.38        1944.77         2879.99         4409.76  
    0.075       0          215.02        2006.76         2958.60         4400.18  
    0.081       0          257.73        2085.46         2887.32         4375.61  
    0.088       0          364.96        2217.44         2805.82         4338.88  
    0.094       0          369.15        2302.14         2795.41         4229.12  
    0.100       0          358.68        2438.27         2730.83         4228.05  
    0.106       0          383.24        2220.52         2595.01         4184.90  
    0.113       0          25.06        143.48         535.13         2685.14  
    0.119       0          366.29        1451.94         2446.53         3984.72  
    0.125       0          396.45        1058.56         2565.72         4024.91  
    0.131       0          402.43        1147.11         2608.35         3973.93  
    0.138       391.47          1238.40        2542.47         3884.61         5400.47  
    0.144       406.04          1396.45        2612.76         3980.30         5500.00  
    0.150       408.01          1455.13        2666.92         3989.77         5500.00  
    0.156       404.70          1438.96        2670.57         4005.49         4635.39  
    0.163       395.53          1321.16        2679.58         3946.88         4336.88  
    0.169       387.37          1284.39        2668.41         3800.90         4272.80  
    0.175       379.14          1313.30        2740.79         3796.86         4283.99  
    0.181       362.87          1160.62        2723.83         3788.70         4112.44  
    0.188       373.09          748.22        2585.21         3770.97         4037.19  
    0.194       398.64          640.17        2575.07         3773.90         4117.04  
    0.200       298.50          552.37        2737.02         3808.78         4403.07  
    0.206       18.96          35.58        753.97         2956.24         3979.19  
    0.213       246.63          650.09        2613.04         3937.01         4130.52  
    0.219       17.17          45.25        767.41         2789.56         3925.11  
    0.225       526.34          1118.58        2502.19         3804.53         4311.62  
    0.231       571.00          1572.67        2725.72         3894.97         5424.48  
    0.238       37.20          608.33        1825.66         3017.28         4071.99  
    0.244       0          606.76        1907.06         2997.02         3940.33  
    0.250       0          548.52        1902.40         2865.08         3932.77  
    0.256       448.47          1779.38        2295.80         3955.85         5397.98  
    0.263       31.22          1141.10        2227.60         3803.16         4140.24  
    0.269       0          1028.32        2210.79         3908.24         4049.47  
    0.275       0          998.70        2237.05         4015.04         4054.60  
    0.281       0          1022.89        2322.25         3952.84         4291.15  
    0.288       0          506.52        2284.86         3900.92         4618.65  
    0.294       0          488.99        2386.70         3913.49         4692.85  
    0.300       0          483.65        2515.23         3935.49         4768.62  
    0.306       0          496.12        2748.33         2885.37         4033.51  
    0.312       0          525.02        2696.83         2816.53         3962.93  
    0.319       0          548.97        2476.90         2795.72         3951.74  
    0.325       0          539.77        2125.65         2881.59         4052.68  
    0.331       505.99          1938.44        2922.24         4047.58         5406.27  
    0.338       35.22          643.71        2368.97         3088.11         4223.80  
    0.344       0          559.10        2476.22         3046.28         4146.19  
    0.350       0          574.88        2445.47         3055.15         4150.06  
    0.356       0          588.01        2153.34         3014.80         4135.42  
    0.363       556.43          1956.50        2883.21         4057.79         5411.13  
    0.369       598.86          1781.85        2859.24         4103.58         5500.00  
    0.375       598.14          1632.63        2815.10         4108.55         5500.00  
    0.381       601.04          1576.34        2784.56         4093.95         5500.00  
    0.388       597.61          1543.99        2773.31         4042.22         5500.00  
    0.394       602.84          1515.37        2750.64         4031.86         5500.00  
    0.400       616.12          1483.89        2750.64         4056.24         5163.46  
    0.406       622.11          1439.12        2712.12         4067.88         4970.35  
    0.413       620.56          1403.60        2678.04         4037.29         4595.91  
    0.419       609.96          1279.82        2632.27         4016.59         4641.71  
    0.425       583.28          1344.94        2605.39         4030.84         4788.17  
    0.431       560.87          1581.48        2617.42         3964.61         4758.53  
    0.438       572.82          2477.27        2587.59         4025.36         5451.57  
    0.444       37.34          731.06        2530.36         3095.51         4267.88  
    0.450       0          664.74        2556.85         3087.12         4238.03  
    0.456       0          43.53        825.73         2592.64         3652.41  
    0.463       163.18          819.98        2445.51         3621.77         4212.76  
    0.469       308.29          1216.67        2513.67         3782.16         4236.14  
    0.475       304.78          1405.96        2370.03         3656.02         4234.26  
    0.481       302.31          1439.34        2394.95         3793.83         4201.89  
    