0.025       557.16          1602.37        2759.35         4353.09         5500.00  
    0.031       570.08          1509.97        2343.46         4004.39         4932.74  
    0.038       580.84          1383.28        2176.71         3923.45         4745.58  
    0.044       585.05          1274.56        2335.15         3968.36         5281.74  
    0.050       599.14          1280.11        2280.81         3940.89         5041.03  
    0.056       605.05          1288.17        2235.98         3954.75         4726.46  
    0.062       602.76          1282.32        2227.51         3937.44         4648.92  
    0.069       601.68          1225.64        2235.12         3848.09         4782.29  
    0.075       591.66          1152.38        2271.88         3844.07         5093.71  
    0.081       569.77          1095.57        2307.69         3854.17         5410.47  
    0.088       547.58          1059.92        2336.03         3921.80         5500.00  
    0.094       523.02          1057.00        2363.27         3912.60         5500.00  
    0.100       153.75          725.26        1654.77         2922.15         4443.51  
    0.106       0          587.41        1290.83         2532.92         4006.53  
    0.113       408.68          1090.74        2289.56         3576.98         5055.90  
    0.119       612.85          1321.77        2498.99         3603.21         5360.30  
    0.125       186.74          813.64        1928.96         3210.23         4612.46  
    0.131       0          688.65        1541.12         3067.96         4445.04  
    0.138       586.11          1056.00        2490.18         4046.64         4543.91  
    0.144       675.24          1176.61        2880.86         4414.26         4472.60  
    0.150       181.17          1159.98        2472.31         4404.86         4422.99  
    0.156       534.01          1189.19        2761.10         4386.00         4691.93  
    0.163       227.14          1171.62        2748.64         3937.35         4628.37  
    0.169       0          1148.72        2694.52         3751.14         4588.13  
    0.175       386.18          1162.78        2786.52         4243.14         4544.34  
    0.181       541.44          1166.44        2537.80         4254.21         4612.14  
    0.188       534.81          1151.91        2486.10         4329.59         4694.25  
    0.194       555.95          1135.55        2503.72         4171.84         4769.81  
    0.200       574.04          1139.91        2444.39         3872.62         4727.77  
    0.206       586.87          1163.74        2460.04         3599.86         4701.81  
    0.213       597.65          1163.59        2373.93         3684.47         4752.36  
    0.219       606.54          1166.97        2279.62         3806.22         4750.51  
    0.225       614.68          1174.19        2365.57         3812.81         4723.88  
    0.231       619.42          1180.78        2360.07         3693.55         4767.20  
    0.238       618.05          1178.99        2196.59         3825.70         4946.04  
    0.244       618.29          1181.14        2165.25         3878.04         5052.99  
    0.250       622.60          1192.09        2253.91         3903.78         5225.37  
    0.256       625.25          1200.85        2311.30         3925.20         5437.77  
    0.263       632.58          1204.96        2411.61         3965.14         5079.82  
    0.269       640.59          1204.94        2385.67         3805.72         4716.54  
    0.275       642.40          1201.67        2340.18         3775.20         4695.70  
    0.281       639.06          1197.36        2435.28         3459.36         4689.40  
    0.288       638.51          1201.89        2392.49         3276.45         4697.45  
    0.294       638.93          1205.73        2362.85         3275.87         4706.11  
    0.300       636.06          1206.98        2480.69         3162.90         4740.70  
    0.306       629.77          1206.66        2537.81         3124.51         4753.38  
    0.312       620.84          1203.96        2538.06         3219.85         4776.23  
    0.319       604.75          1204.55        2571.43         3142.25         4771.43  
    0.325       604.90          1204.32        2513.11         3050.88         4779.53  
    0.331       612.05          1206.04        2502.68         3037.09         4765.34  
    0.338       613.37          1209.66        2579.54         2994.74         4731.85  
    0.344       623.28          1210.82        2514.59         3057.14         4769.64  
    0.350       613.23          1212.98        2568.33         3024.57         4798.60  
    0.356       601.24          1213.85        2652.06         2893.59         4824.00  
    0.363       609.07          1215.21        2451.02         2931.77         4847.20  
    0.369       608.83          1205.80        2376.18         3014.55         4814.88  
    0.375       608.76          1181.83        2394.94         3141.59         4773.09  
    0.381       615.50          1187.20        2604.02         3185.78         5006.99  
    0.388       606.47          1164.14        2379.00         3336.88         5195.27  
    0.394       563.86          1098.98        2159.32         3423.40         4984.27  
    0.400       436.69          1049.90        2259.48         3394.97         4781.91  
    0.406       370.25          1097.35        2308.93         3215.17         4723.87  
    0.413       290.25          1212.44        2242.32         3083.42         4728.75  
    0.419       242.01          1312.03        2228.63         3156.67         4769.03  
    0.425       217.67          1273.75        2136.30         3271.41         4757.12  
    