0.025       0          362.13        1426.48         2542.16         3969.07  
    0.031       160.73          849.88        1873.92         2923.06         4584.88  
    0.038       126.94          691.42        1636.16         2802.88         4338.69  
    0.044       137.65          791.78        1947.77         3121.06         4732.26  
    0.050       239.36          1212.50        2609.53         3357.14         5500.00  
    0.056       236.96          1223.71        2546.14         3214.14         5316.11  
    0.062       232.18          1273.78        2556.62         3474.91         5354.77  
    0.069       99.92          707.31        1987.61         3121.59         4594.89  
    0.075       0          265.31        1549.13         2693.29         3912.01  
    0.081       158.55          1019.81        2311.67         3290.57         4810.40  
    0.088       125.22          1001.67        2322.42         3342.52         5135.62  
    0.094       0          458.99        1915.88         2981.89         4829.87  
    0.100       0          418.22        2061.05         3023.61         4879.32  
    0.106       228.68          969.84        2248.63         3170.51         5248.30  
    0.113       408.90          1468.73        2382.07         3269.48         5281.16  
    0.119       405.54          1526.78        2440.53         3475.23         5327.16  
    0.125       406.37          1552.12        2445.30         3688.94         5500.00  
    0.131       418.44          1663.29        2454.31         3687.86         5500.00  
    0.138       187.96          1018.25        2411.40         3356.37         4267.86  
    0.144       0          507.43        2345.11         3022.93         3614.47  
    0.150       0          566.57        2321.32         2900.69         3850.96  
    0.156       0          582.64        2298.33         2840.62         3881.81  
    0.163       0          582.15        2260.52         2850.22         3950.20  
    0.169       0          575.58        2216.90         2890.57         3986.80  
    0.175       0          569.71        2163.52         2906.47         3972.38  
    0.181       0          550.46        2178.66         2963.62         4006.17  
    0.188       0          526.62        2200.97         3025.44         3974.01  
    0.194       0          228.74        1235.37         2852.90         3734.45  
    0.200       233.10          509.32        1791.76         3318.69         4657.41  
    0.206       405.16          856.43        2828.19         3843.82         5500.00  
    0.213       368.68          846.60        2747.26         3887.25         5500.00  
    0.219       397.46          856.99        2603.77         3810.81         5500.00  
    0.225       192.84          671.09        1869.82         3172.34         4566.31  
    0.231       280.71          796.58        1990.36         3338.57         4762.60  
    0.238       505.90          984.86        2575.79         3855.50         5500.00  
    0.244       224.45          754.84        1639.04         3234.59         4647.02  
    0.250       0          458.73        813.46         2798.15         4033.59  
    0.256       0          594.61        1675.06         2834.54         3955.49  
    0.263       0          726.95        2236.42         2854.80         3821.85  
    0.269       0          639.64        2108.51         2707.55         3827.13  
    0.275       0          623.70        2074.09         2726.97         3945.58  
    0.281       0          632.75        1971.55         2816.75         4043.11  
    0.288       0          541.83        1718.89         2641.90         4071.36  
    0.294       0          898.05        2083.22         2556.68         4214.08  
    0.300       0          1233.17        2436.90         3274.46         4270.86  
    0.306       408.18          1231.10        2409.36         3945.38         4940.11  
    0.312       643.52          1232.26        2345.36         3986.70         5500.00  
    0.319       608.97          1328.20        2223.86         3827.14         5500.00  
    0.325       617.02          1408.60        2158.96         3571.10         4831.79  
    0.331       617.77          1425.06        2141.88         3455.77         4293.62  
    0.338       278.08          1023.61        2135.62         3432.53         4208.12  
    0.344       0          733.41        2154.23         3411.88         4113.36  
    0.350       417.89          835.88        2207.51         3433.56         4112.45  
    0.356       747.18          1029.10        2257.43         3442.59         4139.24  
    0.363       755.65          1182.99        2298.06         3490.89         4133.80  
    0.369       749.46          1288.85        2338.37         3561.89         4109.76  
    0.375       732.59          1338.49        2393.69         3581.53         4109.67  
    0.381       723.83          1298.49        2449.43         3605.24         4109.17  
    0.388       712.42          1263.37        2479.93         3622.81         4110.55  
    0.394       716.35          1264.83        2508.21         3690.28         4102.89  
    0.400       741.66          1251.61        2536.67         3884.81         4086.41  
    0.406       799.85          1170.96        2555.65         3993.25         4064.78  
    0.413       902.87          1037.30        2571.19         4018.00         4055.60  
    0.419       924.18          1010.73        2583.06         4010.46         4197.09  
    0.425       880.96          1070.55        2593.54         3980.23         4186.45  
    0.431       829.77          1131.22        2591.11         3931.55         4105.66  
    0.438       777.91          1169.08        2583.92         3787.43         4149.36  
    0.444       752.73          1164.47        2599.71         3734.77         4186.40  
    0.450       733.12          1150.54        2623.72         3778.52         4184.88  
    0.456       717.21          1160.21        2626.54         3774.85         4178.95  
    0.463       709.89          1164.25        2616.49         3753.75         4224.83  
    0.469       691.46          1147.56        2622.82         3738.30         4245.56  
    0.475       666.70          1161.43        2649.10         3766.95         4220.44  
    0.481       652.35          1199.16        2663.66         3800.09         4308.63  
    0.488       648.06          1229.87        2651.39         3778.55         4414.00  
    0.494       647.58          1221.02        2645.44         3757.22         4339.92  
    0.500       674.26          1094.91        2658.02         3798.09         4241.05  
    0.506       561.86          1038.52        2685.62         3838.25         4659.50  
    0.513       423.73          1055.19        2687.64         3874.74         4959.13  
    0.519       397.28          1080.34        2686.47         3911.33         4893.95  
    0.525       339.90          1133.43        2691.71         3887.68         5222.37  
    0.531       130.16          655.14        1822.34         3202.83         4621.45  
    0.537       0          253.68        1094.90         2700.28         3915.45  
    