0.025       0          414.18        1935.31         2729.42         3623.61  
    0.031       0          411.55        1916.91         2704.11         3385.23  
    0.038       0          402.56        1856.60         2703.68         3531.29  
    0.044       0          408.29        1826.34         2709.31         3773.16  
    0.050       0          420.25        1817.99         2681.96         3739.23  
    0.056       0          409.74        1826.60         2663.98         3743.54  
    0.062       0          382.67        1654.55         2692.50         3860.34  
    0.069       0          393.65        1464.03         2679.51         3821.04  
    0.075       0          411.18        1359.08         2654.24         3790.16  
    0.081       0          330.21        1440.53         2972.32         4014.24  
    0.088       0          276.32        2309.82         3314.30         4319.68  
    0.094       189.24          1647.18        3118.91         3921.59         4674.19  
    0.100       218.88          1923.73        3223.02         4033.03         4876.06  
    0.106       266.78          1738.99        3045.90         3972.30         4878.11  
    0.113       377.93          1592.99        2861.26         3881.28         4541.95  
    0.119       425.12          1483.54        2767.63         3737.62         4324.98  
    0.125       443.59          1425.61        2748.47         3618.60         4260.40  
    0.131       458.44          1378.57        2708.23         3562.02         4234.95  
    0.138       466.77          1311.59        2607.14         3578.61         4207.21  
    0.144       474.05          1279.84        2547.75         3607.51         4178.46  
    0.150       480.49          1244.58        2517.19         3653.91         4182.96  
    0.156       479.74          1215.87        2516.52         3661.98         4165.96  
    0.163       481.60          1238.20        2533.92         3669.69         4177.79  
    0.169       500.24          1297.58        2555.45         3750.63         4177.97  
    0.175       514.98          1472.50        2566.28         3931.95         4097.00  
    0.181       504.44          1520.16        2605.90         4069.90         4113.56  
    0.188       486.60          1502.41        2594.25         4052.54         4133.32  
    0.194       497.98          1584.05        2316.87         3660.48         4159.35  
    0.200       549.04          985.77        2472.70         3544.82         4182.21  
    0.206       432.23          841.22        2585.84         3627.54         4186.36  
    0.213       256.95          870.95        2624.47         3705.44         4172.02  
    0.219       212.48          864.68        2771.77         3956.32         4170.55  
    0.225       284.77          927.53        2830.05         4037.60         4830.18  
    0.231       83.97          477.84        1572.66         3397.47         4289.04  
    0.238       215.85          830.44        2437.68         3745.58         5095.01  
    0.244       289.20          989.94        2725.65         3929.14         5500.00  
    0.250       77.40          492.95        1321.30         3105.82         4267.78  
    0.256       0          297.59        1069.58         2903.25         3956.03  
    0.263       0          291.01        1140.96         2963.53         4016.91  
    0.269       215.04          806.87        2437.01         3686.57         5100.58  
    0.275       253.95          982.12        2798.61         4005.86         5500.00  
    0.281       64.48          831.93        1928.11         3342.68         4413.83  
    0.288       0          470.14        1249.06         2983.94         4063.74  
    0.294       0          507.64        1458.17         3127.30         4479.77  
    0.300       0          1062.83        1819.45         3221.50         4784.28  
    0.306       0          1270.92        1916.52         3676.30         4880.50  
    0.312       0          1332.33        2024.25         4023.99         4919.45  
    0.319       260.79          1429.70        2452.85         4187.61         4924.85  
    0.325       429.19          1430.06        2486.84         4112.15         4922.31  
    0.331       500.10          1441.15        2463.64         3889.08         4664.44  
    0.338       553.45          1453.92        2482.64         3781.56         4411.80  
    0.344       583.85          1471.66        2517.97         3798.92         4406.98  
    0.350       606.13          1474.94        2589.51         3872.97         4664.68  
    0.356       643.89          1474.80        2674.10         3922.48         4676.57  
    0.363       678.78          1469.05        2759.95         3959.46         4326.04  
    0.369       695.72          1450.11        2808.30         3829.96         4180.90  
    0.375       708.25          1434.03        2827.61         3720.13         4171.20  
    0.381       718.25          1456.16        2974.66         3841.00         4096.48  
    0.388       727.95          1464.02        3044.71         3924.05         4221.97  
    0.394       703.47          1443.20        3083.77         3975.48         4315.61  
    0.400       664.21          1436.17        3143.12         3989.52         5184.10  
    0.406       176.32          878.09        1902.26         3459.61         4405.52  
    0.413       0          674.94        1433.42         3290.24         3995.42  
    0.419       0          686.22        1437.67         3336.96         4070.14  
    0.425       0          823.28        1459.54         3351.27         4144.79  
    0.431       0          892.57        1495.04         3393.75         4156.36  
    0.438       0          851.32        1528.10         3370.17         4150.97  
    0.444       0          818.33        1560.20         3344.08         4196.95  
    0.450       0          785.18        1591.29         3366.83         4227.23  
    0.456       0          759.98        1696.77         3335.57         4290.08  
    0.463       0          712.68        1768.16         3322.48         4364.96  
    0.469       0          571.48        1759.09         3276.38         4422.27  
    0.475       0          141.67        1530.75         2135.63         3595.92  
    0.481       0          0        1638.98         1933.95         3283.03  
    0.488       0          0        1750.92         1956.05         3270.03  
    0.494       0          0        1794.28         1841.77         3252.73  
    0.500       0          408.43        1790.68         2860.44         4116.66  
    0.506       0          340.35        1768.77         3254.60         4447.93  
    0.513       152.69          1330.26        2619.71         3258.38         4551.47  
    0.519       56.43          636.40        2081.91         3263.40         4562.61  
    0.525       0          435.75        1817.03         3277.91         4384.87  
    0.531       0          359.83        1786.32         3267.51         4271.74  
    0.537       180.28          1345.39        1794.54         3269.17         4455.38  
    0.544       66.63          626.95        1751.90         3263.11         4512.58  
    0.550       0          233.43        1781.31         3255.40         4300.45  
    0.556       0          264.41        1694.15         3229.89         4215.63  
    0.562       0          229.62        1773.44         3191.25         4232.18  
    