0.025       295.29          828.69        2092.86         2613.04         5326.34  
    0.031       36.63          102.79        538.05         2252.68         2738.39  
    0.038       0          0        343.58         2322.13         2476.32  
    0.044       0          286.95        1478.34         2366.54         3908.97  
    0.050       0          312.78        1672.65         2399.20         3957.64  
    0.056       0          301.32        1633.74         2413.36         3922.29  
    0.062       0          266.36        1713.85         2322.98         3969.20  
    0.069       212.84          534.67        2158.54         3697.36         5310.98  
    0.075       248.10          657.44        2280.75         3908.24         5500.00  
    0.081       243.78          751.48        2290.14         3953.53         5500.00  
    0.088       235.50          795.16        2260.22         3888.92         5500.00  
    0.094       234.44          850.10        2324.74         3847.75         5500.00  
    0.100       241.06          1278.28        2528.71         3852.38         5500.00  
    0.106       321.43          1595.96        2530.95         3814.87         4724.57  
    0.113       401.91          1558.64        2562.38         3837.33         4507.29  
    0.119       426.55          1461.83        2700.49         3904.25         4739.05  
    0.125       430.16          1416.75        2602.90         3951.46         4794.53  
    0.131       436.02          1371.90        2588.58         4029.62         5412.86  
    0.138       444.19          1418.05        2481.93         3826.55         5348.55  
    0.144       452.02          1380.89        2500.67         3924.79         5128.44  
    0.150       451.09          1366.41        2485.83         3917.19         4833.73  
    0.156       443.35          1357.10        2459.52         3873.41         4702.02  
    0.163       451.12          1386.21        2489.30         3949.21         4580.00  
    0.169       465.76          1310.41        2482.46         3934.29         4571.25  
    0.175       472.53          1209.81        2475.94         3868.78         4576.92  
    0.181       476.48          1193.54        2467.88         3840.88         4516.44  
    0.188       492.15          1182.21        2453.59         3979.00         4797.02  
    0.194       501.06          1290.52        2436.35         4045.92         5417.89  
    0.200       491.32          1306.93        2281.49         4032.42         5308.51  
    0.206       478.88          1222.08        2401.40         3969.18         4849.18  
    0.213       496.99          1031.69        2404.37         3891.49         4700.40  
    0.219       406.67          612.34        2509.79         3855.15         4514.03  
    0.225       48.81          69.03        843.36         2664.62         4042.08  
    0.231       0          451.72        1828.83         2645.53         4031.89  
    0.238       380.34          1512.39        2245.76         3626.93         4868.80  
    0.244       485.00          1268.24        2439.79         3966.75         5436.27  
    0.250       517.58          912.01        2438.23         3729.17         5206.26  
    0.256       476.92          1205.21        2247.16         3692.10         5062.39  
    0.263       423.86          1326.09        2280.68         3497.09         5002.17  
    0.269       436.68          1348.61        2213.20         3325.35         4948.49  
    0.275       448.47          1488.18        2503.09         3597.75         5038.08  
    0.281       435.66          1395.72        2458.39         3605.36         5081.70  
    0.288       483.34          1505.69        2603.95         3568.97         4947.48  
    0.294       60.82          708.95        1824.31         3025.16         4507.39  
    0.300       0          558.35        1799.76         2838.50         4248.41  
    0.306       509.97          1268.69        2540.79         4029.37         4487.78  
    0.312       658.50          1261.94        2796.58         4111.81         4540.94  
    0.319       692.67          1273.00        2788.19         4186.07         4601.83  
    0.325       745.79          1320.22        2754.88         4280.66         4602.45  
    0.331       733.15          1339.62        2897.86         4118.42         4546.09  
    0.338       568.75          1391.55        2598.40         3931.39         4532.01  
    0.344       643.40          1611.08        2485.99         3500.15         4590.84  
    0.350       709.61          1600.59        2473.50         3430.07         4653.35  
    0.356       756.71          1612.79        2501.26         3486.74         4709.25  
    0.363       781.45          1630.67        2453.43         3558.64         4763.01  
    0.369       798.42          1628.17        2451.46         3518.67         4788.25  
    0.375       804.47          1623.22        2478.96         3548.32         4841.88  
    0.381       807.38          1586.88        2483.02         3545.47         4921.68  
    0.388       803.13          1582.94        2530.47         3514.13         4873.47  
    0.394       789.32          1563.86        2552.59         3586.28         4856.97  
    0.400       782.95          1546.89        2559.44         3654.15         4860.59  
    0.406       787.04          1575.03        2531.25         3613.64         4902.00  
    0.413       785.96          1587.25        2549.98         3729.26         4982.48  
    0.419       754.16          1542.09        2492.59         3752.44         5016.26  
    0.425       732.74          1520.55        2500.04         3699.99         5023.27  
    0.431       718.99          1521.58        2537.16         3691.21         5023.17  
    0.438       710.53          1512.63        2616.19         3683.90         5008.66  
    0.444       691.88          1486.63        2665.54         3675.88         4925.71  
    0.450       669.94          1438.04        2769.29         3710.52         4859.27  
    0.456       385.32          1337.57        2490.49         3768.14         5419.56  
    0.463       329.33          1335.91        2376.92         3744.35         5500.00  
    0.469       330.47          1330.28        2386.75         3649.41         5424.40  
    0.475       323.13          1326.80        2363.20         3624.25         5386.27  
    0.481       318.48          1316.95        2343.96         3669.10         5282.76  
    0.488       321.03          1332.33        2408.25         3573.37         5296.89  
    0.494       325.04          1363.33        2455.15         3542.93         5324.68  
    0.500       327.99          1411.87        2483.91         3857.07         5365.85  
    0.506       328.24          1421.45        2513.80         3379.43         5312.71  
    0.513       331.74          1404.74        2537.88         3086.84         5322.96  
    0.519       333.09          1376.88        2628.61         3867.07         5478.37  
    0.525       41.33          464.12        1548.56         2870.50         5077.32  
    0.531       0          336.65        1512.36         2705.84         4693.15  
    0.537       0          335.71        1512.65         2767.09         4578.06  
    0.544       0          340.30        1562.64         2793.54         4402.98  
    0.550       0          331.81        1556.20         2810.24         4528.49  
    0.556       0          317.82        1564.19         2760.00         4484.82  
    