0.025       257.13          593.40        2525.56         2700.96         3762.71  
    0.031       257.62          621.20        2506.72         2704.16         3748.04  
    0.038       256.16          647.69        2415.15         2784.88         3730.92  
    0.044       253.25          659.70        2474.41         2845.39         3757.75  
    0.050       120.49          455.10        1608.14         2705.61         3799.77  
    0.056       135.25          515.19        1642.51         3264.31         4374.30  
    0.062       260.14          770.34        2491.70         3837.90         4881.50  
    0.069       261.62          1164.00        2668.86         3849.37         4755.33  
    0.075       271.12          1816.38        2829.32         3855.95         4611.52  
    0.081       327.53          1798.59        2806.28         3821.36         4563.89  
    0.088       390.36          1415.76        2831.21         3711.56         4565.73  
    0.094       417.08          1297.00        2811.62         3571.11         4705.55  
    0.100       431.75          1264.45        2730.94         3529.01         4670.19  
    0.106       437.39          1225.22        2678.05         3520.80         4282.51  
    0.113       438.24          1152.46        2654.78         3528.53         4136.92  
    0.119       441.52          1094.03        2655.21         3494.16         4221.31  
    0.125       447.94          1057.89        2658.86         3435.16         4374.40  
    0.131       455.84          1019.11        2678.25         3433.50         4713.59  
    0.138       460.57          997.35        2708.67         3441.40         4970.58  
    0.144       462.91          981.99        2735.27         3439.20         4974.66  
    0.150       467.78          944.59        2764.57         3473.36         4681.97  
    0.156       469.43          898.62        2799.75         3511.25         4440.48  
    0.163       466.70          864.65        2854.49         3526.70         4622.70  
    0.169       447.44          864.98        2933.42         3555.17         5017.25  
    0.175       412.90          893.53        2935.28         3666.15         5036.96  
    0.181       383.52          919.18        2885.57         3794.12         4678.14  
    0.188       368.26          944.85        2918.33         3845.32         4608.35  
    0.194       369.39          951.22        2947.84         3844.21         4773.88  
    0.200       397.31          830.88        2922.28         3773.56         4856.53  
    0.206       200.30          347.31        1723.72         3313.15         4191.18  
    0.213       0          0        680.45         2851.28         3559.94  
    0.219       161.66          477.80        1770.51         3198.96         4337.27  
    0.225       320.02          953.56        2733.18         3629.30         5076.14  
    0.231       277.73          953.63        2692.19         3660.16         5032.73  
    0.238       110.03          440.20        1713.66         3088.45         4296.51  
    0.244       137.88          485.40        1834.57         3175.44         4416.87  
    0.250       257.24          875.07        2706.41         3686.85         5054.35  
    0.256       119.93          394.30        1736.61         3062.08         4251.16  
    0.263       327.34          496.40        1734.59         3066.65         4278.24  
    0.269       623.82          1120.89        2912.11         3597.05         4807.20  
    0.275       799.30          1275.42        2987.68         4032.32         5107.47  
    0.281       972.69          1272.55        2696.15         4350.53         5089.54  
    0.288       931.15          1283.96        2673.67         4269.13         4772.79  
    0.294       849.30          1291.34        2683.07         4196.64         4818.66  
    0.300       654.19          1282.51        2680.25         4133.98         4769.81  
    0.306       509.19          1283.40        2667.64         3994.63         4663.66  
    0.312       531.28          1281.94        2653.56         3804.53         4611.36  
    0.319       570.94          1269.04        2661.00         3717.12         4669.20  
    0.325       602.50          1257.67        2677.67         3704.80         4762.24  
    0.331       613.95          1243.01        2664.64         3711.11         4834.22  
    0.338       615.45          1219.57        2633.93         3723.38         4815.57  
    0.344       615.22          1207.23        2598.06         3720.48         4773.34  
    0.350       616.27          1209.74        2577.86         3747.44         4779.05  
    0.356       618.34          1214.74        2568.55         3802.45         4798.41  
    0.363       617.51          1221.54        2561.76         3804.61         4783.01  
    0.369       615.39          1224.17        2572.66         3747.23         4812.02  
    0.375       616.03          1224.85        2577.39         3699.24         4902.16  
    0.381       618.53          1226.05        2574.45         3687.03         4951.00  
    0.388       621.05          1230.26        2565.61         3674.49         4928.98  
    0.394       623.86          1235.68        2557.20         3649.08         4881.06  
    0.400       626.10          1231.74        2563.15         3622.15         4872.62  
    0.406       628.23          1231.40        2572.59         3610.82         4898.93  
    0.413       629.81          1239.43        2561.43         3587.91         4965.79  
    0.419       630.96          1242.02        2560.03         3562.04         5018.74  
    0.425       634.48          1242.55        2567.35         3563.93         5011.83  
    0.431       638.57          1247.01        2576.66         3568.82         4984.69  
    0.438       639.26          1247.04        2586.18         3586.43         4982.91  
    0.444       642.56          1242.48        2566.27         3609.35         4963.31  
    0.450       649.57          1238.29        2546.87         3616.54         4942.08  
    0.456       658.92          1236.91        2542.73         3613.38         4919.29  
    0.463       665.57          1239.53        2543.66         3596.39         4877.23  
    0.469       662.40          1244.55        2538.99         3568.08         4890.73  
    0.475       656.76          1246.37        2546.91         3557.42         4900.95  
    0.481       656.11          1248.49        2572.19         3564.29         4870.45  
    0.488       659.61          1249.40        2578.50         3577.73         4837.08  
    0.494       665.83          1243.10        2572.51         3587.75         4865.24  
    0.500       668.79          1239.77        2567.03         3593.95         4895.93  
    0.506       669.40          1239.10        2549.60         3573.74         4867.93  
    0.513       673.98          1236.55        2536.59         3565.37         4789.65  
    0.519       677.62          1233.72        2532.41         3614.06         4674.84  
    0.525       682.13          1234.16        2545.70         3681.44         4718.12  
    0.531       681.03          1239.56        2555.56         3675.48         4947.11  
    0.537       673.48          1251.67        2544.53         3621.21         5078.88  
    0.544       671.24          1260.24        2545.16         3599.18         5086.87  
    0.550       667.70          1277.27        2550.47         3553.78         5080.66  
    0.556       661.73          1295.76        2540.43         3499.55         5078.85  
    0.562       658.85          1301.75        2519.54         3507.39         5082.42  
    0.569       656.69          1314.81        2516.87         3582.55         5023.36  
    0.575       655.65          1328.79        2552.08         3726.51         5075.56  
    0.581       648.23          1331.54        2553.74         3794.06         5078.55  
    0.588       628.06          1323.47        2532.78         3790.09         5111.67  
    0.594       594.63          1317.24        2572.95         3710.03         5113.53  
    0.600       497.03          1292.25        2670.42         3643.19         4786.55  
    0.606       400.20          1247.43        2693.67         3628.49         4665.79  
    0.613       366.03          1245.21        2657.58         3495.61         4810.41  
    0.619       350.49          1258.30        2652.77         3377.22         4794.25  
    0.625       346.41          1261.46        2652.35         3307.52         4758.86  
    0.631       349.17          1270.70        2657.07         3277.46         4799.59  
    0.638       352.58          1263.22        2652.98         3247.31         4765.51  
    0.644       354.40          1241.96        2640.26         3172.24         4675.38  
    0.650       351.36          1227.28        2649.33         3140.04         4587.42  
    0.656       345.62          1225.40        2669.27         3145.45         4476.30  
    0.663       343.24          1245.58        2686.98         3151.07         4351.79  
    0.669       343.37          1279.95        2697.49         3105.53         4249.49  
    0.675       342.72          1271.73        2670.51         3064.14         4140.96  
    0.681       345.15          1250.53        2649.31         3053.28         4114.52  
    0.688       348.19          1249.71        2664.99         3042.30         4206.68  
    0.694       343.97          1244.29        2679.81         3061.33         4223.08  
    0.700       337.62          1241.07        2689.77         3052.60         4134.37  
    0.706       337.06          1233.65        2707.52         3000.73         4200.10  
    0.713       343.07          1226.34        2675.31         2859.22         4363.37  
    0.719       350.81          1262.34        2601.77         2761.56         4448.08  
    0.725       169.14          806.51        1888.79         2771.01         4309.35  
    0.731       179.57          803.43        2060.28         3441.90         4858.57  
    0.738       344.29          1190.32        2786.77         4029.73         4805.86  
    0.744       346.48          1130.86        2795.59         3487.64         4380.78  
    0.750       346.54          1133.82        2792.25         2970.25         4568.70  
    0.756       341.63          1199.07        2795.27         2904.49         4569.04  
    