0.025       0          210.39        909.48         2548.28         4978.93  
    0.031       146.80          774.71        2067.46         3874.71         5372.15  
    0.038       182.52          1009.93        2504.50         4160.39         5500.00  
    0.044       183.02          1039.64        2522.85         4106.08         5500.00  
    0.050       45.26          402.00        1671.08         3023.61         4657.85  
    0.056       140.55          841.55        2171.72         3619.52         5226.20  
    0.062       45.70          394.91        2204.90         3255.81         4708.81  
    0.069       0          979.92        2543.97         3203.70         4641.92  
    0.075       274.08          1609.96        2686.45         4050.55         4742.57  
    0.081       378.60          1519.86        2672.35         4236.17         4837.48  
    0.088       375.24          1257.14        2501.68         4357.43         4896.66  
    0.094       373.85          1130.58        2483.30         4472.22         4883.99  
    0.100       382.09          1062.88        2613.00         4582.41         5347.01  
    0.106       391.01          1029.97        2744.31         4597.56         5500.00  
    0.113       402.14          1010.54        2765.20         4609.44         5500.00  
    0.119       409.93          995.55        2812.18         4630.91         5500.00  
    0.125       415.07          972.15        2823.59         4624.66         5500.00  
    0.131       419.27          908.95        2728.46         4612.39         5500.00  
    0.138       422.62          862.57        2604.16         4630.35         4868.55  
    0.144       424.17          837.12        2552.35         4479.47         4735.70  
    0.150       420.75          824.32        2541.75         4429.61         4820.72  
    0.156       410.54          815.77        2440.93         4435.49         4810.25  
    0.163       385.98          813.47        2478.40         4396.74         4836.65  
    0.169       271.76          817.69        2569.26         4334.11         5340.14  
    0.175       232.39          861.78        2689.41         4272.34         5500.00  
    0.181       262.99          925.73        2885.90         4269.80         5500.00  
    0.188       289.25          981.21        2839.88         4226.49         5500.00  
    0.194       358.56          1020.91        2700.00         3855.44         5500.00  
    0.200       93.09          252.63        1096.89         2977.40         4380.68  
    0.206       0          598.99        1731.71         2809.67         4304.28  
    0.213       0          757.28        1631.82         3029.05         4418.15  
    0.219       0          1111.39        1658.68         2892.00         5016.18  
    0.225       877.30          1243.46        2270.01         3692.99         5128.01  
    0.231       1004.02          1268.08        2564.25         4092.75         5178.95  
    0.238       774.72          1286.54        2859.55         4165.04         5427.38  
    0.244       494.79          1287.31        2877.37         4155.49         5145.78  
    0.250       452.35          1292.88        2290.62         4190.37         4918.82  
    0.256       495.47          1272.90        2111.40         4242.91         4891.18  
    0.263       534.85          1293.92        2222.70         4110.56         4954.55  
    0.269       553.39          1323.60        2353.59         4028.31         5015.46  
    0.275       559.46          1317.54        2402.72         4047.15         5041.04  
    0.281       569.78          1315.30        2421.41         4090.12         5015.85  
    0.288       578.39          1306.50        2470.31         4163.59         5062.39  
    0.294       598.98          1310.22        2490.83         4226.71         5397.10  
    0.300       610.51          1300.09        2390.96         4192.67         5312.69  
    0.306       609.21          1260.04        2296.00         4096.10         5026.54  
    0.312       611.51          1253.30        2268.33         4069.86         4797.84  
    0.319       601.73          1287.36        2361.06         4180.73         4913.45  
    0.325       573.86          1274.06        2350.56         4210.36         4900.67  
    0.331       557.11          1246.45        2322.75         4190.43         4776.32  
    0.338       538.45          1235.77        2360.36         4284.03         4642.72  
    0.344       510.04          1218.69        2333.71         4343.23         4662.79  
    0.350       471.73          1183.97        2258.24         4249.16         4767.48  
    0.356       405.39          1116.94        2188.87         4218.05         4875.01  
    0.363       298.50          1102.96        2160.32         4287.54         4863.46  
    0.369       259.00          1113.11        2227.47         4353.85         4822.17  
    0.375       213.88          1103.42        2280.79         4375.38         4838.03  
    0.381       142.31          1096.45        2290.06         4373.61         4839.56  
    0.388       148.18          1112.93        2309.00         4341.55         4808.67  
    0.394       196.06          1137.73        2306.03         4338.22         4778.46  
    0.400       238.64          1164.16        2286.94         4366.12         4830.19  
    0.406       252.94          1182.99        2244.75         4361.30         4777.12  
    0.413       259.22          1171.12        2237.67         4349.96         4703.92  
    0.419       254.61          1155.09        2253.34         4350.75         4721.16  
    0.425       246.57          1155.60        2252.60         4352.29         4868.11  
    0.431       235.92          1152.75        2292.95         4379.34         4873.52  
    0.438       227.57          1156.34        2326.34         4388.44         4896.65  
    0.444       225.67          1173.37        2334.72         4391.77         4881.96  
    0.450       224.76          1181.82        2310.20         4406.83         4956.77  
    0.456       221.05          1200.93        2275.79         4419.74         5043.79  
    0.463       216.22          1229.59        2245.54         4399.94         5084.48  
    0.469       212.60          1246.71        2226.95         4377.74         5052.51  
    0.475       211.76          1236.13        2258.22         4373.57         4973.20  
    0.481       212.08          1223.40        2358.93         4402.61         5008.05  
    0.488       210.83          1260.91        2415.36         4370.29         5151.88  
    