0.025       217.85          775.11        2498.22         3831.98         5500.00  
    0.031       218.11          950.28        2482.47         3804.64         5500.00  
    0.038       213.63          925.81        2532.86         3967.29         5500.00  
    0.044       3.63          198.81        989.06         2583.54         4091.34  
    0.050       0          709.57        1555.83         2535.09         3967.72  
    0.056       0          681.02        1868.41         2663.66         4026.63  
    0.062       0          671.87        1860.26         2665.57         4250.16  
    0.069       0          1050.67        2017.78         2852.85         4520.72  
    0.075       0          547.26        1874.85         2825.27         4392.41  
    0.081       477.75          1499.85        2814.56         4122.89         5481.12  
    0.088       496.39          1252.36        2512.08         3759.67         5280.72  
    0.094       518.33          1445.03        2438.18         3679.77         4912.43  
    0.100       539.37          1754.83        2333.56         3846.43         4699.46  
    0.106       545.21          1667.80        2516.36         4190.21         4337.38  
    0.113       568.14          1551.43        2196.45         3876.59         4769.23  
    0.119       572.54          1387.89        2332.47         3981.42         4846.28  
    0.125       591.14          1420.39        2323.39         3938.91         5488.90  
    0.131       603.25          1449.91        2263.84         3954.85         4748.35  
    0.138       597.02          1456.11        2249.02         3946.87         4630.88  
    0.144       592.75          1379.79        2260.25         3897.87         4750.93  
    0.150       590.69          1293.23        2277.05         3826.65         4912.02  
    0.156       564.38          1153.36        2316.83         3835.70         5272.80  
    0.163       524.45          1076.09        2350.64         3883.09         5496.24  
    0.169       497.21          1056.90        2359.93         3910.17         5500.00  
    0.175       476.03          1067.08        2378.50         3879.92         5500.00  
    0.181       566.63          1386.31        2464.29         3997.22         5500.00  
    0.188       564.26          1338.44        2578.18         3970.10         5500.00  
    0.194       572.53          1334.77        2569.58         3615.86         5361.30  
    0.200       594.14          1722.45        2308.59         3404.82         5497.60  
    0.206       10.11          611.97        1791.49         3168.65         4252.52  
    0.213       0          780.83        1268.69         2925.82         4425.00  
    0.219       722.44          1180.57        2972.23         4370.32         5481.77  
    0.225       12.50          1169.78        2214.96         3415.45         4365.05  
    0.231       0          1170.33        2388.81         4298.46         4737.74  
    0.238       455.49          1190.44        2968.16         4340.44         5329.91  
    0.244       7.88          1170.41        2599.36         3880.35         4702.62  
    0.250       0          19.90        1161.59         2935.08         4403.28  
    0.256       550.28          1149.68        2483.22         4176.24         4676.04  
    0.263       531.84          1170.54        2417.49         4178.10         4688.72  
    0.269       524.06          1078.15        2530.11         4199.20         4849.96  
    0.275       537.07          1070.90        2448.62         3831.11         4832.94  
    0.281       545.84          1118.51        2450.16         3729.16         4724.03  
    0.288       556.39          1152.19        2432.07         3527.85         4773.41  
    0.294       584.98          1148.00        2281.54         3792.36         4786.78  
    0.300       583.67          1176.55        2320.92         3831.79         4734.27  
    0.306       573.40          1177.80        2410.15         3532.04         4746.71  
    0.312       566.58          1162.96        2210.36         3813.16         4910.98  
    0.319       569.59          1155.22        2191.56         3865.53         5027.87  
    0.325       577.52          1170.84        2236.63         3868.69         5028.95  
    0.331       591.58          1202.79        2314.45         3920.64         5307.59  
    0.338       595.28          1206.48        2343.56         3917.78         5128.69  
    0.344       602.70          1194.56        2426.54         3783.97         4639.84  
    0.350       610.59          1176.08        2332.54         3727.78         4717.69  
    0.356       607.63          1175.26        2385.14         3711.56         4696.39  
    0.363       607.91          1173.68        2401.30         3376.97         4726.24  
    0.369       614.38          1180.49        2329.09         3333.29         4720.02  
    0.375       613.64          1196.57        2430.20         3276.97         4748.18  
    0.381       608.36          1197.42        2495.32         3271.55         4757.76  
    0.388       609.89          1198.62        2503.81         3213.23         4776.39  
    0.394       579.23          1166.97        2537.11         3273.86         4799.30  
    0.400       577.61          1165.61        2515.52         3196.60         4777.63  
    0.406       599.85          1164.21        2462.35         3119.16         4787.68  
    0.413       594.79          1191.94        2544.20         3062.77         4735.83  
    0.419       608.80          1190.58        2530.90         3149.87         4751.38  
    0.425       618.35          1185.94        2475.50         3177.85         4805.04  
    0.431       579.17          1194.74        2566.77         3042.99         4823.42  
    0.438       592.82          1201.96        2575.00         2967.74         4854.13  
    0.444       602.21          1199.99        2442.73         3027.10         4847.09  
    0.450       595.95          1137.89        2426.54         3141.16         4783.21  
    0.456       605.26          1151.75        2384.93         3267.16         4769.80  
    0.463       613.42          1152.16        2511.04         3372.90         5286.16  
    0.469       592.76          1085.18        2111.31         3409.07         5004.82  
    0.475       490.59          1035.86        2230.84         3442.66         4815.03  
    0.481       401.30          1058.18        2323.36         3304.96         4714.86  
    0.488       399.79          1249.12        2189.94         2997.36         4727.70  
    0.494       279.72          1408.15        2226.95         3161.52         4754.38  
    0.500       257.51          1455.84        2166.10         3209.45         4778.45  
    0.506       218.05          1209.66        2079.00         3353.50         4721.11  
    0.513       254.30          1163.62        2076.02         3302.70         4835.82  
    0.519       304.65          1102.45        2092.62         3090.23         4923.65  
    0.525       263.31          1275.67        2182.93         3121.64         4900.29  
    0.531       186.46          1232.54        2168.67         3199.54         4789.97  
    0.537       63.61          1219.36        2208.61         3042.95         4766.92  
    0.544       1.05          858.05        2053.46         2865.65         4708.89  
    0.550       0          507.68        1921.82         2827.18         4581.96  
    0.556       0          766.68        1911.34         2900.53         4499.76  
    