0.025       0          212.98        1036.67         2564.63         3347.53  
    0.031       149.07          647.69        2068.17         2990.03         4833.27  
    0.038       241.20          454.46        2544.76         3147.49         5500.00  
    0.044       78.22          264.70        2287.51         2890.60         5309.76  
    0.050       0          251.87        2050.64         2673.39         5160.37  
    0.056       161.63          1482.11        2444.86         4405.36         5210.43  
    0.062       72.53          790.64        2589.14         3503.81         4718.36  
    0.069       0          225.55        2626.72         2992.24         4550.34  
    0.075       143.04          925.88        2598.95         3234.94         5023.20  
    0.081       236.34          1732.93        2613.71         3385.18         5030.85  
    0.088       322.97          1928.93        2615.70         3443.30         4888.25  
    0.094       388.03          1346.44        2706.69         3492.29         4832.27  
    0.100       383.68          1091.83        2680.32         3681.07         4776.76  
    0.106       379.42          1073.66        2589.10         3723.80         4725.21  
    0.113       386.38          1071.22        2570.93         3754.41         4746.57  
    0.119       391.38          1057.82        2585.68         3824.56         4800.02  
    0.125       392.29          1035.34        2541.78         3859.55         4802.70  
    0.131       395.47          1024.33        2554.51         3741.21         4687.48  
    0.138       402.59          1007.46        2551.08         3719.00         4545.37  
    0.144       406.79          976.29        2535.95         3784.18         4556.58  
    0.150       406.55          951.84        2540.33         3826.02         4510.92  
    0.156       400.53          914.58        2577.29         3816.80         4325.42  
    0.163       394.62          890.94        2664.16         3764.76         4236.75  
    0.169       391.00          877.98        2654.70         3738.59         4181.09  
    0.175       385.00          864.65        2775.98         3776.62         4103.61  
    0.181       347.03          857.42        2993.26         3780.86         4065.52  
    0.188       286.95          848.61        3038.59         3702.17         4242.79  
    0.194       255.47          816.66        2971.53         3513.02         4478.93  
    0.200       77.51          248.99        1253.86         2980.35         3687.17  
    0.206       289.52          510.82        1981.52         3193.06         4298.06  
    0.213       397.33          821.57        2631.18         3390.17         4663.45  
    0.219       381.57          827.78        2641.45         3332.58         4607.58  
    0.225       117.38          512.12        2380.19         3221.11         4654.62  
    0.231       0          371.55        2369.66         3206.52         4374.39  
    0.238       252.50          1080.43        2763.89         3427.59         5108.92  
    0.244       388.68          1357.96        2785.60         4174.08         5044.94  
    0.250       123.57          414.85        1713.68         3047.51         4478.32  
    0.256       629.46          903.34        2077.15         3585.35         4562.07  
    0.263       570.52          1330.49        2421.71         4098.49         4669.43  
    0.269       448.73          1339.60        2213.85         3957.63         4614.20  
    0.275       472.94          1319.57        2071.53         3826.90         4509.98  
    0.281       501.83          1332.29        2033.66         3741.28         4460.06  
    0.288       537.07          1330.33        2030.95         3703.33         4456.59  
    0.294       557.75          1291.15        2020.05         3696.58         4464.15  
    0.300       577.21          1309.09        2076.55         3666.87         4491.39  
    0.306       608.63          1346.35        2131.09         3694.95         4537.26  
    0.312       620.74          1340.54        2145.57         3694.26         4658.93  
    0.319       622.23          1352.22        2134.43         3660.93         4868.37  
    0.325       624.52          1376.79        2117.67         3645.09         5326.85  
    0.331       626.01          1382.35        2261.36         3646.75         5500.00  
    0.338       610.99          1371.43        2286.60         3671.67         5500.00  
    0.344       587.71          1276.86        2223.51         3683.13         4776.66  
    0.350       559.48          1288.18        2192.45         3755.30         4277.91  
    0.356       536.03          1355.41        2177.83         3701.15         4461.47  
    0.363       522.65          1369.98        2107.64         3629.85         4086.39  
    0.369       485.26          1293.26        1999.61         3580.85         3892.74  
    0.375       443.90          1282.90        1893.62         3538.50         4027.41  
    0.381       412.36          1279.61        1885.67         3533.76         4111.75  
    0.388       412.23          1210.48        1920.43         3561.54         4090.09  
    0.394       362.04          1173.73        2181.91         3615.39         4022.66  
    0.400       328.25          1157.79        2343.30         3616.92         4030.12  
    0.406       100.36          587.33        1812.19         2839.52         4007.68  
    0.413       0          321.56        1517.13         2530.30         3985.61  
    0.419       213.96          1009.04        2125.27         3186.09         4137.41  
    0.425       306.99          1321.09        2426.33         3430.52         4289.76  
    0.431       305.76          1298.89        2457.55         3645.49         4163.04  
    0.438       303.15          1299.91        2458.93         3910.35         4081.69  
    0.444       294.34          1311.91        2403.15         3952.28         4169.63  
    0.450       281.02          1344.51        2362.55         3509.31         4295.72  
    0.456       255.10          1391.16        2299.43         3123.34         4405.68  
    0.463       76.03          435.56        862.87         2478.31         3532.88  
    