0.025       0          478.82        1172.52         3401.10         3628.16  
    0.031       462.62          1093.18        3301.72         3589.81         5432.94  
    0.038       494.20          1037.16        3299.47         3614.43         5500.00  
    0.044       491.57          1003.22        3125.18         3627.87         5500.00  
    0.050       485.84          969.18        3008.61         3618.21         5500.00  
    0.056       479.10          890.44        2961.30         3592.65         5500.00  
    0.062       458.53          902.69        2872.61         3566.01         4979.84  
    0.069       454.09          907.09        2869.66         3569.56         4519.82  
    0.075       447.86          903.00        2940.45         3588.68         4494.84  
    0.081       458.73          867.10        2920.04         3612.39         4240.55  
    0.088       435.32          871.35        2919.10         3601.67         4139.74  
    0.094       424.03          844.16        3155.74         3692.79         4304.33  
    0.100       15.18          30.21        113.38         903.03         3546.05  
    0.106       0          0        0         802.67         3359.30  
    0.113       451.42          705.85        3014.01         3805.45         5423.09  
    0.119       467.62          1124.88        2841.29         3772.75         5500.00  
    0.125       449.14          984.19        2694.73         3773.02         5095.76  
    0.131       419.26          990.62        2674.93         3718.56         5484.98  
    0.138       439.26          1010.60        2653.72         3735.47         5226.35  
    0.144       507.86          950.02        2677.89         3843.88         5208.51  
    0.150       521.51          945.19        2732.46         3952.74         5489.55  
    0.156       433.96          1003.22        2684.41         3831.81         5500.00  
    0.163       445.34          1111.25        2585.34         3716.83         5500.00  
    0.169       15.98          649.28        2411.42         3432.01         3781.87  
    0.175       0          650.29        2505.52         2570.55         3818.00  
    0.181       559.06          1275.98        2706.85         3788.03         5439.87  
    0.188       20.77          754.83        2114.77         3233.69         4160.96  
    0.194       0          1027.58        2382.71         3332.96         4077.30  
    0.200       0          1082.76        2312.96         3111.12         4239.49  
    0.206       0          1091.36        1398.79         3028.96         4366.87  
    0.213       1053.79          1310.62        2924.03         4320.18         5049.52  
    0.219       1114.65          1229.78        2893.73         4341.55         4392.03  
    0.225       1088.62          1162.95        2912.73         4110.37         4541.57  
    0.231       595.88          1196.68        2924.50         4192.52         4545.28  
    0.238       553.12          1192.03        2791.18         3715.37         4470.14  
    0.244       586.42          1182.41        2784.58         3701.47         4418.97  
    0.250       605.58          1167.21        2775.75         3697.46         4190.26  
    0.256       594.48          1153.36        2782.42         3681.29         3994.91  
    0.263       589.64          1152.94        2769.93         3643.61         3838.58  
    0.269       591.28          1161.62        2754.73         3622.69         3774.13  
    0.275       592.34          1172.41        2754.86         3603.67         3824.92  
    0.281       594.51          1186.11        2757.05         3613.79         3757.89  
    0.288       598.42          1200.06        2747.13         3605.05         3633.47  
    0.294       604.59          1216.84        2746.32         3625.08         3687.01  
    0.300       610.22          1228.98        2755.38         3609.23         4064.18  
    0.306       615.31          1228.52        2753.89         3601.12         4247.22  
    0.312       623.11          1226.56        2745.64         3603.26         3963.48  
    0.319       629.94          1227.37        2729.46         3602.04         3662.52  
    0.325       641.44          1229.37        2726.78         3599.27         3821.86  
    0.331       646.54          1232.32        2733.63         3606.90         3969.02  
    0.338       649.50          1235.19        2708.89         3611.98         4232.60  
    0.344       657.44          1234.49        2679.93         3590.03         4389.99  
    0.350       676.25          1236.15        2673.54         3595.67         4311.29  
    0.356       690.82          1240.11        2669.60         3586.66         4443.13  
    0.363       706.40          1237.24        2638.09         3579.63         4392.25  
    0.369       711.24          1242.65        2613.04         3555.10         4253.97  
    0.375       715.32          1250.22        2598.94         3555.34         4318.39  
    0.381       712.80          1265.66        2594.62         3601.83         5241.32  
    0.388       709.45          1287.36        2590.00         3603.95         5143.07  
    0.394       722.44          1294.83        2567.15         3594.92         4745.62  
    0.400       711.56          1305.10        2537.73         3589.40         4436.28  
    0.406       713.04          1318.21        2512.07         3580.63         4423.66  
    0.413       701.60          1333.75        2501.39         3551.17         4420.76  
    0.419       700.78          1339.98        2478.30         3509.90         4434.81  
    0.425       699.41          1344.62        2453.67         3490.25         4425.31  
    0.431       693.91          1346.49        2453.40         3531.98         4433.17  
    0.438       677.38          1348.04        2463.97         3586.31         4431.97  
    0.444       653.82          1347.00        2441.60         3556.08         4438.31  
    0.450       631.37          1328.79        2441.19         3545.48         4460.95  
    0.456       601.74          1318.25        2436.05         3502.80         4417.86  
    0.463       551.60          1293.18        2530.02         3468.00         4475.48  
    0.469       403.98          1263.17        2650.93         3360.60         4628.17  
    0.475       372.70          1253.77        2690.54         3332.51         4437.07  
    0.481       352.73          1282.94        2692.46         3270.75         4451.69  
    0.488       347.06          1268.24        2698.52         3178.98         4428.45  
    0.494       341.64          1245.72        2687.33         3121.13         4376.23  
    0.500       339.50          1247.77        2688.04         3239.42         4335.90  
    0.506       336.69          1243.24        2696.44         3298.84         4256.27  
    0.513       343.45          1268.86        2689.21         3194.24         4351.72  
    0.519       338.82          1280.87        2684.11         3190.35         4250.02  
    0.525       341.99          1296.85        2698.21         3210.17         4209.54  
    0.531       343.00          1297.85        2725.50         3101.12         4308.21  
    0.537       338.19          1283.12        2749.69         3166.77         4268.36  
    0.544       335.71          1269.83        2755.21         3270.09         3900.02  
    0.550       331.38          1285.02        2751.57         3239.15         4130.54  
    0.556       326.33          1289.22        2722.50         3198.28         4176.55  
    0.562       328.26          1300.54        2781.68         3200.44         3981.12  
    