0.025       0          313.43        1454.32         3608.11         3963.25  
    0.031       0          331.29        1403.05         3552.16         3802.11  
    0.038       0          333.52        1325.02         3227.21         3774.84  
    0.044       0          324.84        1323.50         3154.37         4122.02  
    0.050       0          342.86        1347.96         3155.67         4311.34  
    0.056       0          356.24        1347.22         2991.51         4233.95  
    0.062       0          319.15        1414.58         3106.42         4126.70  
    0.069       203.14          945.65        2351.89         3603.00         4834.08  
    0.075       177.91          933.61        2260.75         3429.52         4674.37  
    0.081       227.93          870.24        2129.21         3504.54         4776.92  
    0.088       434.46          1264.12        2696.48         3931.47         5500.00  
    0.094       443.28          1261.08        2655.46         3909.09         5500.00  
    0.100       447.49          1271.00        2623.11         3908.73         5500.00  
    0.106       450.03          1295.75        2576.85         3902.91         5500.00  
    0.113       451.93          1289.66        2459.50         3888.76         5250.91  
    0.119       454.28          1242.52        2391.85         3906.87         5281.84  
    0.125       456.01          1213.39        2326.87         3911.80         5500.00  
    0.131       455.97          1196.97        2274.41         3876.08         5162.40  
    0.138       455.58          1182.55        2287.35         3858.90         4722.36  
    0.144       459.55          1223.95        2265.95         3846.04         4632.50  
    0.150       467.66          1332.04        2158.36         3836.12         4880.49  
    0.156       470.80          1428.72        2003.93         3843.21         4988.02  
    0.163       469.86          1379.58        1861.37         3834.67         4837.00  
    0.169       468.55          1219.65        1830.89         3848.32         4680.22  
    0.175       458.01          1046.98        2031.85         3910.96         4383.69  
    0.181       434.69          921.59        2326.93         3943.04         4170.72  
    0.188       415.56          880.97        2475.24         3997.74         4149.87  
    0.194       401.33          889.43        2603.61         4048.63         4868.30  
    0.200       183.70          616.49        1740.48         3393.26         4702.20  
    0.206       173.25          652.60        1707.63         3403.92         4801.29  
    0.213       303.01          925.37        2426.44         3912.50         5339.26  
    0.219       308.73          929.91        2505.87         3904.85         5132.57  
    0.225       352.02          909.34        2639.61         3867.11         4998.36  
    0.231       512.22          973.07        2558.17         4122.31         4683.83  
    0.238       876.58          1198.64        2471.93         4316.08         4484.05  
    0.244       1098.85          1352.31        2507.59         4235.33         4449.21  
    0.250       517.80          1240.00        2428.70         4175.73         4349.70  
    0.256       398.04          1252.95        2435.34         4204.10         4456.73  
    0.263       725.45          1342.84        2478.35         4272.12         4490.92  
    0.269       607.99          1301.65        2446.28         4193.70         4419.95  
    0.275       456.25          1274.49        2453.65         4102.20         4528.17  
    0.281       425.14          1260.41        2458.84         4151.95         4466.59  
    0.288       462.35          1227.54        2440.99         4153.54         4369.51  
    0.294       483.09          1239.50        2428.00         4247.56         4484.89  
    0.300       504.33          1258.23        2437.36         4238.37         5063.46  
    0.306       525.42          1248.09        2474.86         4171.96         5102.48  
    0.312       547.52          1268.29        2495.85         4108.77         4743.36  
    0.319       579.08          1312.05        2493.84         4013.63         4853.66  
    0.325       611.27          1348.35        2483.28         4303.07         5247.26  
    0.331       632.47          1349.24        2455.76         4244.31         5098.56  
    0.338       644.58          1342.53        2435.67         4008.85         4818.13  
    0.344       651.69          1341.75        2420.00         3930.09         4847.71  
    0.350       655.88          1341.28        2392.78         3861.94         4849.10  
    0.356       661.95          1354.16        2374.43         3776.47         4880.08  
    0.363       668.75          1363.69        2380.54         3609.67         4882.08  
    0.369       677.10          1353.47        2383.97         3543.74         4880.33  
    0.375       684.42          1321.39        2360.87         3674.91         4891.73  
    0.381       685.82          1283.77        2367.33         4002.41         4900.12  
    0.388       688.69          1283.26        2451.36         4096.06         4906.02  
    0.394       689.25          1295.86        2516.93         3903.86         4915.47  
    0.400       679.51          1285.59        2497.04         3804.45         4931.98  
    0.406       664.97          1268.85        2450.57         3928.81         4936.73  
    0.413       653.71          1257.21        2419.70         4182.48         4918.70  
    0.419       646.97          1264.63        2420.98         4122.21         4905.81  
    0.425       633.83          1257.26        2425.59         3897.65         4892.61  
    0.431       608.40          1221.67        2416.76         3880.01         4849.88  
    0.438       572.53          1189.12        2419.87         3884.71         4794.13  
    0.444       518.65          1189.59        2427.71         3776.24         4805.14  
    0.450       454.84          1245.44        2404.75         3700.19         4869.37  
    0.456       424.83          1269.29        2403.65         3621.27         4873.83  
    0.463       422.34          1246.17        2419.02         3464.82         4842.04  
    0.469       411.88          1225.13        2387.03         3458.47         4836.71  
    0.475       406.49          1241.68        2351.76         3339.00         4822.69  
    0.481       411.98          1204.03        2410.57         3180.46         4805.39  
    0.488       414.91          1117.73        2463.93         3186.10         4822.35  
    0.494       413.47          1097.46        2441.19         3212.07         4839.30  
    0.500       406.30          1116.37        2406.84         3218.10         4823.23  
    0.506       389.03          1139.06        2384.71         3205.46         4838.22  
    