0.025       0          268.04        2468.65         2824.84         3861.38  
    0.031       0          246.99        2479.05         2761.88         3850.83  
    0.038       0          234.47        2517.30         2617.38         3834.29  
    0.044       190.84          1218.13        2577.03         3649.27         5348.40  
    0.050       215.00          1504.61        2546.52         3829.36         5500.00  
    0.056       370.75          1510.02        2678.69         4194.59         5500.00  
    0.062       392.09          1369.45        2536.32         3722.95         4636.60  
    0.069       390.92          1316.85        2658.91         3582.44         4679.44  
    0.075       432.54          1316.01        2795.35         3364.55         4615.87  
    0.081       427.28          1206.37        2485.72         3458.96         4586.65  
    0.088       426.96          1141.01        2399.60         3588.26         4746.76  
    0.094       427.67          1147.99        2414.48         3517.18         4688.85  
    0.100       440.44          1156.19        2399.35         3494.09         4575.01  
    0.106       457.85          1102.96        2413.74         3540.27         4599.89  
    0.113       464.77          1060.84        2340.16         3524.01         4684.91  
    0.119       487.27          1014.81        2251.36         3548.54         4641.87  
    0.125       493.06          969.92        2297.22         3630.02         4617.96  
    0.131       476.43          981.43        2283.74         3646.91         4766.39  
    0.138       441.58          1000.38        2351.32         3638.92         4798.56  
    0.144       409.43          790.77        2421.18         3620.96         4690.12  
    0.150       513.36          586.83        2528.26         3645.45         4678.26  
    0.156       347.12          747.00        2715.85         3708.64         4992.03  
    0.163       29.95          69.55        971.95         2737.63         3967.42  
    0.169       0          746.24        2158.08         3541.39         3932.40  
    0.175       0          858.89        2210.85         3659.51         4367.83  
    0.181       0          867.38        2176.25         3134.90         4335.81  
    0.188       0          856.03        2161.88         3213.58         4379.30  
    0.194       0          824.88        2113.85         3319.31         4478.15  
    0.200       448.78          1551.30        2161.02         3773.20         4899.30  
    0.206       466.85          1709.86        2232.36         3618.34         4861.55  
    0.213       42.21          624.72        2237.32         3477.40         4863.25  
    0.219       0          520.73        2267.88         3300.94         4340.74  
    0.225       0          501.28        1978.65         3013.34         4314.42  
    0.231       468.04          2005.28        3240.13         3431.98         4815.21  
    0.238       523.84          2290.12        2683.13         3657.20         4936.50  
    0.244       47.71          209.46        1268.55         2693.12         4044.21  
    0.250       623.02          1113.59        2300.16         3612.26         4409.86  
    0.256       62.32          1141.23        1361.44         3605.98         4401.83  
    0.263       0          1140.84        1274.75         3589.76         4375.37  
    0.269       0          1116.51        1278.31         3616.22         4353.12  
    0.275       437.05          1301.80        2111.91         3611.67         4463.14  
    0.281       505.73          1333.17        2130.98         3550.27         5101.62  
    0.288       531.99          1363.12        2264.72         3571.88         5294.80  
    0.294       539.47          1376.93        2319.25         3595.93         5128.79  
    0.300       552.82          1399.96        2351.76         3723.44         4976.69  
    0.306       572.39          1424.02        2429.84         3668.01         4863.18  
    0.312       598.07          1442.35        2444.76         3459.48         4869.93  
    0.319       626.16          1375.93        2422.31         3340.28         4935.95  
    0.325       657.79          1362.09        2408.01         3392.47         4883.39  
    0.331       680.51          1378.08        2388.60         3469.53         4842.60  
    0.338       702.38          1427.45        2513.30         3691.54         5439.91  
    0.344       64.05          770.60        1527.19         2641.11         4040.25  
    0.350       624.55          1321.21        2365.97         3776.91         5353.99  
    0.356       667.36          1344.82        2455.05         3890.26         5500.00  
    0.363       652.15          1322.89        2495.24         3775.10         5019.05  
    0.369       638.87          1313.88        2469.66         3856.62         5451.89  
    0.375       619.20          1309.28        2343.57         3883.15         5500.00  
    0.381       589.43          1257.41        2198.93         3852.66         5500.00  
    0.388       597.02          1230.43        2204.03         3781.14         5500.00  
    0.394       583.84          1245.72        2205.97         3806.46         5500.00  
    0.400       548.43          1275.06        2211.73         3777.21         4781.37  
    0.406       49.56          582.10        1366.78         2421.75         3888.25  
    0.413       0          460.46        1404.99         2429.95         3897.33  
    0.419       0          330.59        1641.47         2615.33         3940.45  
    0.425       0          300.57        1574.07         2702.40         3977.90  
    0.431       0          319.09        1582.55         2684.61         4000.87  
    0.438       0          311.72        1497.52         2678.14         3968.55  
    0.444       0          295.37        1393.15         2711.17         3988.69  
    0.450       0          289.44        1460.46         2599.74         4009.88  
    0.456       0          307.25        1413.41         2431.92         4016.73  
    0.463       0          318.26        1392.41         2425.81         4010.32  
    0.469       0          324.04        1589.55         2555.95         4002.11  
    0.475       0          359.90        1750.73         2619.94         4001.14  
    0.481       0          371.40        1865.17         2547.45         3992.77  
    0.488       0          509.96        2051.47         2524.02         3932.83  
    0.494       0          392.95        2124.63         2668.30         3950.65  
    0.500       0          473.64        2094.39         2555.04         3960.20  
    0.506       0          197.15        1957.60         2429.21         3963.38  
    0.513       0          162.67        1643.61         2397.99         3982.02  
    0.519       147.40          1421.62        2401.46         3879.37         5362.14  
    