0.025       0          221.27        752.03         2474.65         3052.63  
    0.031       0          210.92        766.45         2465.49         2953.62  
    0.038       0          201.32        821.23         2514.09         3002.20  
    0.044       0          222.48        941.82         2548.36         3262.47  
    0.050       0          237.17        807.28         2600.11         3520.79  
    0.056       0          229.76        837.77         2682.13         3739.79  
    0.062       0          218.81        974.10         2659.84         3830.26  
    0.069       0          209.10        941.22         2783.39         3538.24  
    0.075       128.37          1202.94        2177.54         3151.01         4685.71  
    0.081       243.22          1876.25        2983.33         3461.91         5500.00  
    0.088       100.81          957.00        2290.13         3261.01         4410.50  
    0.094       222.26          812.32        2644.04         3531.53         4239.29  
    0.100       360.68          1060.11        2922.56         3714.90         4447.41  
    0.106       368.16          1044.54        2700.52         3655.73         4413.51  
    0.113       379.62          1040.95        2610.14         3606.69         4413.79  
    0.119       392.90          1023.93        2616.00         3572.79         4483.63  
    0.125       403.44          980.75        2638.02         3565.46         4579.96  
    0.131       407.34          938.88        2615.08         3563.96         4503.58  
    0.138       407.39          922.53        2584.88         3581.57         4325.29  
    0.144       408.87          916.92        2595.37         3614.01         4118.34  
    0.150       411.97          915.75        2911.99         3620.46         4057.73  
    0.156       415.66          920.33        3366.76         3596.31         4164.81  
    0.163       418.51          930.79        3578.32         3901.75         4160.37  
    0.169       403.66          949.44        3649.26         4063.74         4976.95  
    0.175       149.67          363.81        1970.52         3843.72         4599.92  
    0.181       219.21          571.77        2682.30         3760.61         4051.10  
    0.188       378.96          938.80        3728.96         3739.74         4047.56  
    0.194       412.89          975.30        3651.11         3916.27         4947.16  
    0.200       161.08          694.86        1981.54         3729.52         4596.72  
    0.206       0          549.24        1053.14         3599.32         4023.62  
    0.213       350.83          874.50        2170.37         3882.85         4441.48  
    0.219       552.22          1003.75        2764.10         4007.35         4831.11  
    0.225       531.40          1041.91        2657.11         3976.81         4796.35  
    0.231       551.95          1225.15        2539.56         3911.94         4556.29  
    0.238       837.69          1333.32        2531.75         3836.39         4477.48  
    0.244       1036.43          1341.97        2508.74         3805.67         4495.60  
    0.250       981.61          1327.94        2385.36         3796.99         4463.69  
    0.256       462.56          1325.25        2397.02         3790.83         4432.10  
    0.263       410.13          1330.47        2226.51         3798.43         4417.31  
    0.269       570.12          1339.59        2101.44         3831.38         4344.89  
    0.275       582.99          1318.37        2152.89         3861.21         4487.65  
    0.281       595.38          1291.98        2116.65         3852.31         4676.99  
    0.288       618.57          1276.83        2013.03         3841.15         4588.38  
    0.294       643.54          1273.48        1984.52         3825.15         4500.67  
    0.300       655.05          1256.34        2091.02         3796.90         4546.54  
    0.306       660.60          1261.98        2091.92         3775.23         4603.57  
    0.312       671.40          1308.97        2033.95         3725.50         4607.76  
    0.319       675.87          1319.02        2018.87         3705.82         4584.48  
    0.325       674.05          1322.56        1948.77         3703.32         4537.86  
    0.331       677.72          1377.04        1871.41         3733.30         4414.07  
    0.338       676.33          1396.61        1886.82         3779.11         4434.14  
    0.344       666.03          1359.57        1902.98         3769.05         4544.17  
    0.350       658.84          1332.97        1881.24         3775.57         4568.56  
    0.356       654.13          1327.13        1861.36         3789.15         4426.12  
    0.363       648.38          1325.02        1849.79         3742.69         4134.70  
    0.369       640.50          1323.73        1859.22         3631.19         3993.63  
    0.375       605.42          1299.82        1915.46         3579.38         3946.49  
    0.381       538.49          1277.07        2143.50         3500.13         3898.51  
    0.388       441.04          1306.51        2381.27         3112.43         3907.53  
    0.394       309.19          1299.86        2455.59         2843.23         4021.03  
    0.400       284.65          1272.83        2470.15         2716.27         4115.91  
    0.406       274.85          1255.83        2450.68         2632.83         4136.83  
    0.413       97.76          474.46        1692.68         2514.06         3140.28  
    0.419       108.33          786.29        1988.56         2498.66         3474.31  
    0.425       164.59          1279.06        2474.27         2550.30         4135.44  
    0.431       60.17          488.42        1778.76         2537.06         3296.91  
    0.438       0          70.85        1372.88         2563.27         3568.88  
    0.444       130.12          902.67        2069.04         3000.17         4122.77  
    0.450       232.11          1394.86        2491.98         2949.84         4158.01  
    0.456       230.97          1627.24        2112.32         2613.66         4129.86  
    