0.025       264.94          1199.10        2514.30         3165.49         4670.79  
    0.031       271.89          1207.62        2513.36         3244.75         4670.11  
    0.038       132.68          726.24        1838.96         2895.89         4665.37  
    0.044       0          278.28        1229.50         2514.41         4595.46  
    0.050       0          264.73        1242.23         2513.69         4505.78  
    0.056       0          230.63        1247.04         2513.05         4326.78  
    0.062       97.76          767.73        1944.96         3208.63         4874.36  
    0.069       185.66          1277.05        2605.18         4104.03         5500.00  
    0.075       187.86          1272.37        2632.78         4190.98         5500.00  
    0.081       193.30          1404.50        2766.05         3873.72         4967.26  
    0.088       280.80          1488.13        2879.17         3726.08         4419.44  
    0.094       389.73          1380.42        2907.25         3856.81         4479.88  
    0.100       433.80          1268.80        2895.71         3937.93         4902.39  
    0.106       460.35          1218.73        2879.35         3790.52         5254.89  
    0.113       476.13          1209.93        2835.71         3636.61         5411.24  
    0.119       483.60          1172.23        2717.27         3539.58         5500.00  
    0.125       482.83          1110.49        2659.96         3481.25         5500.00  
    0.131       477.85          1085.03        2680.33         3479.06         5500.00  
    0.138       475.78          1089.84        2658.58         3484.05         5377.34  
    0.144       483.39          1071.54        2575.98         3481.69         5221.69  
    0.150       512.78          1047.87        2488.16         3466.16         5348.23  
    0.156       553.00          1055.24        2306.65         3451.27         5118.20  
    0.163       574.95          1232.75        1843.32         3476.51         5151.96  
    0.169       543.84          1194.17        1962.91         3525.42         5181.46  
    0.175       502.36          944.75        2400.36         3518.55         4758.65  
    0.181       478.86          845.05        2445.78         3475.66         4613.36  
    0.188       436.29          794.68        2455.74         3475.34         4608.89  
    0.194       352.35          774.24        2496.64         3507.89         4646.94  
    0.200       310.47          783.30        2502.40         3526.55         4618.59  
    0.206       331.30          808.30        2547.17         3532.89         4533.87  
    0.213       370.71          850.39        2752.74         3792.44         5021.54  
    0.219       418.72          886.34        2929.25         4049.96         5500.00  
    0.225       446.62          911.98        2886.88         3923.92         5227.87  
    0.231       450.47          1058.16        2785.11         3637.16         4948.80  
    0.238       213.32          562.03        1588.04         2779.66         4136.87  
    0.244       308.05          543.48        1573.25         2922.59         4205.97  
    0.250       556.20          1091.42        2518.52         3692.80         4886.91  
    0.256       540.63          1092.40        2506.33         3693.06         4898.18  
    0.263       527.59          1230.73        2573.59         3666.87         4982.55  
    0.269       538.45          1468.34        2709.53         3705.28         5099.05  
    0.275       606.49          1551.02        2707.77         3826.07         5341.03  
    0.281       652.00          1488.43        2733.02         3944.35         5500.00  
    0.288       676.13          1365.31        2802.45         3913.54         5250.24  
    0.294       684.14          1313.78        2652.19         3742.55         4778.95  
    0.300       669.11          1319.18        2582.35         3679.02         4542.48  
    0.306       740.62          1351.91        2986.91         3764.74         4493.23  
    0.312       830.27          1363.29        3152.83         3603.61         4451.85  
    0.319       402.40          645.31        2128.95         2733.23         3928.75  
    0.325       251.71          759.01        1881.44         2813.76         4018.41  
    0.331       489.14          1402.67        2322.37         3474.21         4549.00  
    0.338       512.68          1358.77        2254.46         3490.85         4601.53  
    0.344       538.24          1364.51        2266.32         3500.60         4649.34  
    0.350       562.20          1371.67        2303.35         3516.13         4678.94  
    0.356       588.53          1359.95        2288.55         3515.29         4709.42  
    0.363       610.75          1336.16        2245.92         3521.41         4668.20  
    0.369       623.73          1327.88        2231.94         3538.15         4648.16  
    0.375       624.94          1323.00        2227.39         3541.98         4719.33  
    0.381       631.72          1319.26        2237.34         3566.10         4667.14  
    0.388       641.29          1318.07        2236.03         3613.95         4517.88  
    0.394       646.12          1306.64        2215.58         3626.00         4416.78  
    0.400       655.85          1292.06        2203.66         3617.83         4467.11  
    0.406       663.97          1288.09        2226.98         3613.72         4652.90  
    0.413       666.27          1305.25        2304.84         3639.07         4721.23  
    0.419       665.14          1310.30        2352.89         3679.81         4606.43  
    0.425       670.69          1292.13        2334.24         3747.78         4643.78  
    0.431       667.01          1264.41        2296.00         3766.20         4815.59  
    0.438       657.60          1244.36        2288.05         3747.40         4851.28  
    0.444       663.30          1238.03        2311.91         3693.69         4763.80  
    0.450       652.62          1224.72        2314.21         3581.04         4732.60  
    0.456       630.31          1216.11        2284.84         3537.41         4740.89  
    0.463       617.00          1222.25        2262.11         3550.99         4804.59  
    0.469       608.54          1224.52        2256.18         3573.80         4927.51  
    0.475       604.71          1217.96        2255.28         3565.27         4810.45  
    0.481       598.18          1211.92        2248.52         3522.01         4714.51  
    0.488       595.69          1209.22        2254.69         3512.48         4759.50  
    0.494       597.66          1206.85        2267.03         3554.02         4721.36  
    0.500       594.74          1203.35        2261.59         3577.33         4681.90  
    0.506       587.99          1200.71        2252.93         3547.29         4646.06  
    0.513       582.30          1199.53        2254.78         3508.94         4605.76  
    0.519       579.34          1199.69        2273.25         3569.83         4520.23  
    0.525       567.41          1195.64        2288.86         3738.13         4467.59  
    0.531       543.23          1187.39        2299.57         3888.60         4555.64  
    0.537       465.22          1174.41        2333.19         3890.41         4534.45  
    0.544       367.52          1197.98        2375.83         3840.64         4549.01  
    0.550       336.24          1212.96        2406.52         3757.23         4669.19  
    0.556       337.86          1208.55        2420.35         3770.94         5117.98  
    0.562       328.72          1230.96        2422.37         3784.04         5500.00  
    0.569       317.16          1254.86        2432.00         3646.05         5139.99  
    0.575       319.39          1273.70        2449.07         3528.01         4763.32  
    0.581       325.92          1293.99        2470.94         3453.17         4744.80  
    0.588       330.35          1294.07        2492.70         3433.44         4779.05  
    0.594       335.04          1278.97        2490.94         3470.50         4820.68  
    0.600       335.44          1258.38        2472.68         3527.54         5033.12  
    0.606       334.09          1249.60        2470.44         3676.96         5136.81  
    0.613       330.83          1235.18        2479.79         4106.78         4911.88  
    0.619       319.96          1196.46        2516.61         4354.45         5146.96  
    0.625       299.47          1178.72        2553.10         4254.45         5500.00  
    0.631       137.29          705.55        1858.52         3345.71         4827.86  
    