0.025       438.64          1219.87        2706.81         3524.62         3911.56  
    0.031       441.07          1147.29        2712.64         3536.17         3943.69  
    0.038       445.43          1087.80        2697.22         3538.17         3951.39  
    0.044       449.60          1049.09        2679.43         3494.26         3973.56  
    0.050       454.02          1017.92        2698.40         3478.28         4225.42  
    0.056       457.64          1002.93        2747.29         3488.22         4442.55  
    0.062       459.42          995.83        2789.91         3482.03         4578.38  
    0.069       459.25          987.45        2821.95         3497.86         4457.85  
    0.075       459.65          952.37        2853.64         3516.18         4298.61  
    0.081       458.38          915.84        2921.53         3517.44         4234.56  
    0.088       448.00          903.03        3027.95         3525.29         4196.50  
    0.094       427.93          917.20        3026.74         3576.81         4495.09  
    0.100       399.40          932.88        2994.85         3719.53         4828.20  
    0.106       381.60          945.95        3133.61         3791.82         4870.87  
    0.113       382.53          960.74        3137.63         3756.31         4899.29  
    0.119       388.42          961.22        3097.46         3677.82         5107.82  
    0.125       398.25          829.17        2993.07         3585.32         5055.71  
    0.131       339.12          781.98        2849.61         3532.99         5006.46  
    0.138       317.50          888.18        2769.24         3537.98         5042.36  
    0.144       334.76          969.47        2761.88         3567.26         5154.36  
    0.150       316.59          964.33        2721.52         3596.12         5080.33  
    0.156       97.80          305.97        1443.39         2891.62         4065.64  
    0.163       95.69          623.55        2134.38         3327.72         4606.98  
    0.169       261.91          908.75        2726.92         3668.66         5088.26  
    0.175       185.85          970.04        2667.04         3595.25         4965.93  
    0.181       373.40          1175.60        2731.40         3589.42         4908.57  
    0.188       157.62          854.71        1771.24         3392.28         4561.86  
    0.194       745.11          1102.59        2730.78         4062.57         5146.51  
    0.200       1131.67          1298.85        2915.11         4342.79         4805.50  
    0.206       1127.57          1292.99        2746.75         4241.82         4579.57  
    0.213       1089.48          1301.29        2829.29         4149.86         4640.13  
    0.219       892.33          1293.13        2769.99         4096.76         4552.76  
    0.225       637.15          1273.28        2707.42         3983.77         4495.46  
    0.231       578.09          1259.24        2670.56         3823.43         4447.87  
    0.238       609.73          1248.12        2683.01         3754.58         4474.56  
    0.244       628.09          1238.68        2714.14         3730.59         4482.82  
    0.250       630.67          1232.09        2706.71         3733.70         4582.64  
    0.256       626.11          1222.05        2661.58         3746.68         4644.37  
    0.263       621.97          1219.98        2605.54         3733.94         4662.43  
    0.269       620.38          1228.29        2579.53         3718.23         4655.15  
    0.275       619.04          1230.04        2568.07         3725.69         4679.34  
    0.281       616.24          1238.05        2555.03         3720.33         4658.03  
    0.288       616.70          1245.88        2568.48         3701.85         4708.81  
    0.294       620.60          1254.97        2583.74         3702.11         4791.18  
    0.300       628.02          1255.72        2596.24         3709.93         4934.62  
    0.306       633.90          1255.96        2592.15         3699.04         4905.42  
    0.312       640.83          1256.25        2582.84         3667.45         4859.08  
    0.319       644.18          1252.54        2584.20         3630.29         4894.46  
    0.325       644.94          1250.45        2595.92         3607.33         4945.58  
    0.331       647.24          1256.75        2576.26         3590.12         5114.72  
    0.338       648.62          1258.93        2568.38         3568.54         5159.85  
    0.344       652.03          1256.92        2569.56         3568.75         5116.39  
    0.350       659.19          1259.10        2566.22         3573.40         5070.29  
    0.356       663.07          1256.98        2565.99         3581.71         5063.84  
    0.363       668.29          1252.78        2549.34         3605.34         5070.31  
    0.369       674.75          1247.85        2532.25         3611.29         5054.92  
    0.375       683.05          1246.57        2522.54         3602.04         5021.29  
    0.381       688.87          1245.70        2520.07         3563.89         4954.97  
    0.388       686.11          1249.22        2514.43         3523.43         4977.35  
    0.394       680.77          1250.84        2526.54         3532.32         4985.79  
    0.400       681.31          1254.07        2555.76         3550.38         4929.77  
    0.406       686.34          1256.61        2555.95         3544.78         4889.96  
    0.413       693.35          1251.67        2540.09         3522.91         4930.35  
    0.419       697.49          1247.56        2529.05         3521.61         4959.94  
    0.425       699.25          1245.13        2512.72         3504.30         4935.99  
    0.431       705.34          1242.54        2505.85         3488.53         4851.34  
    0.438       708.92          1241.72        2496.94         3498.84         4705.68  
    0.444       708.93          1239.91        2491.92         3513.07         4675.62  
    0.450       711.63          1245.64        2485.93         3515.63         4849.62  
    0.456       710.26          1265.63        2478.64         3519.15         5280.95  
    0.463       706.62          1276.57        2487.19         3502.50         5257.43  
    0.469       702.74          1292.82        2506.88         3483.97         5120.07  
    0.475       695.98          1309.31        2507.79         3488.01         5371.02  
    0.481       694.30          1310.72        2492.75         3504.57         5500.00  
    0.488       693.58          1317.33        2474.18         3539.88         5193.50  
    0.494       688.57          1322.29        2497.98         3677.40         5047.19  
    0.500       685.19          1320.49        2531.97         3797.43         5354.56  
    0.506       673.88          1312.56        2525.95         3812.75         5500.00  
    0.513       655.63          1306.31        2529.20         3703.29         5090.32  
    0.519       595.69          1291.18        2642.05         3518.70         4635.79  
    0.525       460.79          1241.39        2679.30         3584.19         4611.77  
    0.531       390.61          1229.95        2660.90         3511.54         4915.16  
    0.537       366.58          1231.88        2653.38         3395.61         4821.96  
    0.544       353.85          1219.07        2646.81         3275.16         4675.24  
    0.550       353.64          1217.25        2651.10         3255.19         4716.21  
    0.556       360.36          1216.52        2652.05         3262.42         4813.86  
    0.562       364.05          1212.27        2642.35         3204.97         4800.28  
    0.569       358.74          1206.09        2648.36         3148.93         4655.37  
    0.575       350.41          1203.62        2669.17         3160.51         4554.22  
    0.581       343.97          1209.29        2684.82         3194.10         4476.84  
    0.588       337.16          1227.52        2696.84         3164.95         4367.68  
    0.594       336.70          1226.31        2665.40         3112.62         4191.23  
    0.600       341.08          1220.90        2646.16         3074.91         4135.08  
    0.606       345.29          1224.31        2664.21         3087.85         4298.44  
    0.613       342.64          1223.76        2681.23         3163.99         4370.51  
    