0.025       0          307.20        1203.91         2575.03         4393.80  
    0.031       0          306.83        1178.39         2524.08         4438.81  
    0.038       0          301.35        1177.14         2504.18         4482.19  
    0.044       0          303.80        1174.67         2529.16         4498.98  
    0.050       0          314.44        1188.64         2556.44         4469.08  
    0.056       0          323.18        1206.09         2546.49         4381.67  
    0.062       0          308.39        1194.44         2539.68         3146.71  
    0.069       0          310.05        1189.18         2541.48         2714.77  
    0.075       0          296.95        1117.56         1579.54         2578.43  
    0.081       0          309.98        1471.07         2372.97         4238.20  
    0.088       0          278.82        1479.93         2561.74         4461.01  
    0.094       180.36          941.92        2434.47         3970.34         5345.15  
    0.100       31.18          324.75        1460.44         2838.39         4322.19  
    0.106       0          206.84        1629.38         2654.40         4065.12  
    0.113       0          217.07        1626.13         2605.69         3993.95  
    0.119       0          199.97        1412.03         2534.84         3968.66  
    0.125       158.61          795.53        1629.05         2584.15         5273.92  
    0.131       27.42          299.28        1340.17         2387.66         4103.24  
    0.138       0          217.31        1487.25         2416.75         3860.53  
    0.144       0          232.10        1509.83         2525.84         3860.52  
    0.150       0          215.50        1318.26         2516.35         3823.30  
    0.156       158.18          652.28        2239.91         2805.68         5251.92  
    0.163       183.03          770.91        2256.43         2773.00         5500.00  
    0.169       180.73          840.12        2119.31         2718.77         5500.00  
    0.175       26.59          293.79        1435.54         2305.78         3591.73  
    0.181       162.88          632.76        1877.88         3069.54         5170.11  
    0.188       184.02          1523.86        2050.47         3458.75         5500.00  
    0.194       196.90          1359.67        2367.46         3596.85         5092.48  
    0.200       319.03          1295.93        2436.66         3689.22         5083.79  
    0.206       357.38          1201.88        2583.71         3767.06         5165.95  
    0.213       361.84          1104.20        2575.05         4205.87         5196.59  
    0.219       363.88          1057.32        2536.73         4397.89         5207.67  
    0.225       367.09          1025.18        2601.67         4569.40         5182.75  
    0.231       370.27          974.55        2648.83         4867.83         5452.57  
    0.238       373.63          945.64        2869.83         4935.26         5500.00  
    0.244       374.58          918.67        2924.79         4975.54         5500.00  
    0.250       373.81          899.81        2860.00         4831.12         5200.78  
    0.256       372.03          884.02        2821.08         4942.83         5163.81  
    0.263       371.54          850.71        2697.78         4988.93         5450.82  
    0.269       371.74          810.12        2641.47         4949.82         5341.10  
    0.275       372.97          788.52        2623.04         4861.41         5287.76  
    0.281       373.14          770.76        2601.52         4780.70         5273.48  
    0.288       372.11          755.27        2608.39         4750.65         5268.29  
    0.294       371.27          743.41        2658.31         4747.30         5189.00  
    0.300       367.28          732.44        2729.32         4523.91         5089.48  
    0.306       354.08          723.18        2764.48         4149.02         5086.25  
    0.312       331.74          720.59        2591.33         3906.79         5072.97  
    0.319       320.33          724.10        2602.53         3992.97         5135.20  
    0.325       316.38          723.80        2651.67         3997.95         5157.30  
    0.331       46.57          106.66        1000.31         2878.35         4121.87  
    0.338       478.31          478.96        2521.19         3840.85         4861.57  
    0.344       422.78          1004.22        2740.90         4076.52         5146.09  
    0.350       362.81          1193.75        2692.49         4056.88         5215.06  
    0.356       349.40          1340.43        2743.82         4043.48         5459.21  
    0.363       51.32          512.08        2487.67         2957.95         4393.79  
    0.369       287.47          1064.17        2456.79         3870.10         5308.77  
    0.375       331.27          1395.47        2465.35         4057.23         5500.00  
    0.381       387.37          1527.83        2321.57         4098.96         5500.00  
    0.388       58.55          750.23        1159.33         2771.70         4403.48  
    0.394       506.26          925.91        2320.15         4039.25         5310.44  
    0.400       601.06          1002.53        2551.15         4002.68         5212.18  
    0.406       703.88          1101.52        2528.54         3904.32         5206.75  
    0.413       888.65          1023.74        2339.40         3881.85         5246.28  
    0.419       790.32          1006.83        2239.57         3884.66         5267.36  
    0.425       965.66          1005.48        2197.18         3928.41         5285.14  
    0.431       147.36          148.17        1151.29         2503.57         4139.08  
    0.438       449.77          962.88        2019.87         3603.56         5270.14  
    0.444       561.73          1188.73        2252.81         3683.87         5258.07  
    0.450       584.36          1246.47        2324.91         3674.96         5242.42  
    0.456       590.95          1302.35        2443.86         3712.30         5398.96  
    0.463       595.54          1287.61        2442.04         3702.53         5161.77  
    0.469       607.35          1268.84        2418.80         3730.22         5144.06  
    0.475       619.84          1262.66        2376.38         3700.00         5048.15  
    0.481       625.56          1248.94        2319.47         3663.39         5062.44  
    0.488       631.65          1244.59        2332.11         3671.56         5121.44  
    0.494       642.21          1249.29        2363.70         3684.74         5143.24  
    0.500       649.95          1247.99        2353.76         3731.74         5053.00  
    0.506       656.29          1254.00        2357.34         3748.99         4961.36  
    0.513       656.72          1259.85        2349.46         3715.60         4897.18  
    0.519       651.67          1251.11        2322.18         3649.87         4907.56  
    0.525       646.69          1241.15        2315.87         3709.32         4961.89  
    0.531       649.83          1245.03        2356.24         3642.96         5006.91  
    0.537       655.28          1250.40        2381.11         3609.11         4928.91  
    0.544       650.12          1236.36        2353.81         3655.40         4906.71  
    0.550       640.93          1219.37        2282.43         3646.60         4861.17  
    0.556       635.97          1212.56        2235.46         3601.11         4859.87  
    0.562       631.75          1215.71        2215.53         3651.53         4768.06  
    0.569       625.93          1211.02        2199.82         3719.01         4674.55  
    0.575       622.46          1205.63        2161.57         3753.49         4689.91  
    0.581       628.33          1212.00        2153.22         3827.09         4774.78  
    0.588       628.53          1211.27        2185.19         3829.62         4823.53  
    0.594       623.93          1211.57        2216.82         3806.79         4844.01  
    0.600       622.36          1234.50        2237.41         3833.15         4892.34  
    0.606       621.05          1254.65        2264.37         3852.78         4909.83  
    0.613       615.03          1259.75        2252.73         3779.73         4901.45  
    0.619       607.61          1268.64        2270.91         3876.31         4829.53  
    0.625       598.21          1265.19        2273.08         3989.68         4782.80  
    0.631       581.58          1251.57        2257.32         3980.03         4705.50  
    0.638       555.41          1228.30        2238.56         3966.80         4709.78  
    0.644       517.80          1181.37        2253.33         3977.50         4770.74  
    0.650       392.62          1163.10        2299.31         4216.97         4835.17  
    0.656       295.12          1253.70        2369.22         4488.67         4594.90  
    0.663       275.82          1263.67        2405.83         4470.30         4919.24  
    0.669       40.50          441.30        1397.72         2741.52         4456.99  
    0.675       0          392.24        1355.48         2441.45         4433.44  
    0.681       0          433.02        1420.36         2436.69         4515.70  
    0.688       0          359.65        1284.12         2422.80         4580.53  
    0.694       0          329.38        1306.53         2424.13         4409.33  
    0.700       0          327.76        1366.08         2431.57         4341.53  
    0.706       0          314.56        1249.46         2432.14         4284.96  
    0.713       0          319.40        1269.04         2452.71         4372.81  
    0.719       0          313.61        1408.48         2432.60         4347.39  
    0.725       0          284.22        1371.19         2423.42         4353.59  
    0.731       0          266.44        1232.95         2429.61         4373.59  
    0.738       220.25          962.83        2246.12         4096.53         5334.43  
    