0.025       0          397.37        1914.39         2695.84         3283.39  
    0.031       0          398.05        1861.10         2710.25         3665.47  
    0.038       0          410.89        1852.00         2705.21         3849.54  
    0.044       0          420.24        1845.20         2673.46         3758.06  
    0.050       0          401.65        1812.15         2671.00         3799.02  
    0.056       0          374.87        1603.07         2695.56         3866.80  
    0.062       0          400.53        1404.17         2667.50         3822.29  
    0.069       0          373.10        1275.90         2652.43         3848.94  
    0.075       0          322.70        1741.79         3277.99         4150.58  
    0.081       0          273.87        2307.86         3554.63         4273.83  
    0.088       156.70          1524.98        3247.33         4007.01         4452.82  
    0.094       60.68          562.39        2179.83         3712.74         4233.96  
    0.100       0          0        1508.34         3510.16         3692.80  
    0.106       308.97          1035.02        2521.73         3604.07         4044.76  
    0.113       446.21          1408.10        2919.22         3633.74         4237.97  
    0.119       464.60          1389.24        2925.20         3601.53         4212.08  
    0.125       478.70          1336.34        2816.21         3582.41         4183.45  
    0.131       486.31          1290.85        2689.37         3586.06         4159.75  
    0.138       493.94          1250.89        2622.36         3589.82         4141.12  
    0.144       490.30          1198.10        2573.96         3595.32         4135.76  
    0.150       487.83          1176.98        2559.29         3609.40         4132.65  
    0.156       488.91          1198.87        2581.85         3609.10         4152.67  
    0.163       504.29          1223.49        2617.15         3615.08         4150.19  
    0.169       523.50          1267.00        2659.19         3615.65         4166.65  
    0.175       514.96          1330.60        2823.06         3656.81         4171.51  
    0.181       499.40          1353.53        2847.22         3650.41         4165.92  
    0.188       501.66          1208.31        2689.21         3594.68         4169.05  
    0.194       477.90          1009.24        2631.27         3579.29         4177.39  
    0.200       428.38          918.17        2736.20         3603.76         4181.31  
    0.206       321.71          886.47        2955.34         3659.83         4165.61  
    0.213       302.23          883.23        2913.32         3744.99         4118.35  
    0.219       316.24          934.48        2934.97         3889.04         4117.53  
    0.225       89.13          491.69        1609.65         3604.87         4114.28  
    0.231       215.29          798.17        2539.74         3891.13         5112.21  
    0.238       289.16          965.87        2889.99         3971.90         5500.00  
    0.244       79.69          621.32        1718.41         3436.85         4441.48  
    0.250       0          348.08        1151.97         3112.02         4070.93  
    0.256       0          293.82        1079.61         3095.51         4069.66  
    0.263       209.27          784.73        2382.65         3736.00         5098.95  
    0.269       162.82          968.23        2772.10         3997.91         5500.00  
    0.275       31.67          862.66        1905.87         3433.38         4472.80  
    0.281       260.59          1026.94        2528.09         3851.55         5102.24  
    0.288       100.91          308.73        1794.33         2817.01         4260.96  
    0.294       0          951.03        1771.66         3148.70         4575.05  
    0.300       0          368.26        1503.31         2411.02         4299.03  
    0.306       0          0        1355.23         2111.79         4096.69  
    0.312       379.07          1022.27        2313.58         3583.42         4730.31  
    0.319       535.62          1413.53        2605.10         3936.34         4928.60  
    0.325       564.49          1414.88        2482.96         3743.02         4403.40  
    0.331       592.57          1420.38        2477.46         3696.13         4179.03  
    0.338       604.80          1425.63        2576.34         3712.37         4176.03  
    0.344       632.10          1424.29        2846.65         3782.01         4169.74  
    0.350       678.76          1424.53        2884.30         3791.93         4135.19  
    0.356       708.91          1430.97        2904.47         3715.66         4110.01  
    0.363       734.92          1433.80        2867.10         3664.19         4111.88  
    0.369       754.89          1428.82        2851.82         3667.62         4109.67  
    0.375       758.72          1440.11        3040.69         3679.31         4033.23  
    0.381       754.33          1436.23        3191.56         3647.04         4002.93  
    0.388       735.97          1431.73        3186.10         3614.86         4018.60  
    0.394       719.89          1423.67        2946.93         3621.45         4020.31  
    0.400       199.91          932.96        1818.23         3599.20         4029.04  
    0.406       0          767.23        1414.75         3595.13         3983.81  
    0.413       0          791.39        1410.44         3648.19         4016.44  
    0.419       0          821.39        1409.55         3669.91         4118.90  
    0.425       0          829.27        1409.90         3630.01         4114.07  
    0.431       0          810.84        1416.64         3581.66         4074.20  
    0.438       0          775.26        1419.12         3640.76         4063.57  
    0.444       0          745.34        1422.94         3516.19         4061.10  
    0.450       0          759.91        1473.62         3401.93         4107.34  
    0.456       0          214.48        947.88         2038.99         3653.77  
    0.463       0          698.56        1336.09         2775.10         4061.38  
    0.469       0          270.50        1387.18         2032.50         3593.20  
    0.475       0          935.31        1492.14         2798.21         4112.34  
    0.481       0          1294.76        1647.58         3275.26         4400.48  
    