0.025       219.20          1463.05        2647.79         4019.78         5500.00  
    0.031       215.49          1457.48        2687.58         4009.37         4940.13  
    0.038       81.93          691.79        1954.08         3279.23         4523.63  
    0.044       0          220.26        1497.50         2877.47         4481.63  
    0.050       0          218.82        1490.75         2976.24         4540.93  
    0.056       0          284.51        1484.49         3017.48         4573.13  
    0.062       0          270.96        1488.68         2939.38         4396.90  
    0.069       0          231.20        1487.89         2761.40         4180.40  
    0.075       0          231.57        1504.06         2714.60         4185.11  
    0.081       0          236.79        1487.32         2773.79         4223.96  
    0.088       130.39          904.76        2258.29         3615.49         4788.75  
    0.094       235.03          1414.82        2715.91         4082.24         5126.15  
    0.100       233.21          1377.88        2688.44         4005.42         5116.84  
    0.106       321.87          1304.30        2656.93         3847.73         5102.89  
    0.113       390.20          1292.79        2591.62         3705.75         5048.72  
    0.119       413.11          1280.13        2546.63         3632.98         4944.29  
    0.125       427.49          1235.84        2514.67         3618.37         4847.16  
    0.131       428.69          1160.80        2490.12         3618.59         4810.90  
    0.138       427.88          1099.89        2497.97         3588.45         4688.40  
    0.144       432.83          1071.45        2491.18         3524.89         4577.74  
    0.150       439.37          1053.51        2469.31         3601.63         4562.59  
    0.156       443.89          1053.90        2416.93         3632.31         4632.09  
    0.163       449.89          1061.82        2409.84         3543.80         4639.85  
    0.169       455.56          1076.61        2369.40         3466.49         4584.37  
    0.175       466.03          1042.72        2268.33         3537.37         4650.19  
    0.181       466.52          941.53        2353.13         3573.71         4663.86  
    0.188       455.22          862.37        2466.10         3549.85         4569.38  
    0.194       432.50          822.06        2520.55         3645.16         4361.61  
    0.200       406.53          806.25        2582.68         3752.50         4172.88  
    0.206       152.65          766.68        1596.22         3177.19         4021.78  
    0.213       0          649.84        1318.65         3026.26         4070.68  
    0.219       0          651.00        1523.05         3184.57         4390.82  
    0.225       0          736.59        1443.79         3143.93         4511.67  
    0.231       0          792.43        1434.66         2994.25         4318.23  
    0.238       0          832.78        1476.95         2884.27         4200.87  
    0.244       0          853.94        1579.60         2893.82         4191.12  
    0.250       0          793.11        1603.02         2913.32         4127.80  
    0.256       0          733.68        1496.63         2904.14         4067.78  
    0.263       0          662.39        1434.82         2646.07         4115.23  
    0.269       344.63          1136.87        1973.41         3327.50         4444.29  
    0.275       215.15          1107.30        1788.69         3564.07         4567.43  
    0.281       0          946.27        1483.67         3281.13         4510.75  
    0.288       449.19          1278.36        1821.79         3531.42         4518.83  
    0.294       708.30          1437.51        2409.51         4143.59         5127.84  
    0.300       737.20          1374.08        2585.18         4435.61         4890.35  
    0.306       749.12          1338.20        2472.78         4288.97         4496.88  
    0.312       795.78          1338.00        2274.68         4074.23         4498.16  
    0.319       319.22          1254.04        1672.67         3877.77         4529.31  
    0.325       0          1310.66        1733.56         3753.47         4484.89  
    0.331       628.71          1373.77        3044.26         3835.71         4447.55  
    0.338       764.69          1368.72        3630.25         3962.15         4466.13  
    0.344       569.34          1381.52        2879.20         3735.29         4480.11  
    0.350       580.14          1381.77        2365.74         3581.17         4379.03  
    0.356       615.37          1370.58        2334.98         3595.95         4224.15  
    0.363       639.96          1357.61        2380.68         3608.83         4312.13  
    0.369       663.57          1347.22        2414.24         3612.16         4442.50  
    0.375       678.92          1339.39        2447.48         3614.34         4463.70  
    0.381       686.45          1332.68        2424.74         3614.52         4421.47  
    0.388       688.19          1327.59        2352.50         3609.91         4528.93  
    0.394       679.08          1320.72        2322.62         3607.61         4645.45  
    0.400       669.42          1315.23        2353.76         3620.14         4540.09  
    0.406       666.39          1315.88        2370.00         3622.71         4532.72  
    0.413       669.64          1318.00        2381.83         3613.52         4653.31  
    0.419       669.21          1319.60        2372.33         3612.93         4841.85  
    0.425       659.71          1319.57        2394.23         3617.14         5280.91  
    0.431       648.03          1318.33        2381.35         3614.94         5350.37  
    0.438       645.12          1319.39        2455.89         3613.27         5406.59  
    0.444       648.39          1320.68        2540.14         3618.83         5324.01  
    0.450       651.30          1322.00        2454.48         3622.42         5086.23  
    0.456       648.51          1324.41        2392.08         3625.98         5310.27  
    0.463       649.87          1327.58        2382.88         3641.99         5500.00  
    0.469       641.14          1331.75        2329.06         3655.22         5500.00  
    0.475       630.45          1335.34        2279.18         3664.07         5500.00  
    0.481       635.26          1340.63        2261.27         3670.10         5500.00  
    0.488       645.52          1346.40        2250.88         3667.75         5500.00  
    0.494       659.20          1352.25        2329.73         3658.79         5500.00  
    0.500       255.79          938.50        1752.69         2954.45         4369.74  
    0.506       0          669.04        1352.38         2477.06         3676.55  
    0.513       0          665.03        1330.14         2497.02         3676.35  
    0.519       0          654.11        1304.71         2539.36         3664.57  
    0.525       0          585.08        1285.00         2464.57         3668.75  
    0.531       0          361.41        1272.58         2496.81         3690.23  
    0.537       0          866.53        1300.11         2551.01         3599.14  
    0.544       0          482.02        1255.96         2454.51         3221.26  
    0.550       0          0        1202.61         2440.06         2979.70  
    0.556       0          0        1240.89         2527.56         3142.47  
    0.562       0          0        1266.31         2411.92         3046.02  
    0.569       0          0        1290.04         2274.94         2914.52  
    0.575       0          0        1278.33         2229.06         2893.22  
    0.581       156.32          874.45        1945.55         2642.67         4156.00  
    