0.025       0          190.64        1688.83         3091.06         3875.53  
    0.031       0          189.32        1719.14         3119.77         3871.65  
    0.038       0          184.31        1768.11         3102.75         3970.69  
    0.044       0          176.42        1788.73         3100.85         4104.34  
    0.050       0          184.99        1824.84         3114.94         4135.50  
    0.056       0          196.12        1828.94         3228.98         4106.60  
    0.062       0          197.27        1777.76         3458.92         4011.56  
    0.069       0          204.44        1796.33         3447.33         3992.52  
    0.075       0          205.04        1810.61         3273.73         4105.26  
    0.081       96.73          964.00        2358.78         3857.27         4869.14  
    0.088       87.06          782.05        2176.89         3531.50         5019.78  
    0.094       0          751.08        2154.92         3230.34         4569.04  
    0.100       159.88          1495.32        2706.56         4094.37         4746.85  
    0.106       143.90          970.87        2562.53         3590.74         4789.19  
    0.113       0          448.44        2406.98         2941.32         4522.66  
    0.119       0          468.56        2360.28         2996.74         4356.65  
    0.125       0          510.11        2330.08         2960.63         4348.51  
    0.131       0          563.99        2333.41         2941.87         4316.37  
    0.138       0          613.10        2326.60         2949.08         4242.49  
    0.144       0          671.99        2313.89         2992.26         4207.29  
    0.150       0          734.42        2364.46         2961.17         4207.98  
    0.156       0          771.85        2483.74         2956.26         4202.51  
    0.163       158.46          763.45        2528.05         3182.08         4281.75  
    0.169       352.56          798.25        2514.09         3332.08         4345.89  
    0.175       440.04          816.15        2749.15         3278.69         4316.62  
    0.181       225.99          594.88        1874.36         3139.28         4186.81  
    0.188       229.88          739.48        2009.88         3414.61         4827.19  
    0.194       459.89          1038.43        2810.90         3683.06         5500.00  
    0.200       467.04          1045.81        2622.75         3694.13         5411.17  
    0.206       450.27          1052.75        2640.16         3900.97         5420.05  
    0.213       475.16          1073.61        2660.93         4130.95         5500.00  
    0.219       237.42          968.37        2618.01         3478.06         4895.47  
    0.225       0          898.04        2557.43         3059.80         4346.31  
    0.231       0          963.22        2511.25         3431.21         4359.71  
    0.238       0          972.83        2456.86         3729.95         4373.22  
    0.244       315.33          939.63        2427.19         3949.80         4750.76  
    0.250       561.40          988.36        2409.32         3919.30         5104.98  
    0.256       544.62          1130.40        2381.26         3910.31         4897.49  
    0.263       572.95          1278.18        2349.95         3888.08         4559.40  
    0.269       596.79          1369.10        2341.38         3639.54         4419.78  
    0.275       611.21          1394.48        2332.84         3429.93         4402.92  
    0.281       617.58          1358.50        2306.76         3551.66         4396.96  
    0.288       630.14          1371.81        2346.37         3680.77         4383.76  
    0.294       651.35          1433.35        2400.30         3641.81         4389.19  
    0.300       679.97          1403.92        2411.53         3735.83         4461.47  
    0.306       686.43          1372.61        2448.62         3785.38         4516.62  
    0.312       679.69          1406.18        2502.42         3734.24         4503.63  
    0.319       669.51          1386.58        2538.41         3839.37         4552.29  
    0.325       639.05          1314.43        2581.99         4139.86         4504.46  
    0.331       617.71          1255.09        2586.25         4150.01         4410.72  
    0.338       610.60          1194.77        2544.54         3978.60         4482.22  
    0.344       509.95          1185.09        2571.95         4046.63         4501.60  
    0.350       410.46          1192.73        2626.88         4076.52         4460.03  
    0.356       415.47          1116.87        2655.29         4013.17         4480.07  
    0.363       531.41          843.44        2544.01         3935.43         4484.55  
    0.369       509.58          733.93        2365.04         4011.48         4443.53  
    0.375       347.96          1023.13        2407.07         4206.03         4450.76  
    0.381       290.44          1165.96        2546.02         4275.89         4484.40  
    0.388       447.41          929.80        2502.65         4055.88         4475.59  
    0.394       532.03          944.73        2339.82         3721.32         4517.40  
    0.400       428.80          1145.08        2340.75         3653.92         4556.10  
    0.406       386.84          1372.77        2006.99         3558.16         4488.28  
    0.413       184.37          1104.83        1755.52         3408.21         4401.78  
    0.419       113.04          935.57        2194.56         3549.28         4359.39  
    