0.025       0          195.01        891.83         2532.09         4873.48  
    0.031       137.81          793.54        2084.18         3822.12         5349.83  
    0.038       173.98          1023.68        2513.12         4122.74         5500.00  
    0.044       41.15          381.77        1405.98         2893.52         4473.41  
    0.050       0          178.00        1318.05         2658.78         4349.20  
    0.056       132.05          808.93        2208.79         3594.83         5239.24  
    0.062       171.98          1774.16        2853.66         4328.82         5500.00  
    0.069       41.09          483.16        1830.57         3149.11         4530.42  
    0.075       278.17          1328.39        2412.02         3885.09         4653.11  
    0.081       367.79          1420.93        2650.93         4220.55         4855.70  
    0.088       362.03          1179.86        2491.56         4395.56         4972.63  
    0.094       364.66          1079.97        2504.38         4512.30         5129.85  
    0.100       375.96          1038.34        2671.94         4589.28         5420.88  
    0.106       388.17          1018.61        2775.01         4598.65         5500.00  
    0.113       93.73          549.31        1429.66         3227.66         4837.89  
    0.119       0          407.53        988.16         2869.02         4629.03  
    0.125       0          412.59        945.57         2876.06         4625.56  
    0.131       313.09          751.36        2258.03         4205.88         5290.15  
    0.138       413.71          842.96        2526.20         4518.41         4855.97  
    0.144       416.01          829.61        2458.15         4444.17         4644.09  
    0.150       414.56          821.25        2415.33         4454.31         4598.27  
    0.156       407.67          814.60        2328.97         4454.27         4656.29  
    0.163       382.36          812.65        2394.42         4385.93         4723.13  
    0.169       292.96          818.41        2533.85         4332.35         5079.24  
    0.175       274.65          857.38        2723.91         4274.67         5425.00  
    0.181       295.41          907.69        2890.64         4294.84         5178.77  
    0.188       319.17          945.26        2784.16         3971.58         5048.88  
    0.194       379.99          903.08        2665.30         3734.48         5212.65  
    0.200       467.85          984.69        2720.79         3857.29         5226.42  
    0.206       446.55          1180.72        2825.90         4276.37         5431.35  
    0.213       357.66          1289.07        2963.60         4456.80         5500.00  
    0.219       838.94          1299.24        2572.72         3912.34         5185.14  
    0.225       1034.92          1293.80        2449.95         3933.99         5093.12  
    0.231       930.45          1294.11        2612.94         4108.84         5209.71  
    0.238       751.80          1295.34        2852.81         4158.31         5202.93  
    0.244       507.35          1290.97        2710.43         4139.70         5039.53  
    0.250       478.80          1282.71        2251.50         4219.20         4938.44  
    0.256       520.00          1275.33        2148.05         4237.01         4948.60  
    0.263       545.39          1266.39        2231.90         4087.00         5005.14  
    0.269       559.86          1267.51        2300.02         4031.51         5040.50  
    0.275       570.74          1269.82        2319.33         4047.49         5057.67  
    0.281       580.63          1271.56        2326.40         4088.88         5060.08  
    0.288       588.25          1270.71        2360.74         4142.03         5100.47  
    0.294       594.12          1270.06        2349.08         4170.76         5125.01  
    0.300       589.67          1266.36        2289.26         4125.74         5074.12  
    0.306       584.18          1263.57        2243.88         4040.48         4967.84  
    0.312       585.46          1269.96        2245.63         4037.08         4878.63  
    0.319       588.90          1273.65        2290.73         4103.19         4947.70  
    0.325       579.88          1266.03        2270.31         4165.42         4949.21  
    0.331       572.80          1256.44        2267.70         4181.76         4835.58  
    0.338       562.51          1251.03        2308.61         4299.44         4682.45  
    0.344       537.83          1241.19        2290.65         4332.88         4692.88  
    0.350       498.57          1230.72        2246.01         4231.91         4784.13  
    0.356       434.50          1212.95        2195.10         4227.28         4883.60  
    0.363       329.92          1189.25        2171.13         4307.52         4897.95  
    0.369       278.60          1171.75        2226.24         4367.00         4878.91  
    0.375       235.14          1159.11        2271.40         4383.84         4914.26  
    0.381       212.12          1162.26        2277.10         4370.17         4848.40  
    0.388       219.11          1182.44        2280.75         4334.74         4790.11  
    0.394       240.55          1198.69        2273.03         4339.66         4771.46  
    0.400       259.12          1218.40        2265.20         4365.12         4813.55  
    0.406       262.21          1222.99        2222.50         4360.68         4768.70  
    0.413       263.79          1197.58        2219.91         4350.24         4696.87  
    0.419       255.87          1176.38        2230.75         4351.70         4758.82  
    0.425       246.99          1173.31        2238.47         4357.00         4865.32  
    0.431       234.51          1166.49        2287.29         4383.53         4878.21  
    0.438       227.80          1171.65        2312.90         4388.46         4904.20  
    0.444       226.26          1185.38        2315.03         4392.27         4853.19  
    0.450       224.71          1190.73        2294.83         4412.88         4968.76  
    0.456       220.14          1211.18        2269.20         4416.33         5059.72  
    0.463       215.28          1235.14        2238.19         4396.78         5086.34  
    0.469       212.16          1249.25        2226.08         4374.00         5037.05  
    