0.025       190.17          627.45        1960.51         3206.70         5500.00  
    0.031       183.22          1304.29        2409.93         3682.30         5500.00  
    0.038       220.98          1326.18        2421.49         3663.59         5139.24  
    0.044       337.42          1288.75        2466.65         3709.77         5121.53  
    0.050       360.70          1179.05        2617.75         3810.93         5186.90  
    0.056       361.88          1088.83        2552.05         4320.42         5206.63  
    0.062       363.81          1048.23        2548.77         4404.03         5216.18  
    0.069       367.08          1015.61        2618.63         4794.33         5184.57  
    0.075       369.11          963.52        2661.37         4931.22         5447.60  
    0.081       371.10          938.03        2890.23         4983.64         5500.00  
    0.088       371.67          913.37        2895.68         5089.56         5500.00  
    0.094       371.05          896.74        2840.10         4725.97         5265.68  
    0.100       370.00          877.31        2787.46         4788.83         5227.54  
    0.106       369.65          837.45        2665.19         4892.99         5246.55  
    0.113       370.31          802.15        2635.30         4837.58         5271.48  
    0.119       371.00          784.60        2611.13         4784.28         5275.36  
    0.125       371.08          766.72        2600.53         4736.43         5279.44  
    0.131       370.43          753.31        2613.14         4722.49         5271.66  
    0.138       370.19          742.82        2678.92         4713.89         5216.06  
    0.144       366.32          733.20        2749.16         4456.35         5143.01  
    0.150       353.52          724.21        2720.49         4087.56         5119.36  
    0.156       333.81          722.34        2593.72         3934.11         5105.72  
    0.163       330.32          727.15        2610.47         4017.10         5199.79  
    0.169       323.63          723.69        2750.20         3990.29         5236.97  
    0.175       238.05          701.97        2900.72         3976.02         5192.79  
    0.181       432.25          700.07        2869.95         4050.12         5448.47  
    0.188       397.49          1094.12        2758.54         4082.99         5500.00  
    0.194       359.51          1249.40        2704.13         4052.61         5500.00  
    0.200       350.52          1398.88        2780.19         4099.20         5500.00  
    0.206       56.93          542.62        2459.62         3103.99         4435.88  
    0.213       281.99          1055.01        2455.52         3894.36         5293.06  
    0.219       337.32          1600.75        2417.27         4095.76         5500.00  
    0.225       54.94          643.62        2322.54         2656.32         4358.66  
    0.231       0          696.83        1008.51         2571.65         4234.60  
    0.238       500.12          948.85        2297.61         4042.90         5297.08  
    0.244       623.19          1008.12        2566.22         4013.01         5376.92  
    0.250       733.51          1133.82        2496.77         3915.61         5312.36  
    0.256       834.21          1040.09        2303.35         3888.24         5287.92  
    0.263       878.95          1019.07        2268.62         3905.36         5309.48  
    0.269       820.43          1028.18        2294.61         3953.09         5282.31  
    0.275       600.99          1182.91        2275.97         3933.33         5334.95  
    0.281       572.84          1213.91        2256.11         3688.80         5474.99  
    0.288       586.74          1232.93        2260.00         3595.56         5269.34  
    0.294       576.50          1252.50        2262.67         3624.12         5226.10  
    0.300       566.16          1258.63        2278.53         3632.50         5233.86  
    0.306       567.54          1242.69        2280.68         3597.23         5102.30  
    0.312       579.15          1232.88        2281.16         3595.94         5078.62  
    0.319       592.24          1225.19        2267.57         3581.28         5032.54  
    0.325       603.78          1217.94        2257.60         3576.73         5087.44  
    0.331       611.34          1212.90        2260.43         3579.52         5130.29  
    0.338       622.19          1213.70        2260.42         3598.28         5106.87  
    0.344       631.48          1215.15        2259.32         3637.17         4995.09  
    0.350       636.58          1217.49        2258.38         3632.99         4918.82  
    0.356       636.95          1218.09        2252.49         3593.15         4887.37  
    0.363       637.33          1217.74        2248.64         3564.20         4917.06  
    0.369       641.08          1221.39        2238.92         3624.24         4974.44  
    0.375       648.00          1223.68        2230.85         3582.96         5016.55  
    0.381       652.48          1222.33        2230.20         3578.00         4916.94  
    0.388       654.02          1220.79        2228.51         3609.57         4883.41  
    0.394       655.33          1220.90        2220.73         3587.02         4862.56  
    0.400       654.80          1225.49        2215.53         3567.61         4838.51  
    0.406       652.25          1234.93        2215.64         3606.49         4711.23  
    0.413       648.19          1236.02        2210.83         3659.07         4631.14  
    0.419       647.45          1238.17        2201.51         3703.11         4656.85  
    0.425       650.58          1246.10        2215.70         3801.89         4745.36  
    0.431       649.08          1253.37        2241.23         3786.53         4793.75  
    0.438       646.21          1264.12        2262.40         3776.67         4832.59  
    0.444       644.24          1278.63        2279.37         3840.25         4894.87  
    0.450       643.54          1288.64        2290.36         3830.52         4902.74  
    0.456       640.73          1295.08        2293.57         3790.48         4861.07  
    0.463       634.50          1299.94        2302.03         3943.45         4783.87  
    0.469       627.47          1297.33        2300.70         4045.43         4730.71  
    0.475       614.08          1289.66        2296.98         4220.95         4646.57  
    0.481       592.16          1271.75        2285.24         4133.64         4646.77  
    0.488       562.01          1231.11        2287.73         4157.82         4687.30  
    0.494       426.44          1229.03        2312.79         4376.32         5368.87  
    0.500       314.52          1265.30        2348.10         4383.94         4714.14  
    0.506       294.25          1246.82        2365.59         4453.89         4885.46  
    0.513       47.80          499.97        1377.65         2743.16         4478.85  
    0.519       0          502.52        1342.03         2416.88         4489.53  
    0.525       0          490.23        1362.13         2411.91         4595.09  
    0.531       0          373.72        1258.83         2399.50         4577.40  
    0.537       0          333.76        1281.90         2403.24         4447.33  
    0.544       0          330.28        1314.16         2409.17         4358.76  
    0.550       0          319.01        1211.24         2417.81         4315.28  
    0.556       0          330.65        1300.63         2440.99         4392.73  
    0.562       0          307.99        1375.43         2419.41         4345.98  
    