0.025       396.93          1337.83        2345.32         2922.32         4862.57  
    0.031       383.16          1406.96        2228.33         2544.04         4796.28  
    0.038       59.81          545.89        1653.16         2468.66         4781.62  
    0.044       0          419.16        1626.65         2503.39         4535.45  
    0.050       0          339.81        1584.51         2665.88         4213.56  
    0.056       0          289.61        1455.69         2872.82         4276.59  
    0.062       236.64          1230.57        2849.25         3319.35         4713.59  
    0.069       321.31          1504.82        3089.84         3773.94         4725.55  
    0.075       366.50          1529.72        2853.99         4222.47         4677.93  
    0.081       381.58          1510.91        2700.44         4446.15         4679.89  
    0.088       394.64          1479.80        2649.79         4145.94         4750.77  
    0.094       405.19          1441.94        2468.68         3647.47         4720.66  
    0.100       408.14          1416.48        2374.74         3564.51         4794.51  
    0.106       408.05          1409.07        2181.61         3497.61         4803.10  
    0.113       414.86          1429.05        2097.03         3481.88         4723.42  
    0.119       417.28          1363.50        2046.43         3508.41         4690.26  
    0.125       412.42          1294.34        1928.39         3535.59         4758.81  
    0.131       409.91          1264.56        1877.47         3515.40         4728.08  
    0.138       400.93          1177.55        2047.38         3581.11         4657.52  
    0.144       384.10          1151.06        2133.64         3606.52         4607.10  
    0.150       367.83          1151.10        2246.50         3606.62         4561.29  
    0.156       376.21          1014.50        2358.76         3909.80         4241.27  
    0.163       390.74          952.97        2451.80         3887.29         4354.27  
    0.169       422.49          952.29        2514.76         3978.71         4291.70  
    0.175       312.48          954.68        2505.69         4030.05         4295.56  
    0.181       45.72          150.06        1175.83         2810.13         4123.54  
    0.188       217.36          812.03        2321.80         3817.63         5278.54  
    0.194       273.47          1256.35        2449.94         3838.23         4988.32  
    0.200       299.06          1661.93        2409.72         4012.02         5058.35  
    0.206       47.66          271.44        1226.31         2574.85         4211.32  
    0.213       0          794.25        1947.10         3420.01         4268.74  
    0.219       739.32          1207.70        2341.48         4160.12         5312.99  
    0.225       137.84          197.56        1427.16         2846.00         4598.01  
    0.231       0          0        1256.22         2510.25         4233.98  
    0.238       927.15          1219.44        2393.33         4217.07         4575.79  
    0.244       1069.39          1463.01        2556.57         4494.90         4659.21  
    0.250       1081.21          1453.25        2402.58         4508.13         4650.09  
    0.256       939.75          1472.68        2428.30         4424.84         4685.43  
    0.263       721.60          1532.35        2542.68         4185.86         4798.36  
    0.269       107.79          242.43        1676.23         2840.71         4191.98  
    0.275       400.57          1343.97        2656.13         3810.00         4915.94  
    0.281       440.56          1597.88        2446.35         4073.08         5121.53  
    0.288       454.53          1470.46        2245.87         4027.34         5190.15  
    0.294       474.73          1433.15        2210.95         3917.36         5232.55  
    0.300       479.73          1425.66        2230.28         3632.80         5254.67  
    0.306       505.39          1406.41        2251.98         3647.41         5195.38  
    0.312       525.19          1417.15        2253.34         3775.74         5036.50  
    0.319       527.92          1414.88        2261.07         3755.49         4864.59  
    0.325       543.45          1405.15        2262.26         3798.52         4846.50  
    0.331       568.69          1389.95        2278.39         3753.89         4816.51  
    0.338       590.10          1375.43        2286.62         3674.82         4839.97  
    0.344       604.27          1359.18        2264.84         3618.32         4776.00  
    0.350       619.06          1345.14        2256.99         3626.17         4800.77  
    0.356       632.28          1338.14        2290.19         3578.53         4754.16  
    0.363       642.57          1333.43        2338.00         3578.76         4756.77  
    0.369       648.97          1324.81        2348.79         3602.72         4917.72  
    0.375       650.89          1323.29        2356.89         3594.40         4856.42  
    0.381       655.84          1326.73        2384.50         3621.85         4821.10  
    0.388       657.44          1326.89        2406.87         3681.10         4933.21  
    0.394       653.84          1320.48        2412.01         3628.37         4952.65  
    0.400       649.93          1322.50        2454.75         3643.89         4963.65  
    0.406       642.25          1337.53        2525.60         3740.24         4879.06  
    0.413       630.19          1356.86        2372.12         3828.16         4731.20  
    0.419       619.21          1390.82        2426.37         3948.06         4703.16  
    0.425       602.44          1393.13        2426.05         3951.75         4737.20  
    0.431       579.76          1397.78        2429.23         3997.73         4837.37  
    0.438       553.09          1419.53        2391.66         4019.65         4866.78  
    0.444       531.79          1442.18        2373.17         4056.43         4867.18  
    0.450       508.50          1451.07        2379.54         3980.25         4702.53  
    0.456       468.91          1445.31        2389.34         3732.80         4647.46  
    0.463       419.79          1450.03        2385.86         3883.91         4690.36  
    0.469       394.95          1435.91        2386.41         3909.14         4625.43  
    0.475       404.45          1448.01        2383.18         4080.09         4539.79  
    0.481       391.42          1444.75        2386.25         3966.37         4622.76  
    0.488       373.17          1405.82        2405.21         3887.69         4637.08  
    0.494       361.27          1364.64        2401.13         4158.23         4613.70  
    0.500       364.45          1423.41        2461.18         4354.97         4652.46  
    0.506       383.53          1419.44        2508.00         4638.59         4759.69  
    0.513       390.28          1337.44        2503.13         4644.73         4742.04  
    0.519       384.81          1312.92        2530.22         4312.05         4811.88  
    0.525       370.29          1347.37        2534.44         4596.60         5394.11  
    0.531       359.37          1367.83        2517.76         4546.72         4795.56  
    0.537       349.27          1360.15        2534.03         4669.43         4818.98  
    0.544       340.28          1363.63        2471.00         4537.46         4709.42  
    