0.025       0          267.29        2148.75         2470.42         4122.06  
    0.031       0          239.24        1755.98         2619.64         4120.05  
    0.038       101.81          1116.48        2257.42         3550.64         4425.55  
    0.044       67.49          681.80        1950.18         3235.43         4325.30  
    0.050       203.51          902.80        2251.20         3516.24         4298.19  
    0.056       347.97          1313.63        2688.76         4076.85         4519.18  
    0.062       355.02          1148.11        2577.94         3999.30         4787.55  
    0.069       355.83          1086.71        2522.86         3964.76         4782.38  
    0.075       367.80          1061.49        2448.54         3967.47         4807.08  
    0.081       384.33          1085.49        2384.96         3896.76         4646.55  
    0.088       398.76          1111.90        2428.80         3757.24         4498.04  
    0.094       409.57          1121.52        2456.36         3650.17         4519.45  
    0.100       417.70          1170.59        2371.33         3639.21         4494.70  
    0.106       428.02          1246.30        2313.36         3625.75         4469.32  
    0.113       432.56          1279.47        2367.97         3609.54         4488.42  
    0.119       438.84          1281.97        2419.72         3607.72         4513.93  
    0.125       451.78          1255.39        2418.52         3616.49         4521.94  
    0.131       469.08          1238.62        2420.01         3671.62         4484.68  
    0.138       482.20          1242.69        2435.26         3740.90         4471.78  
    0.144       487.89          1254.67        2479.60         3756.85         4486.85  
    0.150       490.43          1275.61        2544.15         3731.71         4348.54  
    0.156       507.76          1320.13        2607.03         3724.53         4120.69  
    0.163       206.79          888.35        1875.34         3720.90         3849.74  
    0.169       0          616.28        1424.61         3678.21         3748.20  
    0.175       0          638.57        1475.20         3525.60         3794.41  
    0.181       0          643.85        1438.78         3430.51         3820.59  
    0.188       302.65          741.94        2108.09         3650.09         4831.63  
    0.194       480.34          824.70        2519.79         3819.32         5500.00  
    0.200       497.94          804.67        2446.72         3841.94         5500.00  
    0.206       578.23          736.08        2292.13         3786.29         5500.00  
    0.213       608.76          685.73        2087.86         3701.61         5500.00  
    0.219       535.95          937.00        2239.27         3684.12         5500.00  
    0.225       509.35          1159.29        2454.05         3743.71         5500.00  
    0.231       520.71          1239.22        2456.23         3791.33         5500.00  
    0.238       556.91          1351.08        2352.15         3785.09         5500.00  
    0.244       570.57          1648.66        2167.54         3849.13         5500.00  
    0.250       545.13          1657.02        2518.97         4096.38         5500.00  
    0.256       648.95          1477.15        2705.21         4332.71         5500.00  
    0.263       758.91          1420.93        2631.05         4398.19         5102.61  
    0.269       768.90          1411.07        2580.06         4360.79         4579.80  
    0.275       762.12          1409.90        2627.28         4325.84         4410.60  
    0.281       304.11          1411.31        2249.55         3909.80         4395.51  
    0.288       378.79          1448.89        2176.18         3872.04         4621.57  
    0.294       633.65          1499.92        2310.36         3893.81         4748.02  
    0.300       647.84          1549.36        2314.39         3747.93         4665.72  
    0.306       675.34          1604.41        2352.47         3682.82         4657.98  
    0.312       708.40          1622.45        2409.37         3747.41         4770.81  
    0.319       734.42          1616.14        2454.25         3815.66         4840.19  
    0.325       757.31          1620.45        2468.95         3761.02         4840.41  
    0.331       781.86          1612.07        2468.40         3724.91         4880.69  
    0.338       798.18          1577.17        2480.58         3781.51         4958.84  
    0.344       804.37          1549.46        2512.28         3822.91         4945.88  
    0.350       819.65          1551.89        2556.58         3894.05         4922.95  
    0.356       835.12          1559.18        2616.96         3994.34         4983.87  
    0.363       834.72          1557.47        2640.62         3934.63         4988.18  
    0.369       834.09          1555.51        2632.69         3903.05         4984.54  
    0.375       840.06          1570.93        2667.83         3900.06         4861.60  
    0.381       847.97          1573.58        2769.31         3936.61         4721.57  
    0.388       847.30          1548.03        2803.56         3968.32         4760.80  
    0.394       844.54          1524.81        2759.40         3889.78         4866.01  
    0.400       838.70          1507.77        2802.40         3967.17         4882.63  
    0.406       838.62          1510.11        2832.10         4025.56         4841.30  
    0.413       844.77          1526.76        2779.72         4017.56         4893.13  
    0.419       838.14          1532.94        2763.82         4033.28         5276.56  
    0.425       825.67          1527.84        2779.73         4067.74         5223.65  
    0.431       798.80          1524.35        2759.41         4058.45         4955.72  
    0.438       758.96          1513.37        2714.58         4022.12         4791.36  
    0.444       711.15          1461.61        2583.59         3931.22         4720.11  
    0.450       579.74          1406.56        2464.12         3879.76         4870.93  
    0.456       403.18          1345.38        2370.81         3951.78         5289.00  
    0.463       327.44          1293.00        2320.70         4143.44         5500.00  
    0.469       317.76          1269.16        2324.23         3893.01         5500.00  
    0.475       308.52          1285.37        2309.82         3815.09         5500.00  
    0.481       300.33          1309.61        2281.17         3861.27         5500.00  
    0.488       296.35          1320.29        2334.51         3574.10         5500.00  
    0.494       299.84          1324.56        2377.04         3836.99         5500.00  
    0.500       306.41          1329.45        2320.93         4311.08         5500.00  
    0.506       307.06          1309.82        2267.52         4209.76         5500.00  
    0.513       121.93          700.78        1666.09         2964.87         4720.33  
    