0.025       363.94          1382.79        2230.54         2417.59         4806.30  
    0.031       83.35          575.40        1647.81         2470.83         4773.36  
    0.038       0          376.89        1573.90         2474.85         4676.36  
    0.044       0          353.57        1595.07         2550.83         4418.48  
    0.050       0          284.05        1490.45         2786.90         4209.88  
    0.056       0          259.67        1388.48         3027.87         4546.27  
    0.062       219.43          1131.82        2677.13         3477.79         4734.34  
    0.069       335.56          1408.32        3009.35         3941.23         4701.13  
    0.075       366.95          1414.43        2713.98         4332.34         4673.07  
    0.081       382.15          1401.17        2681.42         4510.67         4687.95  
    0.088       395.76          1368.80        2565.72         3792.52         4716.19  
    0.094       406.16          1370.32        2338.29         3478.52         4717.80  
    0.100       407.53          1385.66        2102.63         3398.86         4790.96  
    0.106       408.11          1439.34        1826.50         3393.64         4755.10  
    0.113       410.89          1440.60        1636.00         3429.36         4680.22  
    0.119       420.22          777.59        1642.80         3491.70         4699.31  
    0.125       417.77          678.76        1641.07         3509.32         4731.43  
    0.131       402.78          882.28        1732.79         3519.05         4689.82  
    0.138       382.13          996.41        1856.57         3584.66         4592.51  
    0.144       360.92          1009.62        1984.02         3559.15         4558.62  
    0.150       81.55          512.67        1560.25         2714.44         4200.89  
    0.156       283.95          641.18        2104.62         3492.50         4290.65  
    0.163       376.56          893.85        2437.56         3858.72         4301.09  
    0.169       356.19          956.09        2475.10         3996.56         4275.28  
    0.175       272.09          969.60        2549.08         4065.76         4319.71  
    0.181       255.43          991.28        2577.44         4073.46         5232.94  
    0.188       251.70          1144.28        2558.20         3972.28         5168.45  
    0.194       255.02          1623.76        2466.00         3906.07         4923.96  
    0.200       288.96          1494.03        2395.90         3998.20         5021.90  
    0.206       68.39          324.54        1355.17         2661.06         4282.64  
    0.213       615.45          1047.80        2089.42         3784.19         5168.04  
    0.219       182.83          1257.12        1556.39         2927.57         4607.54  
    0.225       0          1271.06        1598.38         3059.21         4450.59  
    0.231       913.00          1393.56        2467.42         4239.11         5267.02  
    0.238       1343.67          1464.90        2824.77         4521.31         5500.00  
    0.244       318.58          1401.75        1890.24         3684.14         4742.41  
    0.250       0          1395.46        1601.54         3417.53         4523.07  
    0.256       0          1428.55        1558.38         3306.47         4479.83  
    0.263       0          1506.20        1711.65         3857.54         4637.92  
    0.269       326.16          1508.79        2359.88         4054.57         4962.11  
    0.275       436.21          1498.93        2467.44         4049.44         5073.63  
    0.281       442.26          1451.75        2266.69         4076.37         5181.31  
    0.288       474.57          1429.78        2203.09         4054.72         5433.72  
    0.294       476.02          1413.78        2209.68         3791.35         5500.00  
    0.300       485.35          1412.24        2237.28         3600.99         5500.00  
    0.306       501.66          1413.18        2237.35         3696.72         5265.56  
    0.312       516.13          1412.49        2244.23         3621.92         4928.09  
    0.319       524.86          1404.60        2245.96         3601.59         4804.44  
    0.325       549.32          1392.64        2254.96         3598.02         4798.01  
    0.331       584.64          1381.66        2271.79         3558.04         4808.05  
    0.338       611.67          1371.14        2263.70         3542.27         4802.50  
    0.344       630.47          1358.01        2243.67         3523.77         4770.01  
    0.350       644.16          1345.73        2227.30         3542.86         4776.27  
    0.356       656.55          1343.99        2254.03         3552.44         4735.47  
    0.363       660.95          1334.81        2283.21         3552.58         4893.25  
    0.369       663.45          1326.74        2244.62         3536.90         4937.67  
    0.375       668.48          1329.18        2266.28         3526.36         4811.02  
    0.381       672.84          1329.71        2299.08         3533.22         4927.63  
    0.388       669.28          1322.66        2303.24         3524.82         5030.41  
    0.394       661.93          1313.88        2295.71         3511.10         4974.49  
    0.400       654.23          1319.92        2312.75         3532.73         4953.21  
    0.406       645.34          1346.09        2248.68         3568.46         4787.66  
    0.413       636.32          1389.50        2280.15         3737.79         4619.39  
    0.419       626.06          1415.93        2335.34         3895.66         4747.10  
    0.425       612.32          1428.39        2361.29         4019.87         4983.77  
    0.431       592.55          1440.67        2369.92         4170.74         4933.00  
    0.438       568.94          1448.63        2352.82         4122.98         4781.32  
    0.444       548.30          1454.04        2365.45         4181.08         4629.96  
    0.450       517.74          1449.63        2389.49         3545.58         4615.74  
    0.456       469.96          1445.66        2402.33         3427.03         4644.01  
    0.463       423.00          1431.94        2398.80         3768.38         4612.64  
    0.469       415.31          1412.12        2394.28         3923.65         4535.69  
    0.475       412.04          1414.14        2378.02         4148.36         4470.74  
    0.481       387.91          1411.04        2373.28         3913.12         4582.78  
    0.488       366.83          1382.32        2381.35         3934.29         4609.48  
    0.494       357.19          1376.41        2399.38         4271.26         4570.29  
    0.500       368.90          1388.92        2436.00         4513.12         4698.08  
    0.506       383.79          1346.95        2455.97         4682.58         5325.76  
    0.513       386.41          1310.96        2469.09         4740.41         5500.00  
    0.519       88.46          589.33        1587.10         3035.96         4903.85  
    0.525       0          366.48        1341.07         2500.43         4662.42  
    0.531       0          354.40        1350.90         2495.47         4667.20  
    0.537       0          340.85        1359.66         2489.00         4686.12  
    