0.025       0          191.44        1941.03         3103.69         4029.90  
    0.031       0          196.57        1922.50         3055.98         3885.96  
    0.038       0          192.38        1731.58         3160.42         3797.62  
    0.044       0          188.12        1661.80         3089.22         4180.17  
    0.050       0          187.97        1677.21         3020.64         4314.64  
    0.056       0          185.14        1726.86         3039.39         4103.41  
    0.062       136.77          677.35        2024.39         3227.50         5128.11  
    0.069       46.39          351.78        1895.75         3235.08         5500.00  
    0.075       0          189.55        1906.37         2952.68         4690.83  
    0.081       0          571.12        2018.14         2987.19         4419.31  
    0.088       0          408.13        2068.91         2970.83         4399.95  
    0.094       0          391.12        2274.83         2845.19         4360.58  
    0.100       0          435.53        2389.54         2824.92         4270.97  
    0.106       0          437.42        2467.65         2819.58         4230.03  
    0.113       0          442.17        2565.58         2684.75         4200.82  
    0.119       0          452.43        2309.14         2592.95         4159.38  
    0.125       0          449.11        2170.51         2593.92         4128.82  
    0.131       0          443.68        2176.47         2579.68         4091.26  
    0.138       0          458.53        1511.23         2585.95         4025.71  
    0.144       0          483.95        1426.75         2637.50         3998.04  
    0.150       0          500.55        1733.32         2640.19         4019.12  
    0.156       0          497.09        1824.27         2671.84         4036.01  
    0.163       0          487.32        1806.69         2697.11         4052.90  
    0.169       0          472.40        1653.01         2694.17         4043.36  
    0.175       326.27          1101.80        2394.94         3560.42         4229.09  
    0.181       435.41          1399.99        2686.28         3829.01         4407.67  
    0.188       421.85          1348.09        2732.45         3825.77         4281.73  
    0.194       105.73          334.57        1004.87         2872.57         3906.79  
    0.200       295.56          323.78        1984.41         3470.64         4037.75  
    0.206       100.26          109.83        1073.63         2967.12         3956.63  
    0.213       0          0        634.06         2783.96         3975.96  
    0.219       0          0        689.16         2766.28         4022.22  
    0.225       0          505.19        2229.17         2906.54         4037.97  
    0.231       0          619.71        2157.97         2862.79         4023.06  
    0.238       0          598.50        1797.31         2853.68         4027.50  
    0.244       0          568.56        1786.15         2923.70         4038.57  
    0.250       0          594.49        1867.36         2994.05         3960.85  
    0.256       0          592.49        1896.15         2885.74         3872.48  
    0.263       0          520.13        1912.63         2790.94         3870.10  
    0.269       0          893.34        2188.80         3505.11         4004.42  
    0.275       0          1040.22        2255.62         3776.76         4065.17  
    0.281       0          995.85        2280.00         3980.42         4531.65  
    0.288       0          1012.36        2319.45         3965.74         4242.80  
    0.294       0          867.06        2289.73         3792.86         4385.81  
    0.300       0          569.76        2340.57         3842.89         4651.91  
    0.306       0          123.33        965.46         2801.27         4103.19  
    0.312       0          0        483.49         2552.93         3880.86  
    0.319       0          0        503.51         2651.45         3761.39  
    0.325       0          400.19        1927.50         2680.45         3849.29  
    0.331       391.87          1340.42        2626.85         3583.94         4477.58  
    0.338       532.87          1830.68        2790.78         3981.34         4596.06  
    0.344       542.54          2107.09        2857.85         4084.39         5264.16  
    0.350       138.01          963.83        2533.77         3218.81         4470.21  
    0.356       0          561.56        2456.11         2949.54         4133.92  
    0.363       0          568.86        2375.58         2939.23         4131.28  
    0.369       425.75          1687.76        2710.00         3817.63         5152.71  
    0.375       572.06          1857.68        2814.92         4101.47         5500.00  
    0.381       571.46          1705.37        2785.96         4088.77         5500.00  
    0.388       574.06          1649.49        2758.74         4081.15         5500.00  
    0.394       575.30          1630.03        2742.22         4040.37         5500.00  
    0.400       576.37          1615.89        2716.26         3988.06         5402.28  
    0.406       582.36          1632.36        2699.15         3975.01         5038.88  
    0.413       586.93          1630.97        2672.12         4027.83         4880.28  
    0.419       584.40          1633.05        2662.48         4025.42         4631.80  
    0.425       583.69          1581.10        2640.91         3997.36         4510.65  
    0.431       573.67          1548.68        2616.67         4007.15         4626.61  
    0.438       553.94          1614.83        2616.77         3928.65         4743.26  
    0.444       541.91          1801.06        2630.24         3688.88         4737.20  
    0.450       136.70          870.08        2535.58         3188.04         4364.00  
    0.456       0          505.05        2529.14         3033.63         4256.00  
    0.463       0          448.62        2536.37         3215.47         4264.09  
    0.469       263.96          782.22        2537.46         3414.56         4266.77  
    0.475       89.54          498.71        2365.00         3381.63         4224.69  
    0.481       0          379.46        2157.45         3403.31         4211.80  
    0.488       0          97.58        807.04         2478.57         3677.02  
    0.494       0          249.38        1658.26         3217.46         3914.42  
    0.500       0          342.51        2057.40         3272.01         4061.73  
    0.506       0          406.46        2084.52         3033.55         4060.46  
    0.513       0          541.09        2239.37         3051.24         4009.98  
    0.519       0          597.44        2314.68         3230.75         3850.20  
    0.525       0          624.40        2426.27         3141.40         3842.82  
    0.531       0          589.58        2405.43         3023.54         4100.56  
    0.537       0          560.79        2445.77         3024.88         4195.50  
    0.544       396.37          997.22        2878.60         3687.38         4707.14  
    