0.025       250.91          1212.03        2441.94         3854.77         5500.00  
    0.031       239.84          1287.61        2400.32         3777.81         5500.00  
    0.038       248.84          1306.21        2315.97         3643.87         5500.00  
    0.044       273.45          1224.29        2298.19         3632.25         5500.00  
    0.050       86.60          518.91        1657.91         2991.97         4345.91  
    0.056       0          259.24        1369.34         2586.81         3920.05  
    0.062       0          345.08        1433.81         2555.51         3932.91  
    0.069       195.50          986.49        2042.14         3121.31         5014.65  
    0.075       86.80          537.94        1526.33         2772.80         4321.52  
    0.081       167.63          910.83        2148.32         3246.36         4976.75  
    0.088       238.75          1214.73        2626.93         3249.73         5500.00  
    0.094       236.34          1240.05        2530.76         3282.91         5443.11  
    0.100       228.16          1300.88        2599.65         3610.28         5474.74  
    0.106       69.09          577.56        1899.02         3029.46         4392.78  
    0.113       0          277.14        1564.01         2676.71         3924.62  
    0.119       0          291.52        1707.76         2886.63         4730.75  
    0.125       0          501.47        1876.12         3001.48         4909.53  
    0.131       0          471.47        1957.15         2981.75         4809.02  
    0.138       0          440.99        2128.79         3084.35         4901.86  
    0.144       292.93          1177.26        2193.52         3195.96         5330.15  
    0.150       417.95          1760.81        2619.95         3235.92         5500.00  
    0.156       411.06          1675.84        2598.09         3622.00         5500.00  
    0.163       415.27          1615.37        2508.16         3831.52         5500.00  
    0.169       128.54          803.60        1981.30         2959.79         4319.21  
    0.175       0          470.24        2144.61         2608.89         3839.24  
    0.181       0          559.60        2301.21         2753.72         3888.15  
    0.188       0          600.35        2293.60         2760.67         3906.75  
    0.194       0          600.67        2251.33         2753.01         3930.64  
    0.200       0          594.13        2194.54         2828.19         3970.02  
    0.206       0          590.64        2150.68         2896.86         3992.70  
    0.213       0          589.71        2132.01         2947.18         3995.12  
    0.219       0          575.12        2170.97         3062.38         4105.75  
    0.225       0          550.09        2190.52         3161.02         4156.92  
    0.231       0          522.35        2223.59         3238.96         4032.31  
    0.238       324.88          701.48        2615.00         3603.79         5031.60  
    0.244       144.25          241.33        1341.61         3041.40         4369.37  
    0.250       252.05          594.83        2007.48         3510.24         4997.99  
    0.256       489.69          857.01        2550.61         3780.44         5500.00  
    0.263       167.74          637.12        1605.19         2907.98         4306.13  
    0.269       356.07          885.46        2107.72         3441.80         4969.91  
    0.275       514.69          1033.52        2608.65         3873.51         5500.00  
    0.281       158.33          790.93        1516.61         3108.61         4495.67  
    0.288       0          720.43        1127.42         2833.40         4063.89  
    0.294       0          758.83        2032.57         2942.67         3873.41  
    0.300       0          659.04        2030.99         2897.87         3789.85  
    0.306       0          601.12        2031.77         2577.30         3840.61  
    0.312       0          630.70        2000.27         2795.94         4016.00  
    0.319       0          616.52        1951.67         2794.66         4063.01  
    0.325       0          516.53        1848.91         2681.43         4125.40  
    0.331       0          923.85        2363.81         2645.98         4334.72  
    0.338       794.43          1196.98        2602.96         3624.62         4872.35  
    0.344       966.22          1346.84        2628.31         4042.46         5266.52  
    0.350       759.31          1450.83        2589.99         3972.72         5454.21  
    0.356       216.20          861.40        2200.68         3434.38         4427.29  
    0.363       0          583.15        2066.15         3291.89         4220.56  
    0.369       0          585.95        2083.12         3286.00         4324.17  
    0.375       0          611.40        2108.17         3242.59         4193.11  
    0.381       0          643.39        2157.03         3252.56         4098.55  
    0.388       0          674.29        2215.78         3249.47         4112.69  
    0.394       0          697.29        2258.69         3333.44         4147.54  
    0.400       495.76          999.26        2303.67         3673.44         4020.58  
    0.406       220.12          835.81        2335.47         3415.84         3941.81  
    0.413       490.25          1567.81        2406.28         3620.12         3987.80  
    0.419       708.18          1605.07        2498.77         3930.55         4004.22  
    0.425       698.85          1405.03        2535.33         3996.55         4026.42  
    0.431       700.95          1463.95        2565.63         3982.16         4885.14  
    0.438       707.12          1422.35        2580.49         3980.47         5426.63  
    0.444       726.33          1335.36        2589.37         3956.80         4995.77  
    0.450       739.43          1279.13        2601.84         3982.79         4820.31  
    0.456       734.49          1274.47        2619.68         3995.01         4988.22  
    0.463       726.33          1307.15        2648.64         3990.68         4903.76  
    0.469       711.32          1324.51        2649.90         4038.08         4804.98  
    0.475       714.08          1335.78        2647.37         4021.13         5216.35  
    0.481       731.16          1268.89        2652.83         3974.00         5470.91  
    0.488       717.32          1246.27        2652.94         3960.73         4893.39  
    0.494       701.23          1306.35        2644.26         3948.60         4673.85  
    0.500       697.46          1313.79        2633.32         3887.85         4738.79  
    0.506       685.86          1306.38        2638.87         3869.21         4644.13  
    0.513       663.46          1358.28        2665.63         3869.57         5221.31  
    0.519       643.55          1388.03        2680.34         3837.51         5242.31  
    0.525       628.83          1454.13        2672.59         3770.32         4878.35  
    0.531       628.65          1391.43        2667.03         3769.37         4487.66  
    0.537       193.84          966.68        2678.84         3184.25         3976.87  
    0.544       307.21          940.71        2709.45         3469.39         4636.18  
    0.550       438.59          1021.50        2691.80         4010.65         4956.43  
    0.556       425.95          1090.07        2700.72         4143.90         5019.07  
    0.562       353.82          1194.39        2710.95         4015.87         5363.62  
    0.569       99.58          624.50        1822.06         3096.45         4460.54  
    0.575       0          333.94        1292.77         2732.18         3991.35  
    0.581       0          295.36        1519.10         2758.12         4048.44  
    0.588       0          284.56        1589.66         2737.65         4045.71  
    0.594       0          286.64        1256.46         2728.79         3966.52  
    0.600       211.13          764.50        2211.29         3416.72         5019.46  
    0.606       305.16          1034.38        2652.77         3746.41         5215.09  
    0.613       376.94          897.91        2612.97         3883.86         5373.50  
    0.619       353.49          769.46        2584.28         3934.34         5500.00  
    0.625       309.82          880.11        2495.96         3844.26         5031.58  
    0.631       470.33          962.48        2566.78         3890.72         4814.43  
    0.638       591.79          1030.95        2634.65         3927.27         4951.09  
    0.644       188.30          744.80        1651.71         3074.50         4464.29  
    0.650       410.88          1058.48        2220.29         3653.56         5106.55  
    0.656       599.92          1225.29        2572.40         3822.72         5083.73  
    0.663       604.39          1249.02        2619.08         3755.46         5170.15  
    0.669       562.98          1418.30        2560.63         3649.55         4869.54  
    0.675       552.65          1461.35        2425.62         3514.48         4700.81  
    