0.025       189.03          271.94        2736.57         3852.30         5500.00  
    0.031       22.16          315.39        807.37         3058.89         4105.22  
    0.038       0          295.20        1691.76         3381.44         4013.57  
    0.044       0          226.53        1470.14         3393.00         4093.34  
    0.050       180.57          611.01        2885.76         3721.23         5336.14  
    0.056       23.98          255.74        2294.14         3642.74         4645.42  
    0.062       166.21          1646.24        2772.62         4147.36         5022.43  
    0.069       124.14          1666.05        2714.32         4074.02         5091.24  
    0.075       326.03          1487.27        2606.48         4077.76         5142.10  
    0.081       366.15          1290.51        2400.19         4185.02         5129.08  
    0.088       372.24          1181.96        2239.41         4296.57         5175.85  
    0.094       375.93          1084.97        2236.93         4232.83         5192.53  
    0.100       379.10          1045.63        2232.14         4185.17         5152.20  
    0.106       385.00          1043.32        2246.42         4176.61         5099.64  
    0.113       386.60          1028.15        2312.59         4185.08         5037.34  
    0.119       389.08          985.13        2335.65         4178.00         5009.33  
    0.125       396.34          931.67        2362.81         4152.75         5019.64  
    0.131       402.39          904.40        2422.36         4143.80         5018.18  
    0.138       403.04          891.36        2447.84         4179.97         5014.05  
    0.144       403.11          889.15        2516.26         4217.34         5069.72  
    0.150       403.16          888.57        2569.62         4203.30         5119.69  
    0.156       401.52          883.75        2503.25         4201.00         5047.18  
    0.163       395.29          879.53        2439.14         4235.61         5013.72  
    0.169       395.63          874.37        2493.19         4214.49         4964.83  
    0.175       410.76          859.56        2995.70         4031.51         4960.62  
    0.181       407.24          854.01        3748.50         3926.61         4904.64  
    0.188       374.31          887.61        3936.04         4419.56         4697.44  
    0.194       43.38          916.41        1434.83         4020.57         4255.13  
    0.200       100.24          946.03        2509.99         4008.52         5347.59  
    0.206       316.29          981.46        2559.47         3967.83         5500.00  
    0.213       346.18          1004.62        2553.91         3931.99         5500.00  
    0.219       40.63          118.07        812.33         2720.64         4151.35  
    0.225       0          635.08        2365.62         3535.30         4165.54  
    0.231       0          764.35        2405.95         3613.36         4490.25  
    0.238       0          776.22        2315.18         3386.18         4448.16  
    0.244       0          91.09        1311.53         2382.62         3924.67  
    0.250       935.94          1244.14        2172.34         3619.57         4825.01  
    0.256       1281.09          1355.11        2324.19         3701.46         4948.77  
    0.263       1008.52          1434.58        3081.97         3667.18         4947.76  
    0.269       716.25          1399.23        3214.32         4049.72         4969.69  
    0.275       343.71          1514.93        3362.62         4136.59         5104.26  
    0.281       422.20          1756.24        4002.52         4380.00         5455.66  
    0.288       488.19          1692.91        2210.36         4090.35         5225.10  
    0.294       515.31          1429.04        2119.31         4068.12         5047.72  
    0.300       527.45          1319.59        2173.50         4079.34         5011.97  
    0.306       546.63          1364.46        2214.88         4081.87         5041.05  
    0.312       551.58          1419.26        2276.15         4068.50         5069.12  
    0.319       552.14          1342.26        2265.66         4115.01         5090.17  
    0.325       559.99          1294.37        2270.59         4194.23         5107.98  
    0.331       542.38          1247.96        2230.24         4174.46         5041.20  
    0.338       529.39          1217.71        2161.42         4177.80         5104.87  
    0.344       529.32          1203.82        2126.26         4250.03         5101.66  
    0.350       536.76          1199.68        2119.41         4333.83         5135.88  
    0.356       564.75          1200.55        2075.92         4330.18         5164.52  
    0.363       592.70          1223.21        2060.58         4292.68         5130.98  
    0.369       602.50          1257.80        2060.39         4274.51         5135.70  
    0.375       600.15          1275.16        2053.23         4220.54         5159.42  
    0.381       582.38          1265.95        2000.17         4259.08         5202.28  
    0.388       544.34          1249.97        2018.49         4214.73         5216.98  
    0.394       523.36          1239.21        2054.55         4122.87         5210.64  
    0.400       503.63          1217.73        2153.52         4316.52         5465.96  
    0.406       58.77          555.58        1335.43         2474.01         4447.65  
    0.413       343.64          1106.28        2021.99         4057.33         5360.25  
    0.419       275.45          1187.06        2188.45         4204.76         5500.00  
    0.425       198.12          1282.11        2204.65         4101.38         5500.00  
    0.431       196.32          1251.52        2241.47         4096.14         5233.42  
    0.438       223.47          1228.33        2240.06         4023.33         5021.48  
    0.444       203.44          1150.17        2349.19         4017.22         5407.08  
    0.450       23.48          133.66        1242.85         2803.49         4380.90  
    0.456       131.54          1017.75        2531.89         3978.26         5351.98  
    0.463       169.24          1196.10        2659.75         3995.18         5232.96  
    0.469       165.21          1215.20        2536.03         3882.10         5047.98  
    0.475       163.89          1153.70        2581.06         3854.15         4967.15  
    0.481       163.76          1158.65        2356.20         4046.27         4883.33  
    0.488       156.94          1206.26        2295.85         4020.21         5016.08  
    0.494       158.83          1281.50        2364.37         4040.42         5445.49  
    