0.025       276.66          838.53        2470.97         2953.43         4408.81  
    0.031       132.81          402.53        1348.25         2642.32         3630.13  
    0.038       0          191.39        1116.20         2614.71         3340.05  
    0.044       0          357.18        1729.45         2857.08         3703.75  
    0.050       0          357.37        1543.66         2866.98         3704.93  
    0.056       0          372.15        1477.78         2863.65         3758.68  
    0.062       0          382.88        1444.03         2841.99         3789.32  
    0.069       0          393.01        1459.94         2786.09         3838.60  
    0.075       0          401.39        1495.41         2749.83         3829.36  
    0.081       0          327.23        1659.61         3050.17         4350.20  
    0.088       168.46          920.37        2423.20         3611.99         4881.41  
    0.094       366.36          1509.88        2973.57         3873.53         4837.67  
    0.100       426.91          1483.42        2918.55         3872.58         4642.10  
    0.106       474.38          1444.91        2743.47         3836.50         4437.20  
    0.113       510.06          1377.90        2601.43         3777.82         4394.11  
    0.119       525.02          1323.05        2544.34         3834.53         4445.06  
    0.125       537.75          1299.48        2479.61         3902.41         4503.72  
    0.131       558.65          1314.80        2496.26         3843.91         4520.67  
    0.138       581.40          1355.79        2574.13         3695.64         4493.56  
    0.144       588.85          1391.46        2594.74         3600.98         4462.77  
    0.150       588.87          1530.16        2688.06         3752.19         4308.77  
    0.156       283.39          1103.51        2215.41         3522.90         4119.95  
    0.163       0          567.28        1713.54         3168.26         4046.28  
    0.169       0          500.99        1757.29         3188.41         3997.15  
    0.175       0          487.17        1818.97         3221.49         3982.21  
    0.181       0          241.93        1208.22         2866.40         3589.78  
    0.188       121.35          528.80        1849.21         3168.33         3586.50  
    0.194       112.04          672.25        1972.53         3565.24         3887.09  
    0.200       176.32          701.89        1995.99         3536.46         4155.77  
    0.206       328.60          1021.76        2777.67         3614.62         4568.84  
    0.213       310.36          1061.64        2949.09         3645.56         4587.33  
    0.219       289.58          1112.46        3117.89         3718.13         4581.97  
    0.225       313.70          1124.46        3080.93         3829.03         5098.26  
    0.231       166.56          755.29        2071.68         3549.69         4752.45  
    0.238       0          436.31        1183.31         3177.33         4185.29  
    0.244       368.12          888.59        2045.80         3943.70         4923.39  
    0.250       804.42          1289.75        2673.14         4570.61         5084.81  
    0.256       870.00          1300.32        2563.28         4332.02         4716.96  
    0.263       650.05          1333.53        2605.66         4149.50         4774.26  
    0.269       493.12          1408.91        2611.63         3951.80         5170.68  
    0.275       537.03          1447.91        2551.31         3824.44         5145.44  
    0.281       571.83          1418.53        2537.70         3885.90         4832.49  
    0.288       611.89          1396.45        2548.50         3896.85         4850.27  
    0.294       648.71          1399.75        2584.05         3858.94         4821.23  
    0.300       665.63          1444.64        2614.70         3805.18         4806.44  
    0.306       669.43          1558.46        2605.60         3764.43         4833.78  
    0.312       675.58          1680.65        2597.75         3802.69         4856.75  
    0.319       701.63          1706.15        2597.47         3877.02         4857.28  
    0.325       747.81          1600.29        2642.19         3923.03         4837.03  
    0.331       785.14          1492.69        2711.41         3948.55         4813.17  
    0.338       799.19          1453.57        2741.92         3853.32         4763.40  
    0.344       790.75          1438.07        2764.04         3733.85         4719.63  
    0.350       770.66          1436.41        2822.65         3721.41         4774.04  
    0.356       752.58          1442.21        2888.58         3722.75         4846.25  
    0.363       733.65          1442.34        2913.43         3726.96         4824.95  
    0.369       719.71          1440.47        2920.84         3749.77         4621.99  
    0.375       710.04          1438.71        2927.67         3709.62         4487.50  
    0.381       703.14          1450.40        2944.81         3719.24         4448.96  
    0.388       689.64          1476.23        3038.71         3716.42         4339.11  
    0.394       668.51          1483.83        3225.47         3598.30         4197.52  
    0.400       651.35          1479.89        2963.26         3629.42         4154.49  
    0.406       652.01          1495.62        2503.67         3751.46         4080.26  
    0.413       316.56          1085.60        1966.74         3545.81         3970.77  
    0.419       0          658.07        1606.55         3250.87         3942.48  
    0.425       0          483.08        1670.56         3162.28         3961.99  
    0.431       146.24          1041.62        2444.57         3681.96         4779.84  
    0.438       279.08          1704.77        3134.24         4081.41         4873.33  
    0.444       133.00          894.34        2450.14         3565.00         4280.81  
    0.450       97.75          947.31        2322.90         3200.79         4266.94  
    0.456       230.89          1701.62        2833.24         3288.98         4276.79  
    0.463       129.85          950.96        2263.60         3285.01         4280.89  
    0.469       0          252.64        1678.68         3227.77         4257.65  
    0.475       0          244.72        1697.96         3244.67         4235.69  
    0.481       0          245.35        1782.33         3263.81         4228.40  
    0.488       0          247.84        1849.86         3250.47         4197.24  
    0.494       0          245.98        1881.44         3221.90         4189.38  
    0.500       0          235.28        1816.97         3208.96         4230.61  
    0.506       0          223.77        1663.92         3201.10         4288.28  
    0.513       0          226.45        1638.36         3198.50         4309.57  
    0.519       0          223.87        1655.56         3217.98         4282.43  
    0.525       0          205.15        1559.87         3193.22         4211.42  
    0.531       0          190.65        1560.76         3193.39         4198.82  
    0.537       0          187.31        1665.79         3219.65         4264.08  
    0.544       0          185.12        1633.59         3186.21         4319.88  
    