0.025       0          299.50        2127.82         2647.72         4140.85  
    0.031       0          275.49        1464.91         2538.65         4098.86  
    0.038       177.20          1335.84        2470.21         3717.76         5170.73  
    0.044       53.79          386.57        1852.58         2946.23         4180.01  
    0.050       0          1031.57        2345.34         3691.34         4043.51  
    0.056       270.61          1471.65        2749.33         4072.61         4459.63  
    0.062       362.72          1330.68        2631.21         4053.39         4677.44  
    0.069       364.18          1210.86        2542.81         3918.79         4932.06  
    0.075       371.04          1187.72        2492.76         3900.95         5270.45  
    0.081       391.54          1223.90        2421.88         3858.48         5208.90  
    0.088       406.24          1320.20        2417.60         3799.25         4769.14  
    0.094       420.58          1367.88        2489.25         3662.69         4650.87  
    0.100       430.62          1359.75        2474.33         3623.75         4683.51  
    0.106       432.79          1402.45        2513.38         3710.23         4599.82  
    0.113       441.26          1413.93        2561.17         3687.78         4595.90  
    0.119       448.35          1374.10        2480.06         3668.65         4736.15  
    0.125       457.67          1309.50        2447.88         3655.40         4766.99  
    0.131       469.89          1241.75        2457.91         3695.07         4760.42  
    0.138       482.25          1227.38        2525.53         3783.13         4738.48  
    0.144       497.59          1245.63        2593.85         3777.95         4846.12  
    0.150       500.03          1263.71        2618.09         3742.72         4784.68  
    0.156       500.22          1278.69        2657.95         3737.47         4638.59  
    0.163       523.82          1318.40        2733.94         3755.93         5291.13  
    0.169       123.64          757.99        1651.72         3242.25         4156.64  
    0.175       0          624.05        1684.76         3301.86         3797.06  
    0.181       0          634.20        2046.44         3011.28         3850.13  
    0.188       182.79          621.76        2431.63         3665.07         5118.50  
    0.194       424.52          784.65        2572.14         3937.80         5500.00  
    0.200       480.50          808.97        2528.55         3966.57         5500.00  
    0.206       355.89          728.27        2420.49         3924.05         5500.00  
    0.213       74.08          164.46        1083.77         2562.08         4153.15  
    0.219       408.83          752.54        1760.93         3283.31         5091.13  
    0.225       513.21          1079.80        2358.23         3697.25         5500.00  
    0.231       520.37          1200.18        2494.84         3789.02         5500.00  
    0.238       525.63          1277.33        2444.54         3788.71         5500.00  
    0.244       560.01          1485.23        2293.46         3787.23         5500.00  
    0.250       535.44          1782.09        2254.21         3811.84         5500.00  
    0.256       522.78          1827.05        2206.83         3771.63         5500.00  
    0.263       672.53          1536.52        2475.85         4022.41         4798.36  
    0.269       719.90          1437.27        2568.08         4055.38         4560.29  
    0.275       699.28          1420.36        2572.80         4029.96         4525.28  
    0.281       665.88          1421.12        2668.42         4064.86         4493.44  
    0.288       153.16          331.28        1680.45         2617.96         4051.94  
    0.294       428.32          1164.42        2101.54         3390.13         4681.23  
    0.300       596.57          1647.32        2344.67         3683.75         4808.56  
    0.306       635.59          1735.77        2339.54         3601.65         4645.20  
    0.312       685.84          1768.87        2355.68         3534.95         4649.27  
    0.319       721.44          1695.62        2408.78         3662.59         4759.38  
    0.325       742.72          1693.50        2472.70         3637.50         4790.12  
    0.331       763.95          1687.60        2476.42         3594.41         4796.17  
    0.338       783.52          1648.56        2476.88         3641.15         4881.76  
    0.344       782.86          1580.93        2494.25         3679.78         4924.36  
    0.350       784.78          1568.31        2535.99         3654.70         4874.05  
    0.356       802.13          1571.37        2588.42         3786.26         4871.36  
    0.363       804.11          1572.00        2626.79         3820.65         4935.38  
    0.369       801.19          1574.50        2641.55         3804.74         4941.43  
    0.375       807.59          1575.43        2641.98         3828.67         4895.69  
    0.381       813.64          1597.08        2706.31         3715.52         4744.79  
    0.388       817.87          1587.11        2827.82         3667.13         4684.30  
    0.394       807.06          1548.32        2777.41         3672.42         4778.08  
    0.400       800.09          1522.51        2715.51         3661.87         4822.18  
    0.406       794.95          1511.77        2816.84         3720.90         4784.58  
    0.413       804.92          1540.28        2823.72         3679.75         4795.13  
    0.419       806.16          1558.50        2772.55         3798.98         4891.87  
    0.425       789.85          1557.01        2753.92         3892.64         5089.00  
    0.431       761.97          1548.23        2759.19         3934.24         5046.51  
    0.438       709.01          1536.37        2717.88         3957.61         5160.62  
    0.444       651.16          1498.41        2615.02         3861.08         4817.25  
    0.450       581.21          1423.51        2524.18         3769.11         4699.39  
    0.456       434.95          1353.42        2480.53         3815.03         5313.52  
    0.463       360.57          1289.81        2363.62         3865.67         5500.00  
    0.469       346.46          1249.94        2345.08         3609.17         5500.00  
    0.475       337.68          1238.73        2353.36         3654.30         5500.00  
    0.481       333.75          1278.86        2331.58         3895.53         5500.00  
    0.488       324.78          1300.36        2345.30         3686.18         5500.00  
    0.494       322.47          1273.06        2397.22         3343.26         5500.00  
    0.500       329.21          1265.60        2400.11         3829.50         5500.00  
    0.506       330.62          1256.07        2383.34         3923.23         5500.00  
    0.513       326.84          1239.68        2412.17         4102.10         5500.00  
    0.519       75.86          537.17        1530.04         2762.72         4532.63  
    0.525       0          317.43        1258.75         2468.99         4311.99  
    0.531       0          314.09        1244.26         2593.36         4311.67  
    0.537       0          312.16        1215.77         2656.41         4226.20  
    0.544       0          307.39        1237.77         2552.94         4063.31  
    0.550       227.41          915.54        2132.45         3956.80         4719.57  
    0.556       69.04          452.26        1518.98         2904.12         4593.68  
    