0.025       275.47          727.03        2096.24         2579.59         5324.56  
    0.031       100.69          265.75        952.64         2341.85         3450.54  
    0.038       0          210.02        1565.67         2280.20         3954.44  
    0.044       0          300.04        1837.55         2354.24         4371.14  
    0.050       0          278.64        1612.83         2392.88         3976.67  
    0.056       0          262.81        1601.18         2406.35         3924.04  
    0.062       0          245.24        1554.08         2332.29         3955.02  
    0.069       144.69          478.74        1970.83         3296.97         4940.55  
    0.075       228.96          682.94        2267.77         3908.50         5500.00  
    0.081       228.43          745.05        2285.24         3926.97         5500.00  
    0.088       226.54          800.66        2248.76         3893.12         5500.00  
    0.094       224.94          928.77        2331.54         3893.48         5500.00  
    0.100       237.11          1196.66        2536.53         3856.23         5049.69  
    0.106       302.47          1250.29        2587.38         3820.58         4628.24  
    0.113       353.86          1249.32        2732.20         3850.48         4452.15  
    0.119       385.16          1268.88        2827.12         3921.15         4609.61  
    0.125       405.39          1249.44        2701.48         3975.13         4778.11  
    0.131       415.46          1216.49        2602.86         4003.08         5149.00  
    0.138       429.40          1221.46        2506.67         3969.85         5443.70  
    0.144       435.38          1207.62        2459.39         3963.20         5138.94  
    0.150       435.16          1199.50        2435.77         3933.19         4798.52  
    0.156       430.98          1228.27        2439.03         3936.73         4698.88  
    0.163       435.91          1267.90        2444.88         3974.01         4630.34  
    0.169       446.98          1246.36        2442.42         3985.25         4584.59  
    0.175       455.29          1193.89        2461.07         3963.72         4562.74  
    0.181       462.41          1177.35        2457.31         3955.05         4569.30  
    0.188       477.01          1170.31        2423.83         3993.89         4789.74  
    0.194       484.31          1183.81        2392.72         4031.51         5016.30  
    0.200       480.27          1190.60        2320.18         4039.19         4947.16  
    0.206       473.12          1168.42        2357.62         4009.71         4777.04  
    0.213       486.87          1049.45        2365.90         3968.07         4650.51  
    0.219       534.13          733.12        2575.57         3946.61         4669.85  
    0.225       203.20          595.12        1822.12         3471.20         4257.45  
    0.231       0          524.24        1599.14         2882.29         4033.71  
    0.238       271.29          1221.15        2135.03         3639.15         4971.17  
    0.244       156.30          932.81        1520.23         3126.35         4635.18  
    0.250       335.90          542.30        1929.25         3436.65         5001.76  
    0.256       491.56          968.77        2297.82         3853.11         5500.00  
    0.263       449.58          999.58        2181.90         3509.73         5289.32  
    0.269       160.09          612.06        1947.22         3229.29         4778.44  
    0.275       286.56          1123.58        2337.49         3556.67         5154.22  
    0.281       444.74          1426.43        2601.87         3809.95         5500.00  
    0.288       161.11          833.72        1937.63         3244.64         4768.56  
    0.294       0          567.48        1640.37         2916.18         4355.72  
    0.300       0          557.69        1586.67         2753.90         4329.02  
    0.306       393.55          1031.60        2479.95         3785.17         5065.31  
    0.312       657.93          1311.12        2896.67         4347.69         4882.50  
    0.319       620.99          1311.26        2637.82         4305.96         4606.67  
    0.325       628.29          1330.37        2548.66         4387.23         4551.13  
    0.331       735.08          1344.52        2776.19         4294.12         4469.96  
    0.338       718.42          1356.40        2634.35         3991.78         4521.97  
    0.344       742.20          1406.08        2431.99         3629.93         4629.56  
    0.350       797.55          1428.46        2397.72         3475.74         4714.77  
    0.356       831.27          1460.47        2416.19         3510.73         4766.54  
    0.363       909.30          1477.68        2383.40         3547.98         4776.00  
    0.369       995.42          1526.91        2278.90         3514.27         4797.32  
    0.375       1009.95          1524.89        2289.46         3546.53         4862.96  
    0.381       999.95          1462.29        2361.77         3563.49         4929.49  
    0.388       969.39          1454.89        2424.35         3562.57         4914.97  
    0.394       919.26          1476.99        2480.88         3658.76         4893.04  
    0.400       903.48          1481.91        2532.48         3711.43         4898.31  
    0.406       926.53          1488.29        2573.55         3678.99         4934.11  
    0.413       929.59          1493.62        2568.01         3735.44         5001.90  
    0.419       877.56          1488.08        2504.37         3754.41         5028.98  
    0.425       833.22          1485.24        2492.74         3709.72         5046.45  
    0.431       811.41          1494.67        2536.72         3691.70         5040.86  
    0.438       797.33          1495.99        2604.48         3690.46         5024.57  
    0.444       787.48          1479.69        2683.43         3687.69         4950.23  
    0.450       769.35          1434.65        2859.41         3705.67         4905.27  
    0.456       278.09          516.63        1920.44         2735.34         4176.94  
    0.463       157.39          841.22        1867.81         3140.49         4751.70  
    0.469       283.13          1324.98        2221.63         3702.50         5300.95  
    0.475       301.41          1327.32        2264.01         3718.57         5275.98  
    0.481       300.11          1321.47        2255.77         3751.34         5267.28  
    0.488       302.91          1320.94        2247.86         3747.51         5289.43  
    0.494       307.93          1329.72        2288.96         3742.67         5324.62  
    0.500       312.89          1337.56        2347.88         3965.34         5440.48  
    0.506       316.77          1335.43        2397.91         3736.11         5388.96  
    0.513       320.66          1326.48        2438.00         3437.08         5346.49  
    0.519       117.77          689.70        1741.68         2922.11         5448.41  
    0.525       0          324.76        1341.42         2701.01         5168.60  
    