0.025       0          238.44        1541.99         3135.46         4231.07  
    0.031       0          254.33        1518.29         3111.30         4283.22  
    0.038       0          298.20        1500.82         3204.83         4299.94  
    0.044       0          322.87        1486.13         3445.20         4052.65  
    0.050       0          341.06        1433.31         3542.64         4003.50  
    0.056       0          349.68        1349.77         3214.81         3933.50  
    0.062       0          325.23        1328.24         3202.95         4018.37  
    0.069       0          335.99        1347.85         3193.56         4149.78  
    0.075       0          355.38        1346.28         2925.50         4293.08  
    0.081       0          313.00        1405.60         3045.74         4260.58  
    0.088       195.09          1044.55        2435.70         3627.26         4982.36  
    0.094       375.07          1546.56        3038.27         3926.70         5500.00  
    0.100       417.79          1449.62        2812.26         3959.91         5500.00  
    0.106       432.39          1324.38        2684.79         3949.47         5500.00  
    0.113       443.62          1265.98        2646.97         3919.48         5379.44  
    0.119       449.48          1260.34        2586.68         3913.89         5018.54  
    0.125       454.88          1318.68        2588.19         3906.90         5238.44  
    0.131       458.08          1348.26        2511.75         3888.19         4990.23  
    0.138       461.75          1302.49        2468.15         3900.57         4818.57  
    0.144       465.26          1248.27        2412.49         3929.82         5272.48  
    0.150       467.33          1199.76        2326.48         3898.84         5142.32  
    0.156       467.08          1160.09        2322.29         3861.66         4777.07  
    0.163       471.65          1160.53        2333.38         3842.14         4612.36  
    0.169       484.08          1244.64        2274.52         3836.68         4737.55  
    0.175       488.97          1355.22        2186.18         3854.55         4842.58  
    0.181       487.13          1432.11        2035.09         3852.41         4807.88  
    0.188       488.48          1309.45        1973.75         3850.10         4739.75  
    0.194       482.02          1101.28        2105.54         3896.57         4504.83  
    0.200       450.70          950.02        2369.41         3927.14         4275.22  
    0.206       425.70          890.59        2525.12         3993.43         4149.54  
    0.213       412.26          893.74        2612.99         4048.52         4369.13  
    0.219       385.68          903.54        2818.87         4040.10         5121.40  
    0.225       351.44          911.53        2689.09         3981.79         5500.00  
    0.231       305.12          940.64        2476.33         3911.27         5236.81  
    0.238       304.07          950.96        2494.73         3915.73         5096.65  
    0.244       343.86          920.94        2627.14         3864.68         5006.04  
    0.250       142.06          355.70        1598.50         2955.34         4533.90  
    0.256       656.99          804.05        1859.05         3551.29         4416.22  
    0.263       1089.78          1459.33        2520.01         4253.39         4483.66  
    0.269       430.44          1290.78        2467.27         4186.87         4368.85  
    0.275       573.19          1155.72        2472.53         4176.30         4512.43  
    0.281       884.93          1272.08        2497.58         4264.12         4527.87  
    0.288       779.14          1294.07        2465.08         4211.86         4438.85  
    0.294       556.29          1264.64        2471.70         4116.19         4487.98  
    0.300       446.80          1273.95        2481.42         4109.37         4521.63  
    0.306       469.41          1275.35        2449.33         4009.05         4535.22  
    0.312       491.17          1283.42        2428.74         4022.89         4556.79  
    0.319       507.46          1266.29        2428.70         4055.44         4780.44  
    0.325       526.62          1222.68        2466.23         4017.94         4879.20  
    0.331       543.03          1240.91        2501.89         3967.36         4793.65  
    0.338       572.07          1311.00        2514.26         3927.33         4855.05  
    0.344       602.05          1363.72        2495.33         3978.95         4975.43  
    0.350       619.72          1344.58        2442.78         3965.63         4916.27  
    0.356       633.90          1324.53        2426.23         3937.62         4895.55  
    0.363       644.30          1329.91        2441.54         3942.45         4876.27  
    0.369       647.82          1319.81        2414.13         3990.59         4862.42  
    0.375       655.64          1343.93        2413.88         4008.95         4890.00  
    0.381       662.36          1371.75        2428.02         3923.23         4919.67  
    0.388       667.70          1365.35        2411.47         3809.27         4932.73  
    0.394       673.25          1329.51        2365.40         3753.87         4920.51  
    0.400       677.61          1287.65        2363.09         3830.95         4926.77  
    0.406       684.97          1293.74        2493.95         3996.49         4948.73  
    0.413       688.80          1310.28        2580.80         3931.89         4942.58  
    0.419       680.51          1290.51        2557.33         3897.46         4960.77  
    0.425       666.91          1273.62        2494.51         3953.43         4996.47  
    0.431       655.45          1258.49        2444.42         4053.63         4965.76  
    0.438       651.60          1264.42        2444.38         4118.78         4919.91  
    0.444       644.15          1259.60        2460.06         3925.96         4898.82  
    0.450       623.26          1219.55        2459.49         3886.92         4856.21  
    0.456       584.27          1175.21        2456.22         3977.95         4774.38  
    0.463       537.27          1177.56        2462.78         4006.56         4752.29  
    0.469       472.40          1290.44        2445.31         4040.31         4875.99  
    0.475       431.78          1354.03        2416.99         3933.60         4883.83  
    0.481       432.76          1322.10        2436.04         3589.81         4821.46  
    0.488       424.44          1281.18        2425.77         3498.35         4809.26  
    0.494       409.57          1300.77        2343.07         3431.54         4810.29  
    0.500       408.53          1312.76        2384.39         3266.90         4799.12  
    0.506       414.76          1218.10        2478.82         3260.47         4807.49  
    0.513       420.76          1151.42        2485.20         3277.87         4832.63  
    0.519       419.75          1145.21        2451.08         3278.41         4826.03  
    0.525       410.18          1153.08        2424.02         3265.63         4829.07  
    0.531       392.60          1173.33        2407.52         3263.48         4877.03  
    