0.025       0          228.26        2479.87         2727.69         3849.34  
    0.031       0          221.92        2421.64         2651.71         3828.73  
    0.038       131.09          915.68        2516.66         3348.27         4907.12  
    0.044       205.52          1344.99        2548.73         3825.21         5136.97  
    0.050       273.69          1346.72        2549.15         3733.57         4647.51  
    0.056       350.18          1303.02        2533.44         3659.23         4526.96  
    0.062       381.63          1279.25        2712.26         3618.77         4570.25  
    0.069       408.64          1246.51        2914.41         3450.98         4562.49  
    0.075       419.55          1169.54        2630.63         3448.63         4546.62  
    0.081       421.09          1118.23        2410.64         3552.66         4605.39  
    0.088       420.94          1101.44        2402.33         3514.20         4586.82  
    0.094       425.98          1078.21        2392.19         3476.13         4532.60  
    0.100       435.74          1034.89        2405.22         3502.93         4548.42  
    0.106       440.36          992.77        2382.10         3507.55         4607.80  
    0.113       446.17          969.83        2298.04         3518.63         4611.71  
    0.119       448.87          948.19        2317.03         3580.46         4596.52  
    0.125       437.29          946.74        2336.55         3621.70         4691.27  
    0.131       417.21          951.90        2383.99         3624.84         4750.37  
    0.138       386.15          889.83        2440.24         3612.13         4676.51  
    0.144       379.12          840.73        2564.83         3621.82         4659.25  
    0.150       366.58          813.95        2723.76         3675.93         4873.48  
    0.156       215.56          804.84        2714.90         3795.72         5011.92  
    0.163       48.64          821.54        2408.96         3755.12         4318.37  
    0.169       0          853.32        2222.95         3680.00         4199.96  
    0.175       0          870.30        2178.75         3268.10         4323.47  
    0.181       0          877.50        2167.35         3178.80         4378.33  
    0.188       0          859.43        2133.03         3299.58         4450.73  
    0.194       0          298.88        1065.25         2586.50         3994.24  
    0.200       298.70          922.20        1626.37         3085.08         4459.50  
    0.206       162.53          836.68        2239.38         3496.49         4864.21  
    0.213       0          513.16        2293.23         3204.39         4475.70  
    0.219       312.42          1308.18        2671.58         3910.31         4629.89  
    0.225       169.99          613.83        1773.64         3043.16         4060.38  
    0.231       0          0        1224.79         2474.76         3911.35  
    0.238       462.32          813.40        2234.00         3731.45         4991.96  
    0.244       251.56          1188.41        1794.33         3917.09         4769.07  
    0.250       0          1196.56        1283.26         3662.12         4374.07  
    0.256       0          1212.91        1302.29         3672.03         4378.64  
    0.263       0          1224.79        1293.84         3684.78         4379.21  
    0.269       328.47          1270.40        1825.81         3627.53         4403.68  
    0.275       517.58          1287.38        2097.29         3564.48         4587.37  
    0.281       538.39          1298.28        2188.70         3575.59         4689.55  
    0.288       549.78          1316.78        2246.55         3617.42         4690.22  
    0.294       558.54          1322.28        2281.66         3743.32         4732.28  
    0.300       576.53          1325.56        2342.14         3827.28         4691.86  
    0.306       598.98          1325.27        2348.39         3641.79         4699.00  
    0.312       622.04          1309.47        2291.74         3409.41         4785.12  
    0.319       646.80          1309.69        2248.16         3372.02         4761.12  
    0.325       664.74          1317.07        2228.51         3459.46         4808.41  
    0.331       674.23          1321.51        2241.42         3619.44         4767.07  
    0.338       674.50          1324.03        2252.02         3799.26         4588.15  
    0.344       668.08          1322.70        2230.79         3868.13         4597.15  
    0.350       662.88          1321.56        2225.37         3865.67         4705.50  
    0.356       658.43          1325.08        2241.54         3788.98         4797.93  
    0.363       652.01          1325.56        2252.69         3825.52         5076.71  
    0.369       642.82          1324.79        2217.93         3891.34         5398.29  
    0.375       631.43          1324.94        2171.30         3900.86         5500.00  
    0.381       624.69          1317.58        2168.49         3846.58         5500.00  
    0.388       618.11          1311.69        2181.47         3839.02         5500.00  
    0.394       216.81          847.03        1626.52         2782.76         4413.36  
    0.400       0          573.52        1319.56         2253.48         3832.91  
    0.406       0          482.84        1311.01         2362.68         3881.91  
    0.413       0          326.23        1301.00         2486.86         3918.78  
    0.419       0          262.72        1312.22         2588.85         3959.49  
    0.425       0          270.34        1319.31         2588.84         3987.61  
    0.431       181.12          935.30        2137.83         3467.48         4968.97  
    0.438       98.55          629.16        1755.16         3110.13         4519.94  
    0.444       0          253.41        1315.12         2560.71         4000.01  
    0.450       178.87          932.43        1998.91         3484.51         4973.99  
    0.456       281.72          1316.05        2398.87         4009.26         5500.00  
    0.463       100.33          639.57        1737.60         3041.86         4522.91  
    0.469       0          262.34        1418.94         2549.69         3995.86  
    0.475       0          232.26        1491.02         2506.80         3986.07  
    0.481       0          523.70        1760.87         2444.61         3938.41  
    0.488       0          545.39        2025.13         2521.60         3937.78  
    