0.025       248.85          1526.06        2708.62         2945.62         5027.38  
    0.031       243.34          1513.41        2700.20         3360.61         5001.03  
    0.038       235.77          1486.29        2671.53         3885.19         5316.69  
    0.044       233.44          1462.68        2665.25         4078.87         5500.00  
    0.050       227.08          1450.88        2721.52         4235.40         5500.00  
    0.056       79.77          665.27        1952.22         3382.75         4791.29  
    0.062       0          221.67        1507.89         2901.86         4323.75  
    0.069       0          393.36        1501.23         2973.77         4470.10  
    0.075       0          561.16        1502.88         2967.35         4481.64  
    0.081       0          371.05        1499.77         2866.99         4256.27  
    0.088       0          233.04        1521.66         2745.57         4132.85  
    0.094       0          299.77        1547.46         2749.70         4170.23  
    0.100       0          329.08        1514.48         2835.73         4350.80  
    0.106       0          115.25        532.70         1700.24         3326.14  
    0.113       325.18          1190.48        1747.57         3000.00         4227.16  
    0.119       461.14          1666.50        2677.34         3969.41         5069.78  
    0.125       408.06          1412.11        2610.79         3764.01         5032.17  
    0.131       408.67          1304.69        2562.08         3651.38         4946.89  
    0.138       430.34          1276.71        2535.86         3607.70         4838.03  
    0.144       435.52          1242.84        2494.57         3592.00         4782.48  
    0.150       438.77          1189.18        2480.06         3600.07         4738.01  
    0.156       441.88          1136.41        2510.67         3538.19         4627.82  
    0.163       449.21          1119.96        2484.05         3494.34         4560.47  
    0.169       458.14          1110.74        2455.36         3595.21         4606.59  
    0.175       464.02          1149.57        2431.96         3577.53         4650.31  
    0.181       466.72          1195.16        2384.55         3462.89         4602.03  
    0.188       471.10          1248.89        2278.57         3446.15         4581.74  
    0.194       483.63          1150.52        2240.50         3543.53         4665.06  
    0.200       494.53          955.72        2395.75         3537.83         4650.25  
    0.206       512.60          810.59        2485.84         3573.41         4466.94  
    0.213       440.83          768.15        2513.36         3649.63         4234.22  
    0.219       410.77          755.29        2599.89         3835.07         4014.68  
    0.225       149.48          573.20        1887.41         3258.56         3967.74  
    0.231       0          497.14        1519.88         3075.09         4226.75  
    0.238       0          586.52        1487.97         3144.17         4380.04  
    0.244       0          704.30        1435.36         3052.22         4335.16  
    0.250       0          760.81        1454.46         2909.51         4229.03  
    0.256       0          835.71        1526.88         2873.88         4192.44  
    0.263       0          808.01        1588.68         2869.69         4150.46  
    0.269       0          775.93        1560.16         2896.24         4060.07  
    0.275       0          736.28        1467.79         2765.88         4057.96  
    0.281       0          635.06        1444.63         2550.11         4088.09  
    0.288       410.80          1150.29        2219.08         3302.72         4668.41  
    0.294       228.00          1202.76        1898.79         3403.77         4630.72  
    0.300       0          988.16        1501.94         3255.42         4473.68  
    0.306       0          791.45        1482.30         2848.60         4201.71  
    0.312       0          743.43        1485.64         2743.15         4294.84  
    0.319       481.94          1141.00        2128.48         3816.83         4452.28  
    0.325       716.64          1343.45        2477.03         4177.73         4508.94  
    0.331       698.90          1348.36        2477.94         4003.97         4555.03  
    0.338       249.54          1360.13        2209.11         3899.78         4554.35  
    0.344       0          1372.26        2158.72         3829.42         4476.54  
    0.350       424.89          1371.38        3118.92         3800.52         4465.08  
    0.356       577.43          1406.68        3631.54         3731.12         4481.75  
    0.363       533.34          1436.82        2746.31         3626.76         4480.11  
    0.369       576.84          1485.76        2245.13         3593.93         4496.71  
    0.375       618.27          1463.71        2266.84         3610.01         4590.79  
    0.381       644.39          1413.70        2329.14         3622.02         4674.91  
    0.388       658.45          1382.34        2396.49         3624.97         4801.83  
    0.394       667.83          1356.95        2410.65         3628.84         4824.34  
    0.400       673.47          1345.19        2365.23         3626.92         4786.72  
    0.406       668.11          1337.83        2340.14         3610.01         4923.63  
    0.413       652.23          1327.23        2366.07         3627.64         4856.47  
    0.419       638.19          1317.22        2385.58         3640.98         4716.42  
    0.425       635.48          1317.29        2408.64         3633.29         4717.70  
    0.431       635.98          1316.81        2395.77         3634.29         4827.81  
    0.438       629.30          1312.68        2396.97         3646.25         4994.01  
    0.444       622.32          1310.61        2383.41         3644.19         5220.06  
    0.450       618.04          1311.75        2383.53         3644.80         5209.51  
    0.456       613.60          1314.33        2480.00         3656.10         5095.69  
    0.463       614.56          1315.59        2503.61         3671.32         4933.22  
    0.469       615.45          1317.02        2478.22         3667.14         5271.91  
    0.475       611.73          1322.73        2448.13         3653.08         5500.00  
    0.481       608.75          1326.64        2428.76         3667.41         5444.99  
    0.488       590.19          1327.08        2364.55         3692.25         5158.71  
    0.494       578.46          1325.16        2326.09         3697.38         5327.53  
    0.500       578.13          1326.44        2304.21         3699.19         5500.00  
    0.506       589.86          1331.44        2335.62         3699.67         5500.00  
    0.513       594.61          1339.03        2391.46         3677.95         5500.00  
    0.519       583.45          1342.44        2414.09         3674.24         5500.00  
    0.525       565.76          1325.03        2391.04         3687.89         4990.74  
    0.531       559.83          1297.65        2453.34         3687.25         5217.36  
    0.537       539.58          1279.80        2440.29         3682.37         5500.00  
    0.544       489.10          1260.43        2425.21         3697.94         5500.00  
    0.550       166.84          996.46        2064.01         3042.32         4409.53  
    0.556       0          809.97        2045.75         2785.13         3793.74  
    0.562       0          650.85        2154.37         2860.69         3974.08  
    0.569       0          642.44        2133.87         2834.66         4001.46  
    0.575       0          687.80        2094.93         2804.54         3962.26  
    0.581       0          516.27        2110.47         2841.25         4090.39  
    0.588       0          380.43        2130.58         2840.65         4058.10  
    0.594       0          375.15        2115.07         2811.74         4154.32  
    0.600       0          367.13        2014.88         2824.69         4306.29  
    0.606       0          339.93        1846.84         2810.61         4225.22  
    0.613       0          309.93        1710.89         2723.22         4209.67  
    