0.025       278.76          1213.92        2511.35         3274.54         4670.81  
    0.031       80.47          550.36        1597.41         2732.60         4656.02  
    0.038       0          279.03        1237.94         2515.50         4553.90  
    0.044       0          261.92        1251.26         2512.29         4472.78  
    0.050       0          222.08        1251.39         2515.79         4249.41  
    0.056       136.70          970.11        2208.07         3527.32         5114.84  
    0.062       190.93          1272.93        2620.84         4144.65         5500.00  
    0.069       200.74          1269.02        2694.74         3895.81         5500.00  
    0.075       222.11          1396.51        2859.57         3628.17         4801.70  
    0.081       338.46          1388.08        2926.67         3601.85         4411.99  
    0.088       409.08          1288.60        3120.91         3807.76         4467.83  
    0.094       441.22          1229.87        3188.81         3721.89         4933.15  
    0.100       465.84          1212.92        2994.46         3560.41         5286.27  
    0.106       479.46          1207.10        2840.63         3501.87         5459.46  
    0.113       487.18          1158.32        2786.77         3468.55         5500.00  
    0.119       487.67          1098.86        2940.45         3466.64         5500.00  
    0.125       484.16          1084.24        3153.24         3460.49         5500.00  
    0.131       477.78          1086.38        3122.36         3444.59         5500.00  
    0.138       474.28          1053.39        2880.86         3451.69         5500.00  
    0.144       136.74          661.41        1582.86         3255.63         4057.80  
    0.150       0          529.66        1151.54         3296.92         3463.89  
    0.156       0          529.96        1180.09         3427.48         3463.61  
    0.163       348.52          880.06        2617.50         3460.67         4912.55  
    0.169       478.09          924.46        2792.90         3445.75         4752.08  
    0.175       467.18          848.52        2620.71         3442.16         4394.07  
    0.181       456.28          806.29        2709.97         3482.27         4428.86  
    0.188       440.68          797.17        2808.13         3521.08         4564.86  
    0.194       442.05          803.71        2716.13         3530.46         4559.56  
    0.200       416.76          822.30        2671.33         3517.56         4503.88  
    0.206       411.50          862.13        3112.91         3677.33         5208.36  
    0.213       427.27          882.66        3308.64         3774.72         5248.80  
    0.219       443.00          885.04        3106.18         3606.75         5027.57  
    0.225       449.35          1043.74        2745.30         3459.12         4948.11  
    0.231       501.31          899.51        2320.26         3439.53         4935.94  
    0.238       583.87          929.93        2429.54         3560.22         4959.39  
    0.244       563.28          1075.30        2513.93         3680.01         4897.46  
    0.250       555.63          1050.30        2490.70         3646.15         4903.10  
    0.256       529.25          1284.01        2594.40         3635.60         4979.60  
    0.263       566.05          1493.16        2736.08         3679.52         5150.60  
    0.269       626.63          1479.50        2702.00         3825.20         5416.21  
    0.275       641.33          1398.31        2784.45         3892.15         5223.65  
    0.281       663.51          1367.65        2848.13         3853.68         5037.95  
    0.288       682.33          1358.38        2433.52         3656.24         4685.51  
    0.294       678.71          1356.52        2339.01         3609.14         4530.67  
    0.300       195.04          1290.58        1671.65         3496.90         4489.47  
    0.306       0          1339.72        1738.47         3464.37         4463.25  
    0.312       87.96          1368.13        2175.50         3446.51         4474.95  
    0.319       360.43          1370.73        2287.55         3420.62         4502.55  
    0.325       488.82          1352.41        2241.29         3469.69         4462.90  
    0.331       519.59          1340.57        2237.38         3491.03         4367.29  
    0.338       529.32          1332.91        2285.52         3490.77         4357.17  
    0.344       540.58          1330.15        2323.94         3501.63         4385.57  
    0.350       559.37          1327.40        2278.07         3507.67         4356.84  
    0.356       575.99          1315.28        2232.96         3519.84         4348.74  
    0.363       587.39          1309.58        2217.03         3527.24         4445.07  
    0.369       596.85          1303.27        2205.15         3529.23         4590.13  
    0.375       608.39          1297.89        2204.71         3529.06         4485.33  
    0.381       613.97          1292.00        2192.09         3546.32         4293.24  
    0.388       618.98          1285.12        2174.96         3538.10         4242.01  
    0.394       628.68          1277.91        2170.47         3532.48         4386.79  
    0.400       641.45          1283.81        2211.27         3554.14         4633.76  
    0.406       648.58          1298.79        2285.77         3566.36         4623.55  
    0.413       647.75          1292.68        2305.73         3567.70         4457.69  
    0.419       648.72          1280.56        2282.25         3566.97         4541.43  
    0.425       642.23          1265.95        2254.28         3563.90         4738.87  
    0.431       638.10          1257.88        2260.52         3561.14         4745.22  
    0.438       637.54          1253.37        2275.18         3528.82         4655.01  
    0.444       629.32          1242.44        2266.54         3494.38         4691.23  
    0.450       622.41          1237.91        2246.01         3492.76         4756.26  
    0.456       615.37          1240.83        2236.64         3506.29         4862.83  
    0.463       608.74          1238.22        2232.72         3509.08         4965.78  
    0.469       602.51          1230.37        2231.48         3495.29         4724.50  
    0.475       595.07          1223.15        2220.04         3466.12         4713.37  
    0.481       593.60          1219.34        2228.87         3467.53         4737.52  
    0.488       592.26          1215.16        2235.66         3512.30         4678.65  
    0.494       587.54          1210.23        2233.90         3527.89         4644.83  
    0.500       581.87          1206.51        2235.35         3501.12         4611.89  
    0.506       576.69          1204.46        2244.52         3466.15         4573.88  
    0.513       572.36          1204.09        2263.40         3561.17         4457.93  
    0.519       559.43          1204.99        2279.90         3808.84         4372.92  
    0.525       533.89          1214.73        2289.40         3936.03         4594.36  
    0.531       445.60          1223.80        2320.27         3872.27         4519.43  
    0.537       373.66          1242.64        2352.66         3794.68         4532.01  
    0.544       357.96          1245.34        2369.16         3565.96         4674.57  
    0.550       347.93          1252.66        2366.14         3533.86         4927.00  
    0.556       325.04          1263.61        2348.03         3542.10         5236.34  
    0.562       307.49          1269.23        2353.02         3454.97         4933.56  
    0.569       309.57          1283.17        2378.52         3382.67         4736.78  
    0.575       305.79          1304.42        2407.94         3336.30         4741.64  
    0.581       303.21          1314.19        2413.77         3315.11         4758.53  
    0.588       301.60          1318.58        2390.63         3366.48         4807.06  
    0.594       299.84          1306.87        2389.64         3422.07         4955.17  
    0.600       299.74          1296.20        2410.59         3635.06         5023.17  
    0.606       297.57          1258.73        2429.99         4226.79         4903.30  
    0.613       285.12          1215.15        2477.13         4365.28         5312.99  
    0.619       265.07          1209.54        2494.62         4242.51         5500.00  
    