0.025       197.79          863.23        2520.88         3127.16         4386.65  
    0.031       197.62          779.90        2531.81         3122.49         4773.40  
    0.038       73.55          410.59        2487.08         2961.38         5116.95  
    0.044       0          216.95        2187.81         2741.18         5132.72  
    0.050       129.76          1338.94        2403.89         4252.61         5351.78  
    0.056       76.97          874.27        2535.33         3661.24         5156.45  
    0.062       0          202.09        2598.11         2858.42         5296.20  
    0.069       122.32          648.91        2634.92         3135.33         5214.47  
    0.075       199.26          1467.31        2600.12         3352.36         4957.35  
    0.081       252.50          1910.05        2607.66         3429.65         4897.15  
    0.088       330.79          1454.56        2662.05         3464.37         4858.80  
    0.094       352.83          1101.07        2711.40         3635.50         4802.70  
    0.100       351.45          1054.13        2633.86         3717.47         4744.52  
    0.106       357.44          1043.94        2567.72         3731.62         4715.54  
    0.113       362.49          1045.00        2587.87         3794.85         4801.11  
    0.119       365.44          1037.03        2559.10         3859.26         4821.97  
    0.125       369.37          1031.86        2544.80         3782.96         4741.36  
    0.131       373.98          1029.51        2553.99         3718.16         4617.22  
    0.138       378.34          1007.56        2539.65         3763.88         4511.84  
    0.144       382.49          979.16        2530.02         3820.41         4522.68  
    0.150       380.19          946.39        2546.85         3838.99         4366.74  
    0.156       376.26          915.24        2621.69         3797.46         4239.00  
    0.163       372.91          896.52        2628.44         3739.34         4174.57  
    0.169       366.08          883.01        2647.20         3742.19         4125.15  
    0.175       341.17          874.89        2930.16         3785.64         4060.79  
    0.181       289.42          864.71        3061.54         3812.27         4081.28  
    0.188       250.63          867.13        2993.88         3616.36         4361.13  
    0.194       251.44          847.00        2907.53         3439.69         4613.20  
    0.200       341.68          841.38        2769.87         3413.10         4742.38  
    0.206       383.38          888.44        2714.71         3448.53         4796.09  
    0.213       373.69          916.86        2744.74         3434.59         4731.33  
    0.219       371.70          996.61        2922.10         3253.21         4742.26  
    0.225       366.82          1182.09        3022.54         3281.08         4897.72  
    0.231       361.62          1281.21        2936.79         3492.92         5014.69  
    0.238       371.25          1296.50        2863.00         3955.50         4817.97  
    0.244       289.53          1292.60        2590.74         4354.95         4552.49  
    0.250       800.74          1301.72        2441.08         4249.63         4589.17  
    0.256       1039.87          1322.10        1759.11         4089.57         4630.67  
    0.263       666.32          1339.50        1828.73         4009.45         4607.27  
    0.269       487.13          1340.69        2054.22         3870.19         4537.45  
    0.275       512.72          1357.37        2000.59         3762.22         4416.68  
    0.281       548.73          1358.27        1970.56         3709.82         4382.98  
    0.288       574.31          1318.59        1959.65         3699.53         4401.22  
    0.294       600.41          1305.49        1974.65         3686.01         4428.09  
    0.300       649.47          1344.99        2057.74         3725.97         4501.11  
    0.306       680.55          1378.63        2115.99         3745.70         5141.42  
    0.312       679.69          1381.31        2097.94         3683.83         5500.00  
    0.319       672.21          1376.88        2031.96         3645.69         5500.00  
    0.325       668.75          1369.76        2032.81         3634.45         5500.00  
    0.331       659.21          1357.03        2100.42         3642.03         5500.00  
    0.338       636.07          1336.56        2135.40         3662.48         5500.00  
    0.344       617.26          1324.43        2130.12         3706.08         5112.65  
    0.350       228.02          877.16        1664.11         2707.68         4159.52  
    0.356       366.79          1111.06        1764.18         3071.06         4106.62  
    0.363       567.39          1435.67        1732.41         3647.89         3912.22  
    0.369       518.75          1416.50        1525.95         3595.20         3847.90  
    0.375       465.91          1380.45        1541.42         3547.57         4035.38  
    0.381       449.39          1372.75        1484.45         3549.32         4079.99  
    0.388       426.55          1315.55        1654.67         3529.78         4014.02  
    0.394       357.64          1255.47        2118.24         3522.22         3962.52  
    0.400       320.71          1297.86        2382.87         3827.36         4924.65  
    0.406       118.45          683.62        1773.25         3059.32         4510.54  
    0.413       179.53          927.23        2032.48         3007.49         4067.06  
    0.419       286.32          1287.95        2402.45         3264.15         4245.16  
    0.425       286.33          1278.12        2435.90         3567.25         4196.86  
    0.431       284.53          1286.45        2466.06         3946.14         4201.80  
    0.438       274.52          1280.98        2437.83         4029.35         4186.41  
    