0.025       0          274.79        1788.07         3452.92         4040.56  
    0.031       0          243.14        1547.74         3388.52         4076.17  
    0.038       106.08          412.44        2193.70         3564.27         4830.77  
    0.044       98.39          390.03        2483.18         3513.53         5029.45  
    0.050       95.34          982.91        2401.10         3697.48         4831.82  
    0.056       205.12          1618.31        2726.45         4076.46         5074.89  
    0.062       298.14          1458.03        2625.98         4074.33         5121.31  
    0.069       369.11          1304.11        2444.34         4159.46         5126.85  
    0.075       374.59          1182.70        2266.35         4268.77         5141.88  
    0.081       377.65          1099.17        2225.09         4262.68         5185.01  
    0.088       381.56          1049.91        2233.58         4201.56         5163.46  
    0.094       388.25          1038.57        2237.78         4180.31         5073.44  
    0.100       392.40          1022.87        2276.04         4176.58         4998.04  
    0.106       393.09          986.09        2313.27         4174.04         4979.53  
    0.113       393.04          944.57        2356.09         4157.60         4985.87  
    0.119       393.40          919.28        2419.22         4147.94         4991.75  
    0.125       394.03          907.11        2468.46         4173.95         4992.59  
    0.131       395.05          901.26        2530.11         4210.95         5023.64  
    0.138       395.75          897.74        2579.64         4211.65         5069.26  
    0.144       394.35          893.97        2538.29         4205.23         5045.88  
    0.150       390.77          891.82        2458.92         4226.63         5000.18  
    0.156       390.14          891.21        2488.57         4217.23         4974.98  
    0.163       398.53          885.99        2903.06         4080.23         4962.61  
    0.169       402.69          876.41        3541.59         3949.78         4930.15  
    0.175       384.69          890.18        3891.21         4201.27         4787.32  
    0.181       178.04          710.94        2384.46         4206.40         4418.92  
    0.188       162.54          750.39        1811.35         3995.35         4861.02  
    0.194       335.18          972.44        2587.27         3978.67         5500.00  
    0.200       355.55          1002.39        2555.17         3938.57         5500.00  
    0.206       171.12          488.83        1558.51         3232.13         4718.40  
    0.213       0          404.81        1669.44         3288.72         4038.67  
    0.219       0          807.07        2484.94         3834.06         4277.68  
    0.225       0          400.31        1746.41         3004.34         4137.63  
    0.231       0          0        1322.26         2313.24         3847.33  
    0.238       613.96          752.11        1892.40         3075.97         4441.12  
    0.244       1185.16          1447.88        2407.77         3730.05         4980.87  
    0.250       1091.57          1441.23        3043.72         3625.34         4983.75  
    0.256       835.91          1424.91        3401.08         3878.12         5010.71  
    0.263       510.87          1446.53        3317.39         4157.55         5066.06  
    0.269       407.48          1493.88        3169.33         4140.83         5104.58  
    0.275       472.92          1490.44        2618.74         4056.33         5117.24  
    0.281       518.24          1445.24        2253.50         4012.21         5081.60  
    0.288       548.63          1382.73        2223.07         4039.12         5051.76  
    0.294       552.50          1336.88        2227.35         4078.05         5072.15  
    0.300       558.36          1320.66        2246.92         4106.11         5088.98  
    0.306       567.99          1303.90        2234.84         4122.71         5101.50  
    0.312       583.44          1284.87        2206.13         4149.60         5099.31  
    0.319       591.52          1266.07        2150.33         4159.91         5093.80  
    0.325       591.46          1249.43        2063.74         4165.24         5115.06  
    0.331       604.28          1246.94        2005.74         4219.48         5116.30  
    0.338       631.89          1257.14        1976.37         4282.63         5118.99  
    0.344       658.66          1274.68        1928.50         4300.01         5141.91  
    0.350       665.68          1298.53        1905.34         4284.09         5135.48  
    0.356       658.24          1314.36        1878.16         4255.33         5131.69  
    0.363       651.45          1318.00        1810.23         4212.29         5150.14  
    0.369       638.56          1314.43        1744.84         4202.33         5179.80  
    0.375       610.29          1301.84        1801.15         4187.26         5199.44  
    0.381       579.84          1286.93        1919.52         4117.96         5194.87  
    0.388       273.29          896.75        1595.67         3093.89         4769.81  
    0.394       0          512.91        1256.64         2205.23         4343.70  
    0.400       0          446.10        1236.45         2178.17         4305.33  
    0.406       138.29          827.11        1732.82         3176.46         4923.49  
    0.413       233.93          1256.68        2219.27         4129.44         5500.00  
    0.419       204.04          1283.61        2221.48         4114.91         5500.00  
    0.425       219.85          1267.17        2206.70         4092.68         5500.00  
    0.431       112.69          692.45        1683.75         3384.24         4782.01  
    0.438       0          110.15        1176.37         2768.94         4204.32  
    