0.025       428.94          665.79        2873.50         3493.17         5171.84  
    0.031       417.85          788.43        2879.23         3583.24         5166.68  
    0.038       429.27          861.93        2868.70         3719.08         5306.75  
    0.044       442.80          883.40        2898.63         3793.87         5287.89  
    0.050       445.96          886.01        2845.70         3835.02         5055.19  
    0.056       484.28          812.40        2891.72         3747.62         4957.12  
    0.062       544.74          643.61        2991.21         3571.68         4898.14  
    0.069       516.47          645.88        2980.08         3583.32         4896.50  
    0.075       460.62          765.75        2933.05         3660.68         5009.98  
    0.081       420.22          843.60        2887.24         3654.98         5071.78  
    0.088       407.06          873.24        2981.90         3591.91         5106.90  
    0.094       404.57          868.95        3047.71         3459.98         5055.52  
    0.100       403.34          876.82        3050.79         3399.33         5241.70  
    0.106       402.82          896.68        3064.73         3377.32         5456.07  
    0.113       404.80          905.30        3157.44         3386.26         5500.00  
    0.119       404.64          861.11        3054.81         3361.68         5500.00  
    0.125       403.39          798.67        2972.02         3337.53         5500.00  
    0.131       405.67          789.95        2914.46         3357.61         5500.00  
    0.138       412.36          795.50        2899.71         3382.44         5500.00  
    0.144       418.63          798.96        2852.52         3384.68         5500.00  
    0.150       425.57          776.30        2763.91         3359.73         5500.00  
    0.156       435.21          802.21        2696.92         3318.71         5500.00  
    0.163       438.34          780.59        2643.42         3295.22         5500.00  
    0.169       434.11          709.46        2601.92         3267.76         5500.00  
    0.175       420.60          880.81        2552.44         3216.78         5086.21  
    0.181       410.15          1077.44        2401.04         3194.35         4886.60  
    0.188       403.49          1176.48        2286.69         3190.17         4879.12  
    0.194       400.90          1255.17        2386.52         3182.37         4845.52  
    0.200       399.04          1222.94        2345.69         3146.01         4736.21  
    0.206       86.68          262.95        815.57         2437.64         3464.72  
    0.213       0          308.26        1791.47         2933.58         4274.32  
    0.219       0          389.30        2213.36         3139.21         4673.75  
    0.225       0          383.68        2177.13         3146.99         4934.37  
    0.231       0          380.16        2175.92         3129.59         4799.83  
    0.238       0          374.60        2196.09         3065.95         4685.16  
    0.244       292.18          1807.23        2408.49         3035.41         5319.25  
    0.250       81.19          769.78        2250.04         2989.21         4158.90  
    0.256       0          368.93        2173.61         2935.15         3986.52  
    0.263       0          365.57        2161.79         2898.46         4077.72  
    0.269       0          359.36        2180.01         2914.12         4051.28  
    0.275       275.66          1832.22        2835.01         3659.97         5182.77  
    0.281       76.60          759.84        2403.47         3253.34         4368.97  
    