0.025       438.12          785.09        2341.07         4282.56         4432.22  
    0.031       432.66          794.77        2358.19         4301.12         4468.02  
    0.038       407.01          798.12        2414.43         4150.23         4463.32  
    0.044       390.83          767.75        2410.79         4001.44         4422.06  
    0.050       396.79          769.47        2404.35         3766.38         4447.07  
    0.056       410.90          777.94        2392.76         3625.06         4493.73  
    0.062       409.52          783.16        2390.17         3655.38         4436.88  
    0.069       405.94          776.40        2398.68         3618.85         4395.47  
    0.075       400.04          768.05        2408.94         3618.17         4414.68  
    0.081       396.42          767.28        2416.70         3716.68         4418.49  
    0.088       394.80          770.34        2427.75         3920.30         4422.18  
    0.094       391.73          772.65        2435.46         3854.65         4430.09  
    0.100       390.66          775.63        2443.92         3537.49         4429.57  
    0.106       391.19          784.30        2443.21         3486.77         4380.28  
    0.113       391.53          791.11        2459.43         3528.76         4369.76  
    0.119       398.55          813.92        2474.09         3580.12         4364.16  
    0.125       409.63          883.36        2473.74         3519.78         4369.37  
    0.131       406.59          943.76        2460.77         3483.43         4393.14  
    0.138       409.21          963.41        2409.53         3454.78         4364.91  
    0.144       410.05          975.70        2370.81         3500.26         4381.58  
    0.150       401.87          985.92        2423.76         3671.26         4387.75  
    0.156       391.89          993.18        2429.75         3638.28         4358.08  
    0.163       404.00          1075.43        2413.33         3616.37         4335.91  
    0.169       396.20          1193.20        2376.28         3602.22         4344.35  
    0.175       392.87          1299.22        2445.75         3591.05         4331.27  
    0.181       386.59          1358.77        2495.40         3600.23         4319.91  
    0.188       379.70          1452.63        2454.20         3647.99         4324.91  
    0.194       376.46          1692.38        2402.64         3665.07         4285.56  
    0.200       367.74          1942.37        2417.65         3674.44         4320.34  
    0.206       358.47          2049.90        2474.28         3675.77         4341.29  
    0.213       352.51          2111.53        2525.24         3694.68         4303.73  
    0.219       347.64          2153.19        2562.21         3722.05         4292.37  
    0.225       332.81          2181.73        2696.77         3699.66         4293.19  
    0.231       316.48          2193.42        2719.22         3686.05         4169.17  
    0.238       299.69          2198.01        2710.26         3660.00         4173.28  
    0.244       261.07          2249.41        2726.84         3682.91         4249.03  
    0.250       207.00          2293.39        2766.62         3648.59         4191.17  
    0.256       208.68          2285.31        2786.80         3700.60         4061.29  
    0.263       254.26          2321.89        2721.61         3765.08         4034.56  
    0.269       277.46          2358.97        2656.33         3743.82         4202.37  
    0.275       284.68          2442.12        2736.19         3767.51         4756.84  
    0.281       278.16          2399.78        2834.97         3779.10         4364.37  
    0.288       256.45          2369.09        2837.93         3741.27         4273.32  
    0.294       239.95          2358.49        2865.08         3784.80         4176.31  
    0.300       246.46          2379.47        2977.24         3839.45         4114.68  
    0.306       258.65          2405.35        3045.93         3836.36         5470.13  
    0.312       5.58          332.25        2447.92         3156.74         3886.54  
    0.319       0          277.76        2456.32         3061.79         3893.35  
    0.325       273.85          2426.90        2930.73         3854.29         5465.41  
    0.331       290.43          2490.96        2981.36         3855.32         4420.46  
    