0.025       449.63          843.61        2368.28         3691.69         4853.05  
    0.031       451.29          847.56        2365.17         3710.77         4899.84  
    0.038       451.72          855.73        2350.80         3692.20         4931.23  
    0.044       459.20          857.25        2353.45         3680.57         4837.19  
    0.050       469.72          846.83        2364.66         3687.90         4648.55  
    0.056       473.79          837.36        2372.67         3665.38         4509.61  
    0.062       479.82          827.08        2380.59         3669.38         4398.09  
    0.069       491.69          811.88        2390.58         3690.05         4457.82  
    0.075       497.67          802.36        2397.71         3664.38         4618.12  
    0.081       497.27          802.65        2397.46         3611.20         4691.49  
    0.088       509.42          787.37        2393.72         3600.07         4619.42  
    0.094       534.11          754.43        2386.85         3626.93         4515.34  
    0.100       580.39          694.34        2381.64         3649.86         4488.21  
    0.106       559.74          694.22        2377.21         3633.50         4536.90  
    0.113       526.00          753.47        2374.38         3574.89         4649.67  
    0.119       522.59          787.33        2363.94         3532.39         4643.37  
    0.125       516.98          730.97        2344.53         3532.45         4694.20  
    0.131       514.66          699.56        2335.58         3533.20         4793.80  
    0.138       518.81          711.94        2338.82         3527.48         4764.93  
    0.144       490.66          711.07        2346.35         3531.04         4712.76  
    0.150       442.93          715.35        2347.75         3538.83         4716.46  
    0.156       423.64          732.52        2346.83         3543.15         4754.45  
    0.163       511.48          763.69        2344.87         3537.95         4775.66  
    0.169       529.69          846.21        2343.19         3538.95         4742.34  
    0.175       508.72          870.13        2344.87         3564.77         4715.44  
    0.181       513.01          812.77        2344.30         3579.09         4770.97  
    0.188       192.37          292.66        1323.04         2803.57         4051.30  
    0.194       0          0        678.70         2343.45         3589.74  
    0.200       0          0        622.69         2338.72         3585.06  
    0.206       0          0        579.08         2335.81         3620.61  
    0.213       323.68          671.99        1675.45         3159.11         4635.92  
    0.219       505.37          1183.92        2336.25         3676.86         5398.53  
    0.225       484.03          1307.82        2335.64         3731.47         5260.35  
    0.231       469.33          1342.79        2335.54         3743.24         4965.22  
    0.238       459.83          1362.77        2336.95         3716.38         4853.27  
    0.244       449.96          1396.58        2333.61         3704.97         4790.21  
    0.250       441.72          1440.68        2329.68         3743.11         4709.78  
    0.256       434.30          1502.96        2330.16         3798.79         4698.85  
    0.263       422.55          1588.75        2337.18         3818.45         4748.47  
    0.269       407.79          1682.31        2337.55         3799.79         4741.21  
    0.275       396.75          1779.48        2325.87         3774.93         4668.55  
    0.281       389.25          1875.69        2339.78         3759.25         4621.10  
    0.288       382.23          1973.67        2400.04         3747.81         4629.03  
    0.294       375.01          2061.60        2494.78         3754.03         4719.86  
    0.300       365.99          2123.40        2575.94         3753.24         4754.65  
    0.306       356.65          2148.13        2617.87         3720.97         4685.90  
    0.312       348.65          2172.26        2639.83         3709.01         4673.15  
    0.319       341.01          2216.73        2708.28         3755.44         4713.34  
    0.325       335.08          2237.76        2774.16         3762.19         4778.88  
    0.331       331.38          2248.24        2846.72         3790.99         4747.02  
    0.338       326.11          2251.05        2924.88         4288.26         5205.47  
    0.344       314.89          2245.69        2877.71         4542.45         4918.25  
    