0.025       436.68          785.77        2366.38         4158.71         4406.52  
    0.031       447.97          797.84        2405.39         4141.63         4479.66  
    0.038       416.41          815.53        2452.12         3934.00         4483.07  
    0.044       397.77          795.99        2431.59         3851.78         4465.49  
    0.050       392.89          786.86        2421.80         3651.88         4490.53  
    0.056       411.92          812.62        2403.26         3469.35         4521.99  
    0.062       416.41          821.70        2397.16         3458.64         4471.95  
    0.069       417.38          817.54        2415.71         3468.29         4402.10  
    0.075       412.70          799.52        2447.34         3467.59         4391.42  
    0.081       407.25          788.97        2464.81         3517.72         4412.97  
    0.088       402.88          783.81        2495.86         3579.66         4442.30  
    0.094       397.01          782.19        2510.80         3613.82         4464.39  
    0.100       390.93          781.10        2474.23         3472.72         4464.58  
    0.106       390.45          787.45        2480.27         3462.18         4459.98  
    0.113       388.60          787.03        2503.02         3538.79         4482.87  
    0.119       388.61          792.70        2506.53         3549.28         4472.50  
    0.125       398.27          828.29        2499.97         3495.74         4450.25  
    0.131       399.33          906.15        2505.98         3471.17         4507.00  
    0.138       395.22          950.13        2479.95         3456.08         4437.75  
    0.144       393.39          967.70        2486.39         3460.26         4414.47  
    0.150       388.57          976.89        2521.95         3578.36         4426.59  
    0.156       386.51          971.42        2491.63         3631.25         4398.67  
    0.163       393.04          983.64        2485.99         3602.54         4353.86  
    0.169       392.17          1095.25        2512.19         3596.03         4367.74  
    0.175       388.20          1195.16        2535.48         3597.20         4375.88  
    0.181       378.95          1245.20        2542.57         3577.10         4332.31  
    0.188       373.27          1235.78        2494.42         3584.90         4323.17  
    0.194       373.16          1353.66        2420.94         3622.61         4262.63  
    0.200       366.14          1768.81        2397.83         3636.41         4262.73  
    0.206       358.63          2039.67        2449.32         3649.33         4377.49  
    0.213       352.80          2188.32        2515.61         3649.99         4450.90  
    0.219       347.83          2219.81        2643.45         3702.97         4477.38  
    0.225       333.11          2189.14        2728.94         3709.88         4487.57  
    0.231       315.54          2204.76        2744.91         3695.53         5074.09  
    0.238       299.17          2213.30        2740.21         3671.01         4739.97  
    0.244       265.42          2257.05        2770.68         3676.81         4515.36  
    0.250       217.56          2320.54        2827.31         3611.32         4362.10  
    0.256       212.09          2294.64        2829.81         3579.99         4101.34  
    0.263       253.62          2332.64        2835.76         3763.49         3916.03  
    0.269       18.99          435.14        2467.85         2963.99         3754.28  
    0.275       0          292.72        2491.52         3072.37         3763.81  
    0.281       0          288.75        2456.91         3224.54         3791.79  
    0.288       248.87          2242.01        3088.40         3705.26         5373.88  
    0.294       253.66          2400.61        3125.98         3785.26         5500.00  
    0.300       18.66          417.87        2481.87         3348.99         3953.49  
    0.306       0          270.53        2438.25         3310.46         3823.97  
    0.312       0          300.00        2465.61         3260.45         3837.42  
    0.319       0          299.39        2482.61         3219.49         3893.41  
    0.325       0          288.31        2522.97         3116.18         3857.94  
    0.331       0          297.66        2530.03         3181.77         3828.06  
    0.338       0          296.06        2504.21         3122.88         3879.98  
    0.344       0          288.14        2508.98         3068.13         3892.83  
    0.350       0          278.52        2554.66         3169.34         3944.64  
    0.356       0          271.74        2576.15         3223.59         3998.48  
    0.363       0          250.90        2567.84         3218.67         4023.38  
    