0.025       432.84          717.47        2689.85         3702.12         4679.78  
    0.031       428.89          714.66        2689.74         3634.34         4621.80  
    0.038       432.78          721.93        2721.91         3642.49         4681.13  
    0.044       433.00          725.19        2712.96         3637.15         4606.14  
    0.050       431.73          725.68        2664.44         3598.66         4509.32  
    0.056       429.44          726.67        2636.26         3574.12         4502.16  
    0.062       430.01          732.20        2655.42         3594.77         4604.81  
    0.069       434.78          731.32        2676.42         3615.09         4677.29  
    0.075       434.38          732.16        2687.08         3677.83         4647.59  
    0.081       432.73          730.88        2674.08         3647.40         4573.36  
    0.088       435.98          723.83        2679.90         3717.99         4548.53  
    0.094       433.98          722.39        2658.78         3755.66         4528.03  
    0.100       432.99          733.09        2620.41         3779.92         4523.07  
    0.106       437.74          748.39        2594.86         3728.30         4528.13  
    0.113       439.89          762.61        2590.91         3600.11         4561.47  
    0.119       448.82          793.70        2581.96         3511.83         4567.11  
    0.125       451.29          849.11        2588.52         3443.93         4567.24  
    0.131       447.75          928.59        2575.69         3346.24         4576.16  
    0.138       443.08          1015.55        2572.22         3210.49         4590.58  
    0.144       441.69          1100.25        2562.28         3058.42         4612.49  
    0.150       446.32          1124.71        2537.78         2921.16         4637.02  
    0.156       451.42          1143.45        2497.93         3109.08         4614.88  
    0.163       452.86          1238.55        2474.45         3417.91         4544.02  
    0.169       453.41          1307.67        2463.58         3429.15         4513.29  
    0.175       454.49          1382.57        2433.53         3418.62         4508.33  
    0.181       450.77          1480.65        2399.36         3543.94         4501.13  
    0.188       450.76          1575.97        2395.48         3596.87         4490.54  
    0.194       449.99          1752.40        2421.58         3632.75         4504.35  
    0.200       443.26          1901.60        2461.16         3674.33         4459.76  
    0.206       416.24          2066.64        2475.99         3648.35         4492.40  
    0.213       363.91          2172.33        2485.10         3657.20         4483.49  
    0.219       340.33          2202.68        2484.28         3652.10         4413.87  
    0.225       337.83          2218.01        2493.46         3628.40         4397.99  
    0.231       335.29          2215.41        2450.84         3607.20         4382.12  
    0.238       327.05          2225.13        2423.06         3635.28         4375.71  
    0.244       319.13          2252.72        2463.43         3660.01         4331.20  
    0.250       323.42          2258.24        2518.32         3660.26         4309.26  
    0.256       338.39          2273.28        2597.55         3646.26         4302.45  
    0.263       327.38          2301.10        2641.93         3709.04         4314.52  
    0.269       317.08          2318.03        2528.59         3802.51         4325.24  
    0.275       322.02          2299.83        2537.94         3805.01         4308.47  
    0.281       303.25          2279.11        2561.96         3727.80         4307.21  
    0.288       244.30          2289.84        2531.05         3645.94         4346.87  
    0.294       223.25          2330.37        2448.67         3787.10         4379.48  
    0.300       241.30          2350.69        2370.15         4153.88         4332.68  
    0.306       268.60          2294.90        2366.58         4307.57         4348.04  
    