0.025       438.13          851.84        2457.59         3665.32         4825.88  
    0.031       435.59          850.97        2441.11         3660.76         4804.31  
    0.038       427.23          846.01        2439.92         3685.17         4778.12  
    0.044       423.87          845.97        2456.84         3733.04         4770.77  
    0.050       424.39          833.09        2453.13         3714.39         4743.00  
    0.056       426.23          830.70        2423.72         3679.91         4707.35  
    0.062       435.44          924.25        2388.49         3651.46         4688.02  
    0.069       441.89          986.51        2379.84         3630.03         4681.44  
    0.075       442.79          1041.45        2390.26         3606.36         4661.45  
    0.081       444.30          1097.32        2401.05         3594.70         4672.06  
    0.088       444.25          1110.77        2418.67         3666.72         4706.25  
    0.094       446.37          1116.31        2419.81         3696.46         4749.96  
    0.100       447.77          1129.36        2424.57         3719.07         4762.54  
    0.106       450.83          1136.84        2440.69         3751.83         4745.37  
    0.113       452.53          1125.13        2453.67         3783.36         4793.04  
    0.119       448.77          1114.87        2466.21         3765.02         4898.74  
    0.125       443.94          1126.72        2496.73         3690.16         4882.56  
    0.131       439.36          1152.49        2491.80         3652.20         4873.41  
    0.138       436.50          1190.99        2460.24         3637.46         4891.19  
    0.144       436.88          1221.87        2454.21         3655.42         4908.80  
    0.150       439.29          1239.87        2469.42         3681.49         4886.23  
    0.156       439.96          1258.44        2479.30         3678.89         4837.11  
    0.163       438.99          1262.81        2467.22         3653.67         4805.25  
    0.169       439.89          1280.93        2461.87         3660.35         4739.21  
    0.175       442.04          1342.97        2477.95         3678.19         4693.59  
    0.181       442.57          1401.60        2459.56         3649.49         4759.73  
    0.188       445.17          1420.14        2401.01         3619.53         4767.71  
    0.194       447.04          1408.79        2373.55         3593.09         4746.21  
    0.200       442.49          1407.30        2369.68         3586.12         4699.15  
    0.206       438.32          1375.26        2365.59         3611.24         4660.17  
    0.213       443.24          1324.13        2361.57         3623.92         4654.45  
    0.219       446.11          1290.46        2361.73         3660.77         4658.88  
    0.225       438.10          1314.90        2362.40         3675.46         4650.93  
    0.231       434.35          1355.47        2386.07         3664.24         4648.44  
    0.238       428.68          1407.40        2385.32         3685.45         4641.80  
    0.244       417.10          1510.53        2372.04         3780.97         4645.45  
    0.250       406.42          1615.82        2384.73         3855.16         4635.98  
    0.256       400.37          1742.38        2412.98         3796.97         4626.29  
    0.263       394.86          1873.84        2411.83         3713.88         4647.00  
    0.269       381.16          1984.17        2453.55         3686.65         4688.06  
    0.275       364.71          2044.20        2510.43         3690.78         4704.40  
    0.281       346.76          2078.60        2582.06         3697.35         4685.86  
    0.288       328.94          2113.43        2647.65         3669.76         4644.38  
    0.294       315.35          2145.94        2692.54         3649.55         4622.33  
    0.300       304.74          2185.31        2733.79         3639.41         4620.46  
    0.306       295.51          2216.14        2815.03         3645.38         4658.76  
    0.312       289.50          2231.42        2894.49         3640.30         4679.33  
    0.319       286.06          2247.93        2947.58         3738.83         4657.97  
    0.325       284.92          2264.97        2974.91         3919.53         4635.53  
    0.331       285.30          2292.40        3029.24         4013.18         4653.54  
    0.338       286.06          2311.59        3055.39         3928.35         4706.65  
    