0.025       407.42          703.17        2895.01         3498.32         5094.57  
    0.031       407.86          754.79        2897.50         3586.31         5136.75  
    0.038       419.58          824.50        2866.74         3752.08         5319.24  
    0.044       439.73          851.35        2886.23         3821.29         5486.04  
    0.050       440.44          857.63        2820.94         3863.27         5060.91  
    0.056       457.24          824.80        2872.32         3811.68         4955.35  
    0.062       546.31          659.43        2995.44         3657.89         4883.20  
    0.069       498.65          687.50        2978.17         3614.18         4846.72  
    0.075       432.33          768.37        2934.40         3721.11         4998.52  
    0.081       407.66          800.09        2887.46         3695.06         5050.43  
    0.088       403.08          824.62        2963.68         3623.24         5130.91  
    0.094       402.43          828.97        3043.12         3437.47         5102.42  
    0.100       402.18          841.47        3090.98         3367.69         5465.91  
    0.106       402.91          865.74        3113.14         3400.60         5500.00  
    0.113       34.27          446.00        1076.19         3190.60         3678.57  
    0.119       0          408.53        851.74         3235.62         3346.40  
    0.125       372.92          750.23        2841.74         3330.81         5315.58  
    0.131       34.66          444.70        1000.78         2987.44         3539.87  
    0.138       0          420.51        887.42         2916.72         3388.79  
    0.144       0          425.41        953.03         2866.50         3390.03  
    0.150       0          431.72        893.00         2737.57         3365.13  
    0.156       0          441.26        964.63         2614.09         3313.63  
    0.163       0          440.61        1204.59         2493.57         3283.31  
    0.169       0          430.39        1822.37         2334.64         3260.74  
    0.175       380.37          1157.72        2081.07         3115.17         5309.43  
    0.181       405.88          1308.82        2014.41         3157.63         4913.36  
    0.188       399.06          1425.58        2019.81         3152.59         4843.83  
    0.194       396.35          1676.61        1978.07         3132.45         4764.43  
    0.200       395.11          1651.61        1996.28         3071.46         4586.72  
    0.206       393.70          1227.22        2036.95         3041.04         4537.79  
    0.213       33.47          101.04        532.27         2130.99         3176.05  
    0.219       354.58          904.22        1911.85         2995.67         4358.61  
    0.225       381.69          1632.66        2082.62         3105.11         4735.44  
    0.231       375.40          1781.92        2132.75         3053.06         4674.96  
    0.238       369.06          2012.79        2168.17         2949.89         4718.48  
    0.244       366.54          2146.58        2218.10         2944.85         5132.51  
    0.250       365.50          2151.27        2296.14         2916.76         4984.23  
    0.256       363.59          2146.41        2534.09         2889.56         5454.67  
    0.263       362.13          2139.60        2821.02         3293.96         5500.00  
    0.269       356.62          2133.59        2845.16         3154.34         4928.06  
    0.275       351.48          2153.76        2813.50         3494.68         4843.49  
    0.281       347.84          2163.61        2874.80         3974.45         5443.93  
    