0.025       452.92          855.48        2369.99         3877.37         4916.52  
    0.031       452.59          846.04        2382.36         3767.53         4849.77  
    0.038       456.89          850.28        2402.92         3871.76         4908.55  
    0.044       454.23          857.48        2357.86         3744.07         4910.91  
    0.050       458.73          841.50        2364.99         3633.97         4797.44  
    0.056       466.59          825.77        2375.76         3600.92         4709.15  
    0.062       466.45          822.74        2385.69         3557.50         4673.95  
    0.069       479.38          811.24        2403.71         3593.28         4644.95  
    0.075       491.24          795.60        2426.51         3615.39         4750.33  
    0.081       481.90          804.88        2425.80         3581.92         4832.98  
    0.088       471.54          818.52        2424.65         3568.65         4862.24  
    0.094       469.05          822.86        2418.10         3590.86         4790.48  
    0.100       464.77          831.51        2409.57         3647.11         4790.70  
    0.106       474.84          830.71        2415.80         3670.81         4795.52  
    0.113       477.88          830.91        2432.01         3636.31         4762.91  
    0.119       475.56          838.85        2431.33         3577.19         4780.73  
    0.125       474.33          848.31        2411.41         3541.03         4715.85  
    0.131       483.15          837.81        2395.07         3555.49         4781.55  
    0.138       486.13          833.70        2387.59         3558.97         4814.73  
    0.144       485.91          831.05        2398.35         3569.88         4758.68  
    0.150       487.41          823.96        2420.31         3605.37         4756.68  
    0.156       482.50          840.46        2412.76         3606.89         4751.90  
    0.163       495.61          840.09        2406.98         3577.86         4753.39  
    0.169       488.64          872.59        2393.87         3548.35         4751.02  
    0.175       466.66          901.32        2375.61         3565.77         4740.81  
    0.181       465.80          896.76        2376.68         3623.45         4798.36  
    0.188       474.96          872.68        2374.07         3602.45         4904.04  
    0.194       511.05          812.47        2373.00         3610.03         4973.71  
    0.200       564.29          704.96        2373.97         3573.49         5054.41  
    0.206       443.96          563.54        2360.38         3572.51         5098.54  
    0.213       489.47          538.50        2350.42         3627.63         5081.54  
    0.219       513.41          594.14        2342.68         3665.72         5148.79  
    0.225       459.65          501.74        2339.74         3699.16         5373.75  
    0.231       475.39          1004.13        2339.78         3755.80         5110.36  
    0.238       464.17          1171.17        2346.17         3741.68         4999.86  
    0.244       450.71          1306.98        2356.50         3732.27         4904.65  
    0.250       442.44          1380.41        2359.08         3743.86         4841.17  
    0.256       434.79          1428.98        2359.61         3782.55         4809.65  
    0.263       424.48          1504.53        2361.91         3827.84         4810.06  
    0.269       411.20          1603.59        2373.26         3822.94         4870.42  
    0.275       396.55          1721.40        2370.27         3790.75         4907.41  
    0.281       386.08          1884.90        2374.80         3750.76         4753.65  
    0.288       377.56          1999.34        2445.58         3719.29         4690.25  
    0.294       368.57          2066.75        2548.02         3761.60         4839.84  
    0.300       358.74          2110.88        2631.32         3768.54         5419.22  
    0.306       347.63          2147.54        2669.07         3732.24         4879.28  
    0.312       337.89          2169.15        2696.09         3701.57         4829.74  
    0.319       330.50          2234.46        2735.15         3764.72         4924.19  
    0.325       325.11          2312.69        2840.08         4230.63         4806.37  
    0.331       320.64          2296.75        2907.73         3975.27         4893.60  
    0.338       316.09          2299.15        2984.46         4031.80         4722.53  
    0.344       309.13          2289.13        2988.35         4604.23         5460.39  
    0.350       299.33          2281.10        2930.05         4621.35         5500.00  
    0.356       291.30          2320.90        2985.04         4646.05         5500.00  
    0.363       14.64          391.21        2385.22         3120.53         4698.71  
    