0.025       399.42          715.20        2583.57         3483.98         4411.97  
    0.031       405.14          722.96        2594.78         3533.95         4461.23  
    0.038       412.12          723.18        2651.54         3639.60         4596.94  
    0.044       412.55          711.34        2684.99         3681.95         4661.11  
    0.050       409.62          706.12        2695.80         3645.97         4648.10  
    0.056       416.41          709.02        2715.62         3639.40         4671.02  
    0.062       419.78          714.32        2704.95         3628.95         4604.11  
    0.069       418.21          718.76        2660.19         3597.33         4516.89  
    0.075       414.82          722.41        2638.66         3576.91         4519.90  
    0.081       415.35          724.85        2649.49         3587.90         4636.30  
    0.088       418.65          718.78        2667.64         3608.68         4712.67  
    0.094       422.31          714.16        2677.63         3635.43         4684.07  
    0.100       425.50          714.47        2676.67         3628.89         4614.31  
    0.106       429.40          713.94        2686.41         3668.08         4592.40  
    0.113       426.32          720.47        2677.57         3697.16         4584.56  
    0.119       424.27          729.07        2649.48         3709.48         4576.11  
    0.125       426.71          742.82        2627.39         3664.75         4593.45  
    0.131       426.56          761.98        2618.10         3575.84         4617.84  
    0.138       433.27          788.75        2611.54         3519.60         4628.49  
    0.144       436.84          825.50        2611.64         3481.43         4634.19  
    0.150       430.33          869.98        2603.85         3440.70         4651.16  
    0.156       424.95          907.99        2593.25         3366.62         4673.08  
    0.163       423.97          971.15        2573.05         3258.68         4703.50  
    0.169       424.20          1036.17        2550.85         3226.50         4745.43  
    0.175       426.31          1081.55        2521.64         3311.51         4761.49  
    0.181       428.78          1155.39        2491.46         3415.19         4764.96  
    0.188       430.75          1243.67        2469.91         3426.69         4778.01  
    0.194       432.64          1350.73        2447.82         3435.85         4782.91  
    0.200       432.21          1479.90        2427.04         3488.80         4769.27  
    0.206       429.82          1633.43        2426.51         3509.15         4768.76  
    0.213       422.17          1812.89        2457.34         3507.27         4819.62  
    0.219       400.09          1961.95        2490.11         3523.54         4834.27  
    0.225       362.23          2116.52        2534.60         3548.12         4825.73  
    0.231       331.36          2213.14        2618.34         3613.43         4810.93  
    0.238       324.66          2241.64        2669.51         3647.74         4727.57  
    0.244       327.48          2246.88        2705.83         3624.79         4618.19  
    0.250       327.36          2257.09        2784.86         3621.42         4572.21  
    0.256       318.82          2274.56        2928.80         3720.01         4540.65  
    0.263       313.70          2288.84        3200.11         3804.43         4347.54  
    0.269       320.59          2287.40        3309.80         4056.61         5017.08  
    0.275       124.38          1079.08        2678.64         3625.74         4715.11  
    0.281       0          324.86        2309.24         3246.23         4264.54  
    0.288       0          312.95        2328.83         3182.57         4292.19  
    0.294       0          311.25        2330.17         3136.47         4292.44  
    0.300       0          292.08        2326.04         3159.82         4309.40  
    0.306       0          248.78        2326.57         3235.20         4336.83  
    0.312       0          231.76        2342.26         3257.75         4362.39  
    0.319       0          256.35        2357.75         3316.77         4408.20  
    0.325       0          291.91        2369.68         3473.58         4437.26  
    0.331       0          294.30        2373.32         3553.53         4450.99  
    0.338       0          292.39        2385.45         3530.47         4427.45  
    0.344       0          290.08        2408.12         3524.89         4466.09  
    0.350       0          281.35        2468.51         3659.54         4453.90  
    