0.025       463.57          916.38        2577.24         3381.36         4165.82  
    0.031       467.94          887.49        2595.68         3355.32         4202.54  
    0.038       479.66          875.14        2606.77         3342.95         4202.56  
    0.044       493.84          870.22        2669.38         3351.73         4159.19  
    0.050       503.01          873.06        2706.23         3363.07         4161.22  
    0.056       517.67          853.10        2692.54         3364.22         4193.14  
    0.062       544.77          808.29        2674.37         3363.98         4174.59  
    0.069       590.16          653.48        2661.17         3343.09         3917.48  
    0.075       581.40          680.92        2626.04         3276.34         3697.76  
    0.081       570.50          724.40        2617.70         3288.66         3830.63  
    0.088       577.05          736.63        2616.25         3319.63         3938.18  
    0.094       569.80          757.74        2627.42         3333.50         4016.55  
    0.100       544.93          801.83        2636.22         3357.27         4111.58  
    0.106       523.10          884.84        2639.71         3383.95         4155.22  
    0.113       509.73          969.16        2646.77         3404.91         4197.00  
    0.119       500.74          1077.66        2662.76         3423.54         4223.08  
    0.125       497.13          1134.70        2666.06         3440.94         4213.34  
    0.131       500.75          1172.82        2663.91         3438.96         4182.96  
    0.138       511.24          1170.57        2665.06         3447.85         4039.16  
    0.144       511.58          1131.28        2641.86         3454.73         3852.90  
    0.150       510.08          1161.21        2629.47         3470.73         3800.88  
    0.156       505.98          1216.24        2587.23         3490.82         3797.23  
    0.163       506.41          1247.34        2583.09         3480.37         4016.37  
    0.169       506.47          1318.55        2595.51         3453.87         4180.99  
    0.175       484.52          1399.98        2603.43         3478.01         4145.61  
    0.181       415.84          1485.64        2567.06         3489.76         3951.97  
    0.188       95.00          361.11        1815.16         2755.24         3590.30  
    0.194       162.99          1515.41        2288.98         3256.13         3907.56  
    0.200       355.41          2163.88        2547.62         3509.74         4069.07  
    0.206       404.03          2277.05        2634.59         3521.97         4072.43  
    0.213       390.35          2333.35        2707.83         3509.61         4070.98  
    0.219       362.25          2385.27        2840.05         3509.71         4091.40  
    0.225       318.47          2397.14        2961.14         3516.91         4111.18  
    0.231       306.42          2394.57        3059.23         3540.64         4168.46  
    0.238       317.63          2394.58        3153.46         3552.64         4168.94  
    0.244       316.69          2401.64        3202.35         3533.48         4110.18  
    0.250       308.40          2423.37        3294.35         3552.67         4122.68  
    0.256       313.39          2420.19        3366.67         3597.50         4178.32  
    0.263       320.87          2431.14        3431.11         3663.59         4251.65  
    0.269       304.19          2439.36        3464.37         3746.55         4227.52  
    