0.025       477.72          826.36        2747.03         3493.86         4493.98  
    0.031       475.97          825.91        2802.66         3502.07         4503.07  
    0.038       474.62          823.11        2849.59         3464.97         4531.97  
    0.044       474.45          807.96        2889.96         3317.96         4563.74  
    0.050       473.36          780.64        2849.50         3338.33         4590.93  
    0.056       469.02          748.45        2789.09         3439.25         4616.26  
    0.062       462.47          749.51        2808.80         3463.02         4646.25  
    0.069       458.57          774.91        2847.58         3439.08         4668.82  
    0.075       455.75          795.46        2881.76         3378.18         4651.84  
    0.081       454.02          808.98        2894.20         3303.91         4616.42  
    0.088       457.09          819.47        2876.85         3357.47         4618.83  
    0.094       460.63          825.66        2871.91         3413.89         4611.00  
    0.100       461.62          829.77        2818.97         3422.03         4587.82  
    0.106       461.67          832.06        2786.95         3392.61         4536.97  
    0.113       461.55          836.52        2794.54         3396.97         4502.91  
    0.119       463.67          842.66        2852.00         3436.61         4492.61  
    0.125       466.55          844.47        2912.31         3456.46         4538.14  
    0.131       468.86          845.65        2878.96         3387.30         4570.34  
    0.138       470.07          850.08        2766.39         3347.89         4476.36  
    0.144       470.42          849.87        2734.87         3324.29         4473.08  
    0.150       472.07          849.33        2763.87         3250.37         4501.38  
    0.156       469.13          846.81        2777.43         3148.07         4508.47  
    0.163       462.91          842.78        2781.53         3174.52         4522.41  
    0.169       462.86          843.28        2742.36         3338.58         4549.02  
    0.175       467.81          853.22        2655.75         3436.83         4844.05  
    0.181       471.45          872.35        2555.99         3434.03         5341.23  
    0.188       471.53          895.12        2568.34         3413.60         5395.60  
    0.194       470.69          934.47        2592.63         3398.88         5455.98  
    0.200       468.68          974.75        2542.50         3360.51         5340.33  
    0.206       463.52          986.99        2397.90         3278.66         5234.23  
    0.213       459.27          994.47        2382.65         3326.02         5263.14  
    0.219       458.25          1046.26        2473.62         3407.07         5227.22  
    0.225       457.86          1097.44        2555.42         3432.61         5198.16  
    0.231       454.45          1109.92        2580.78         3376.11         5206.30  
    0.238       448.86          1119.68        2552.79         3311.87         5213.94  
    0.244       444.14          1180.17        2501.19         3248.12         5202.45  
    0.250       440.08          1224.72        2448.10         3297.59         5180.35  
    0.256       435.33          1244.15        2449.83         3368.04         5145.54  
    0.263       427.15          1319.94        2516.04         3394.27         5126.00  
    0.269       416.71          1386.87        2631.99         3407.72         5116.23  
    0.275       406.73          1419.80        2616.13         3485.50         5179.33  
    0.281       398.19          1534.03        2553.39         3553.96         5413.12  
    0.288       386.09          1657.14        2495.82         3597.94         5500.00  
    0.294       366.58          1746.06        2634.95         3629.32         5500.00  
    0.300       344.46          1764.59        2719.83         3643.34         5500.00  
    0.306       329.87          1815.35        2689.13         3665.11         5500.00  
    0.312       96.84          769.01        2268.37         3020.61         4240.87  
    0.319       0          311.85        2186.38         2863.45         3795.69  
    0.325       0          304.59        2191.41         2951.28         3910.03  
    0.331       211.05          1570.59        2728.81         3594.31         5038.20  
    0.338       298.72          2064.69        2952.97         3833.09         5500.00  
    0.344       297.57          2120.85        2918.27         3834.21         4648.53  
    0.350       88.19          849.22        2573.04         3267.57         4034.18  
    0.356       0          300.71        2460.04         3063.41         3873.84  
    0.363       0          297.35        2358.63         3102.55         3847.20  
    0.369       0          289.25        2262.57         3078.68         3845.51  
    0.375       0          288.44        2258.70         3084.32         3849.80  
    0.381       0          296.55        2328.43         3125.55         3849.14  
    0.388       0          298.60        2388.48         3141.58         3871.13  
    0.394       0          290.07        2411.70         3134.24         3937.65  
    0.400       0          274.28        2405.50         3126.10         3963.09  
    0.406       0          261.01        2387.26         3124.20         3923.48  
    0.413       0          260.08        2394.02         3114.97         3871.18  
    0.419       0          259.78        2395.16         3144.11         3883.20  
    0.425       0          247.36        2359.77         3158.67         3933.10  
    