0.025       490.95          797.26        2800.86         3497.93         4486.44  
    0.031       491.04          792.75        2828.66         3491.67         4496.34  
    0.038       490.49          777.85        2879.26         3370.69         4527.19  
    0.044       489.15          752.46        2923.28         3205.66         4563.04  
    0.050       486.77          725.65        2832.32         3302.33         4594.23  
    0.056       483.77          723.66        2708.05         3433.92         4621.63  
    0.062       481.84          756.37        2778.19         3407.30         4645.85  
    0.069       480.44          789.27        2900.29         3317.48         4634.64  
    0.075       478.91          807.98        2975.83         3193.95         4579.46  
    0.081       478.73          820.61        2974.21         3171.93         4568.40  
    0.088       480.28          828.40        2932.86         3275.95         4579.18  
    0.094       481.27          833.71        2855.49         3338.09         4568.05  
    0.100       482.16          838.50        2805.30         3329.53         4526.23  
    0.106       483.54          844.02        2784.09         3327.47         4476.01  
    0.113       485.16          850.68        2817.27         3360.64         4438.23  
    0.119       486.86          855.46        2921.87         3399.26         4395.34  
    0.125       487.47          855.29        2972.22         3372.25         4446.47  
    0.131       489.00          857.79        2911.92         3210.73         4449.53  
    0.138       489.76          858.15        2782.28         3115.38         4408.55  
    0.144       492.45          856.88        2647.58         3064.21         4454.68  
    0.150       494.33          854.53        2497.58         2989.70         4502.20  
    0.156       491.02          849.37        2404.02         2964.70         4515.76  
    0.163       490.35          847.12        2380.28         3064.52         4504.20  
    0.169       493.64          848.60        2294.39         3261.96         4545.68  
    0.175       495.12          855.70        2173.55         3382.78         4852.17  
    0.181       493.58          870.34        2132.70         3408.24         5175.63  
    0.188       492.60          901.60        2151.35         3397.19         5312.58  
    0.194       490.54          953.50        2163.61         3364.83         5311.35  
    0.200       484.24          988.02        2129.36         3267.64         5234.57  
    0.206       476.53          996.57        2088.61         3233.51         5208.89  
    0.213       472.63          1040.35        2097.10         3261.65         5192.16  
    0.219       472.09          1105.51        2188.18         3223.01         5168.93  
    0.225       471.20          1136.46        2327.89         3116.18         5169.24  
    0.231       467.91          1151.73        2359.94         3004.31         5173.91  
    0.238       463.75          1206.09        2319.81         2934.90         5181.48  
    0.244       460.46          1254.78        2241.65         3025.54         5186.97  
    0.250       458.40          1277.72        2236.50         3186.17         5173.47  
    0.256       456.31          1335.72        2356.43         3273.74         5154.92  
    0.263       452.19          1397.88        2446.87         3335.28         5144.57  
    0.269       446.59          1431.59        2468.44         3423.64         5137.66  
    0.275       441.40          1508.89        2439.72         3550.49         5240.50  
    0.281       436.02          1614.22        2401.67         3669.26         5422.51  
    0.288       424.39          1700.87        2333.28         3682.19         5500.00  
    0.294       404.16          1763.17        2389.51         3654.99         5500.00  
    0.300       378.49          1810.30        2487.05         3673.61         5500.00  
    0.306       355.85          1868.46        2558.94         3710.51         5500.00  
    0.312       336.63          1949.98        2700.62         3756.74         5310.38  
    0.319       317.82          2000.57        2772.81         3767.85         4546.58  
    0.325       303.54          1988.54        2798.27         3769.73         4139.03  
    0.331       293.91          1964.05        2834.98         3776.48         4167.67  
    0.338       285.94          1969.10        2865.49         3765.93         4137.02  
    0.344       279.31          2014.46        2858.22         3725.17         4112.25  
    0.350       273.88          2044.24        2888.26         3745.18         4102.87  
    0.356       266.19          2123.31        2948.42         3791.49         4131.26  
    0.363       255.87          2186.20        2983.87         3819.23         4169.94  
    0.369       248.39          2140.87        2966.63         3837.25         3997.87  
    0.375       253.40          2180.45        2859.36         3747.78         3855.32  
    0.381       260.83          2292.29        2784.97         3648.31         3847.78  
    0.388       255.78          2364.47        2815.94         3573.67         3873.69  
    0.394       241.10          2390.50        2909.72         3681.83         3916.62  
    0.400       226.91          2368.88        2936.04         3768.35         3912.57  
    0.406       222.51          2338.75        2946.58         3797.90         3908.35  
    0.413       225.50          2317.24        2968.40         3821.45         3889.43  
    