0.025       393.76          787.27        2191.11         4121.70         4832.58  
    0.031       389.20          799.24        2114.46         4116.44         4813.40  
    0.038       179.77          580.35        1404.09         4068.84         4762.72  
    0.044       0          377.07        845.69         4048.84         4704.73  
    0.050       0          367.72        842.47         4149.70         4671.25  
    0.056       0          360.45        832.94         4312.55         4692.97  
    0.062       190.86          609.60        1496.04         4455.96         4723.67  
    0.069       167.00          579.68        1412.89         4381.70         4738.30  
    0.075       195.00          606.95        1889.89         4316.74         4732.08  
    0.081       365.30          816.12        2614.39         4398.37         4744.09  
    0.088       367.52          813.54        2494.13         4339.53         4757.31  
    0.094       371.03          811.82        2540.18         4246.73         4741.52  
    0.100       374.69          813.64        2558.95         4217.64         4731.75  
    0.106       377.42          825.61        2602.40         4174.74         4731.40  
    0.113       374.56          838.34        2642.15         4177.93         4721.12  
    0.119       368.92          844.20        2639.43         4175.84         4693.52  
    0.125       171.05          589.84        1680.04         4143.82         4709.75  
    0.131       190.90          624.63        1807.04         4127.72         4764.30  
    0.138       360.41          876.54        2690.80         4107.60         4761.71  
    0.144       362.12          920.28        2658.16         4100.67         4710.41  
    0.150       360.19          942.22        2674.18         4144.87         4671.58  
    0.156       360.98          958.49        2578.68         4245.45         4730.58  
    0.163       365.15          998.55        2326.95         4279.31         4766.33  
    0.169       362.47          1064.85        2392.41         4252.73         4777.34  
    0.175       355.91          1119.40        2469.48         4279.04         4816.89  
    0.181       353.49          1185.84        2330.38         4322.70         4930.01  
    0.188       348.34          1283.85        2267.08         4323.47         4945.28  
    0.194       340.68          1378.97        2283.99         4281.92         4858.80  
    0.200       334.55          1488.24        2241.99         4235.22         4845.43  
    0.206       327.67          1621.52        2217.26         4226.38         4872.30  
    0.213       321.18          1728.64        2257.17         4212.48         4894.38  
    0.219       317.31          1789.09        2293.24         4163.54         4888.42  
    0.225       314.79          1822.76        2316.07         4111.76         4786.80  
    0.231       313.00          1859.87        2321.22         4077.02         4706.69  
    0.238       311.49          1928.25        2338.84         4090.04         4826.56  
    0.244       310.55          2006.89        2359.46         4126.76         4880.03  
    0.250       310.03          2135.89        2316.06         4124.26         4823.01  
    0.256       310.20          2232.73        2289.65         4093.28         4786.62  
    0.263       311.27          2248.00        2274.74         4054.48         4810.85  
    0.269       145.50          1219.20        2258.73         4008.23         4841.86  
    0.275       0          317.73        2279.80         3990.05         4799.08  
    0.281       0          320.99        2288.87         4031.55         4783.27  
    0.288       0          323.18        2284.97         4109.58         4821.00  
    0.294       0          322.74        2292.43         4176.08         4846.28  
    0.300       0          316.81        2308.72         4141.05         4871.73  
    0.306       0          299.51        2319.23         4076.17         4820.58  
    0.312       0          283.84        2303.75         4054.61         4705.72  
    0.319       0          277.04        2280.46         3995.22         4628.25  
    0.325       137.64          1352.22        3215.01         4304.15         5080.56  
    0.331       120.43          1202.69        3126.08         4343.73         5060.88  
    0.338       0          244.51        2325.12         4101.49         4654.05  
    