0.025       1301.42          2188.08        2855.26         3588.05         4304.47  
    0.031       1300.47          2071.07        2887.15         4111.20         4226.51  
    0.038       1317.97          2068.57        2830.28         3499.84         4607.72  
    0.044       1331.48          2024.83        2826.64         3688.98         4441.35  
    0.050       1347.07          1942.32        2877.85         3822.71         4251.09  
    0.056       1332.64          1894.85        2895.84         3629.44         4246.75  
    0.062       1315.69          1816.70        2786.43         3503.86         4473.64  
    0.069       1334.13          2127.42        2497.49         3544.29         4419.26  
    0.075       1319.77          2018.74        2716.28         3696.13         4288.96  
    0.081       1318.91          2095.09        2884.91         3479.99         4291.94  
    0.088       13.16          1325.85        2149.26         2976.20         4097.04  
    0.094       0          1349.36        2212.51         3018.73         4185.89  
    0.100       1380.28          2256.93        2605.19         3452.91         4334.14  
    0.106       1436.16          1650.75        2377.29         2986.47         4258.56  
    0.113       14.33          16.41        1359.54         2242.24         2919.68  
    0.119       0          0        1131.44         2032.91         2711.26  
    0.125       0          1269.31        1987.01         2776.79         4073.30  
    0.131       0          1055.66        1921.87         2803.58         4227.10  
    0.138       640.28          1544.18        2332.35         2932.95         4333.99  
    0.144       623.44          1446.54        2385.12         3097.45         4330.99  
    0.150       593.62          1406.48        2242.65         3037.30         4542.53  
    0.156       598.89          1318.48        2106.20         3063.43         4518.18  
    0.163       570.13          1463.87        2010.86         3223.04         4472.79  
    0.169       572.23          1112.13        2046.47         3294.11         4529.63  
    0.175       568.56          1006.57        2163.48         3264.50         4458.94  
    0.181       562.35          936.45        2193.57         3248.08         4424.76  
    0.188       552.31          939.32        2158.45         3296.95         4525.76  
    0.194       542.19          913.32        2247.69         3345.37         4582.83  
    0.200       530.61          892.05        2251.31         3350.28         4556.01  
    0.206       526.96          893.04        2317.36         3333.87         4491.37  
    0.213       530.09          897.33        2508.06         3306.02         4520.34  
    0.219       533.39          901.45        2645.53         3375.11         4531.51  
    0.225       535.05          903.33        2602.88         3381.12         4295.39  
    0.231       539.36          901.83        2626.94         3442.09         4160.74  
    0.238       542.34          903.49        2711.57         3417.41         4588.45  
    0.244       542.75          904.61        2936.70         3411.32         5490.95  
    0.250       541.90          903.13        2838.98         3437.37         4485.30  
    0.256       540.73          903.25        2833.74         3420.32         4353.06  
    0.263       537.99          901.75        2631.03         3361.06         4195.78  
    0.269       538.79          902.90        2675.79         3349.06         4191.37  
    0.275       537.58          900.42        2648.31         3372.99         4305.37  
    0.281       535.78          896.39        2599.83         3354.22         4438.83  
    0.288       533.83          895.24        2540.22         3336.67         4471.30  
    0.294       532.32          899.49        2536.51         3350.33         4465.78  
    0.300       532.36          898.75        2532.89         3333.34         4412.08  
    0.306       532.30          894.40        2569.60         3317.51         4387.70  
    0.312       531.97          892.92        2550.59         3286.89         4398.90  
    0.319       531.64          890.97        2395.31         3244.74         4379.37  
    0.325       531.07          889.17        2265.73         3295.29         4362.43  
    0.331       531.94          892.56        2185.64         3337.80         4382.19  
    0.338       530.36          893.75        2272.62         3339.45         4405.67  
    0.344       525.65          887.87        2845.21         3295.34         4328.03  
    0.350       525.92          890.11        3227.57         3394.46         5488.30  
    0.356       5.25          535.52        930.12         3308.56         3365.28  
    0.363       0          538.48        949.69         3146.65         3600.02  
    0.369       0          535.12        998.27         2853.10         3691.49  
    0.375       0          529.31        1021.61         2790.93         3548.41  
    0.381       0          524.21        1028.80         3196.00         3699.62  
    0.388       513.98          1026.57        2707.67         2851.26         5150.90  
    0.394       5.18          523.87        1082.49         2510.06         3707.27  
    0.400       0          515.73        1127.96         2490.72         3980.00  
    0.406       0          505.80        1166.56         2427.03         4606.10  
    0.413       490.87          1198.23        1980.32         2362.83         4627.28  
    0.419       487.15          1237.55        2138.25         2333.66         4501.98  
    0.425       482.25          1300.49        2268.50         2995.06         4277.19  
    0.431       482.01          1363.78        2194.05         3312.95         4378.42  
    0.438       476.83          1415.98        2187.30         3243.36         4400.39  
    0.444       471.71          1481.00        2194.41         3310.73         4439.15  
    0.450       456.77          1520.84        2189.26         3330.18         4409.66  
    0.456       446.32          1549.28        2232.15         3362.55         4340.83  
    0.463       430.22          1557.52        2311.97         3360.10         4308.31  
    0.469       429.66          1609.00        2492.33         3284.99         4256.41  
    0.475       425.87          1607.62        2498.84         3206.12         4159.59  
    