0.025       417.82          679.75        2663.27         3529.51         5500.00  
    0.031       416.09          693.40        2673.05         3535.96         5500.00  
    0.038       416.48          697.78        2659.51         3508.58         5238.04  
    0.044       419.80          705.26        2633.86         3498.45         5117.65  
    0.050       424.29          719.12        2623.38         3498.63         5131.81  
    0.056       432.53          740.25        2627.46         3495.01         5174.40  
    0.062       441.24          760.51        2644.38         3496.14         5175.06  
    0.069       447.78          779.20        2666.97         3494.46         5322.81  
    0.075       453.64          786.10        2677.28         3507.46         5279.46  
    0.081       461.77          788.61        2678.48         3509.99         5186.33  
    0.088       467.04          865.50        2677.48         3506.45         5175.63  
    0.094       472.78          970.31        2682.41         3498.29         5191.39  
    0.100       477.62          1080.06        2671.50         3508.64         5161.54  
    0.106       479.70          1165.76        2635.46         3545.03         5107.22  
    0.113       480.55          1213.01        2631.80         3547.46         5149.81  
    0.119       482.37          1307.78        2637.08         3502.78         5136.40  
    0.125       482.27          1446.31        2637.72         3493.93         5007.46  
    0.131       479.76          1555.44        2629.33         3479.99         4952.59  
    0.138       470.53          1614.56        2612.59         3421.62         4932.17  
    0.144       442.08          1724.17        2599.45         3354.06         5011.76  
    0.150       401.26          1964.68        2606.79         3358.67         5053.31  
    0.156       381.96          2107.34        2624.99         3411.09         5144.18  
    0.163       372.37          2150.83        2629.36         3433.33         5290.50  
    0.169       366.41          2172.03        2647.63         3416.40         5121.05  
    0.175       366.62          2197.95        2675.99         3401.48         4993.17  
    0.181       368.15          2215.55        2727.44         3434.85         4936.00  
    0.188       371.81          2228.08        2777.28         3459.42         4930.81  
    0.194       381.25          2227.57        2749.99         3439.64         4956.57  
    0.200       399.48          2245.25        2729.67         3400.73         5009.82  
    0.206       402.54          2321.29        2712.34         3396.16         5013.24  
    0.213       387.70          2332.37        2743.32         3488.56         5077.04  
    0.219       379.96          2339.24        2841.42         3605.09         5387.66  
    0.225       393.88          2364.44        2882.72         3583.34         5500.00  
    0.231       378.54          2390.59        2878.96         3499.05         5346.15  
    0.238       319.93          2360.16        2839.72         3586.45         5187.25  
    0.244       299.66          2371.52        2861.27         3621.37         5400.11  
    