0.025       435.04          902.02        2411.31         3792.02         4746.32  
    0.031       425.60          907.26        2386.33         3750.80         4716.49  
    0.038       421.62          914.95        2384.72         3749.80         4686.57  
    0.044       425.06          936.04        2380.27         3794.51         4669.41  
    0.050       423.31          915.26        2358.96         3767.35         4644.46  
    0.056       431.95          998.52        2354.03         3718.26         4630.74  
    0.062       445.22          1151.35        2309.95         3710.29         4632.94  
    0.069       448.20          1236.61        2337.07         3702.04         4632.00  
    0.075       447.36          1310.79        2357.75         3724.95         4596.40  
    0.081       450.21          1327.73        2362.61         3753.68         4588.98  
    0.088       457.12          1313.09        2386.27         3768.41         4607.95  
    0.094       460.67          1327.32        2397.13         3713.99         4621.94  
    0.100       462.73          1335.98        2413.77         3702.44         4637.24  
    0.106       468.02          1334.64        2420.60         3747.94         4609.95  
    0.113       470.61          1316.98        2423.44         3788.21         4621.82  
    0.119       464.67          1309.26        2436.67         3757.33         4623.07  
    0.125       457.74          1329.81        2462.52         3717.73         4621.04  
    0.131       451.68          1358.85        2452.94         3708.95         4697.24  
    0.138       449.69          1389.18        2437.56         3689.79         4765.01  
    0.144       451.03          1400.06        2438.33         3715.70         4737.56  
    0.150       453.39          1410.08        2450.46         3723.71         4691.93  
    0.156       453.85          1418.65        2457.19         3699.02         4636.01  
    0.163       454.04          1406.69        2441.13         3662.92         4614.42  
    0.169       459.37          1409.41        2420.54         3662.89         4560.95  
    0.175       465.84          1441.00        2396.27         3656.67         4569.68  
    0.181       471.38          1471.72        2340.35         3635.92         4671.01  
    0.188       479.00          1472.35        2322.35         3623.81         4662.55  
    0.194       477.89          1466.53        2337.38         3614.23         4627.52  
    0.200       463.11          1466.54        2348.92         3615.89         4613.93  
    0.206       462.15          1426.11        2351.48         3625.74         4610.44  
    0.213       472.61          1340.13        2350.24         3637.18         4615.02  
    0.219       465.85          1301.27        2351.24         3667.11         4612.22  
    0.225       451.34          1321.89        2346.59         3663.43         4613.83  
    0.231       434.78          1338.82        2345.73         3655.21         4617.45  
    0.238       424.09          1395.38        2343.40         3700.44         4624.56  
    0.244       428.73          1506.56        2347.20         3803.53         4635.43  
    0.250       427.81          1623.41        2367.78         3873.25         4623.50  
    0.256       426.72          1751.51        2384.84         3811.30         4625.13  
    0.263       419.51          1871.92        2387.34         3735.38         4650.36  
    0.269       398.77          1976.60        2418.02         3707.86         4664.38  
    0.275       377.37          2028.92        2436.16         3686.02         4660.99  
    0.281       354.34          2074.03        2478.16         3676.76         4636.01  
    0.288       324.83          2118.82        2565.18         3653.53         4614.06  
    0.294       310.23          2153.04        2634.74         3638.08         4595.26  
    0.300       300.70          2194.68        2708.96         3626.32         4594.87  
    0.306       294.59          2219.00        2841.36         3622.21         4630.75  
    0.312       291.09          2231.37        2934.76         3626.92         4645.36  
    0.319       285.71          2251.91        3013.60         3755.96         4625.46  
    0.325       286.67          2267.72        3048.20         3902.50         4620.28  
    0.331       288.86          2296.96        3073.13         3954.97         4654.78  
    