0.025       449.47          781.77        2801.68         3300.47         4179.79  
    0.031       435.10          791.17        2791.20         3298.61         4224.83  
    0.038       426.58          797.20        2744.24         3321.51         4246.32  
    0.044       425.72          799.78        2751.60         3393.93         4160.60  
    0.050       421.37          798.70        2778.72         3370.20         4094.48  
    0.056       430.76          779.66        2752.31         3235.06         4163.74  
    0.062       433.50          768.21        2712.86         3186.91         4227.09  
    0.069       432.26          771.61        2708.96         3235.51         4181.00  
    0.075       432.19          767.76        2705.40         3244.98         4213.07  
    0.081       435.93          774.74        2702.49         3206.76         4304.30  
    0.088       439.51          783.21        2691.22         3203.47         4277.16  
    0.094       442.88          781.24        2698.54         3252.63         4161.92  
    0.100       447.18          790.50        2699.50         3270.63         4099.94  
    0.106       449.47          803.93        2701.35         3274.68         4099.04  
    0.113       451.08          827.23        2693.68         3259.91         4037.85  
    0.119       457.87          865.53        2685.72         3310.08         3914.86  
    0.125       451.73          901.05        2678.75         3335.69         3958.13  
    0.131       447.91          928.68        2661.28         3338.47         4132.19  
    0.138       446.44          951.31        2646.03         3375.34         4168.76  
    0.144       447.27          1011.19        2616.95         3404.72         4123.05  
    0.150       438.45          1103.73        2607.39         3444.76         3997.69  
    0.156       435.16          1162.88        2619.17         3500.33         3832.87  
    0.163       431.73          1286.94        2625.12         3542.38         3718.67  
    0.169       418.61          1431.98        2592.67         3495.79         3914.50  
    0.175       405.55          1609.26        2539.35         3426.23         4106.82  
    0.181       404.63          1958.49        2505.58         3305.84         4337.99  
    0.188       410.58          2185.04        2568.37         3412.11         4403.79  
    0.194       410.84          2260.68        2658.24         3521.03         4427.99  
    0.200       403.72          2318.46        2737.47         3540.63         4454.03  
    0.206       382.26          2337.57        2832.98         3548.17         4449.13  
    0.213       360.05          2359.63        2924.89         3589.74         4290.22  
    0.219       364.00          2383.80        2982.08         3573.93         4249.95  
    0.225       356.84          2376.86        3059.12         3648.82         4323.30  
    0.231       324.62          2377.55        3119.12         3677.98         4423.71  
    0.238       304.85          2374.50        3157.52         3641.54         4390.70  
    