0.025       456.40          869.09        2667.36         3372.40         4063.57  
    0.031       456.57          848.36        2663.87         3349.64         4123.73  
    0.038       458.52          827.65        2656.92         3347.83         4171.44  
    0.044       462.41          819.10        2687.12         3364.90         4152.18  
    0.050       466.69          821.51        2719.20         3366.53         4145.98  
    0.056       469.56          821.73        2709.94         3344.14         4185.18  
    0.062       470.63          809.96        2682.57         3320.29         4207.08  
    0.069       480.90          774.39        2665.32         3304.04         4121.41  
    0.075       481.44          757.85        2643.78         3281.19         3892.28  
    0.081       474.48          774.61        2627.99         3283.70         3878.68  
    0.088       475.82          784.06        2625.65         3307.08         4027.30  
    0.094       485.23          771.00        2634.42         3325.88         4133.62  
    0.100       491.89          754.33        2643.26         3344.03         4207.37  
    0.106       485.09          768.74        2644.86         3365.17         4204.05  
    0.113       474.05          813.50        2647.88         3383.02         4195.93  
    0.119       470.92          866.77        2656.58         3395.86         4222.30  
    0.125       472.07          911.64        2659.40         3410.71         4228.88  
    0.131       476.12          946.71        2656.18         3407.77         4223.24  
    0.138       480.01          1015.26        2660.26         3405.74         4177.16  
    0.144       479.32          1067.66        2668.51         3426.44         4046.70  
    0.150       474.80          1099.63        2676.62         3448.27         3943.15  
    0.156       469.40          1169.68        2655.90         3467.07         3900.62  
    0.163       463.88          1231.28        2628.59         3463.68         4007.81  
    0.169       456.12          1293.34        2623.86         3436.18         4167.61  
    0.175       443.22          1385.66        2633.32         3448.50         4182.91  
    0.181       419.89          1485.54        2603.62         3478.91         4020.73  
    0.188       387.45          1618.63        2555.76         3492.25         4004.47  
    0.194       359.26          1923.63        2529.08         3493.72         4072.71  
    0.200       353.99          2186.85        2551.09         3509.67         4108.70  
    0.206       362.68          2285.28        2625.49         3538.20         4152.63  
    0.213       364.32          2343.95        2710.22         3541.89         4203.04  
    0.219       348.94          2398.08        2847.40         3541.06         4304.22  
    0.225       320.99          2420.15        2992.70         3554.44         4412.62  
    0.231       305.88          2414.66        3097.21         3578.34         4416.68  
    0.238       307.85          2405.67        3186.23         3597.90         4388.10  
    0.244       308.63          2403.31        3233.31         3571.63         4257.94  
    0.250       303.31          2422.32        3323.01         3581.55         4190.18  
    0.256       304.41          2436.88        3410.01         3764.49         4217.03  
    0.263       125.08          1180.11        2867.64         3629.89         4026.33  
    0.269       175.81          1592.31        3062.51         3692.51         4843.82  
    0.275       290.95          2447.40        3487.37         3874.75         5500.00  
    0.281       284.85          2446.57        3501.90         3877.50         5500.00  
    0.288       115.39          1172.16        2923.86         3664.36         4546.24  
    0.294       0          291.18        2521.20         3527.33         3900.91  
    0.300       0          287.07        2489.68         3526.03         3941.69  
    0.306       0          282.21        2461.02         3527.24         4019.20  
    0.312       0          296.06        2440.43         3516.60         4055.62  
    0.319       0          305.70        2436.28         3465.74         4014.84  
    0.325       0          305.13        2458.47         3468.78         3974.01  
    