0.025       0          692.24        1076.24         2579.06         4012.30  
    0.031       601.91          1024.23        2202.74         3804.01         5326.27  
    0.038       735.57          1070.25        2407.43         3938.42         5500.00  
    0.044       86.73          816.28        1382.79         2563.12         4093.09  
    0.050       0          797.86        1452.08         2307.20         3906.21  
    0.056       703.31          1181.17        2113.20         3657.07         5313.86  
    0.062       800.25          1201.66        2144.89         3775.75         5500.00  
    0.069       818.75          1352.18        2184.99         3767.95         5500.00  
    0.075       809.44          1434.69        2394.90         3941.27         5500.00  
    0.081       780.90          1458.83        2489.94         3985.68         5500.00  
    0.088       764.15          1512.27        2500.58         3930.50         5500.00  
    0.094       722.50          1578.94        2486.63         3964.26         5500.00  
    0.100       676.89          1540.50        2505.62         3901.36         5500.00  
    0.106       665.45          1549.01        2519.07         3854.13         5500.00  
    0.113       77.62          786.19        1825.01         2887.87         4272.19  
    0.119       0          688.65        1716.38         2776.61         4121.37  
    0.125       609.13          1640.24        2573.63         3902.50         5339.18  
    0.131       692.70          1806.30        2650.86         4038.04         5500.00  
    0.138       702.13          1751.98        2390.43         3908.91         5372.39  
    0.144       716.72          1665.66        2343.38         4013.79         5483.13  
    0.150       740.09          1573.52        2327.25         4002.25         5500.00  
    0.156       764.74          1435.27        2368.20         3888.96         5500.00  
    0.163       784.06          1382.67        2396.98         3885.97         5500.00  
    0.169       824.67          1355.00        2338.86         3956.82         5500.00  
    0.175       816.11          1404.28        2298.04         3965.23         5500.00  
    0.181       770.28          1453.31        2342.93         3912.15         5500.00  
    0.188       755.22          1509.49        2408.14         3878.83         5322.46  
    0.194       752.64          1613.21        2545.63         4065.57         5476.53  
    0.200       766.95          1590.07        2700.14         4223.90         5500.00  
    0.206       747.59          1548.54        2719.25         4053.81         5500.00  
    0.213       670.08          1516.48        2687.37         3897.62         5500.00  
    0.219       615.67          1504.26        2775.15         3939.87         5500.00  
    0.225       577.82          1536.26        2735.10         3980.09         5500.00  
    0.231       591.41          1620.98        2793.85         4100.60         5500.00  
    0.238       561.39          1695.48        2890.53         4024.98         5500.00  
    0.244       533.16          1733.40        2740.22         3942.73         5500.00  
    0.250       509.24          1835.63        2554.73         3955.43         5500.00  
    0.256       501.05          2046.55        2807.04         4067.27         5500.00  
    0.263       58.43          686.53        2211.86         3472.27         4535.87  
    0.269       0          475.62        2133.72         3384.97         4405.43  
    0.275       0          461.97        2152.60         3500.70         4134.15  
    0.281       0          460.33        2159.45         3735.52         3994.37  
    0.288       0          443.97        2136.48         3657.78         3930.13  
    0.294       364.42          1909.67        3048.66         3799.52         5315.89  
    0.300       406.14          2161.56        3560.04         4124.75         5500.00  
    0.306       47.33          614.73        2326.98         3697.10         4407.87  
    0.312       0          401.41        2161.55         3671.18         4278.55  
    0.319       0          387.51        2230.64         3632.51         4584.88  
    0.325       319.88          2004.78        3458.46         4523.64         5397.83  
    0.331       42.29          579.52        2366.30         3732.44         4581.47  
    0.338       0          359.91        2206.19         3612.02         4577.38  
    0.344       0          331.85        2210.81         3611.06         4698.54  
    0.350       276.15          1929.08        3462.00         4255.41         5408.04  
    0.356       36.51          534.10        2304.05         3704.55         4390.59  
    