0.025       365.32          760.76        2530.13         4099.53         4587.26  
    0.031       362.31          762.82        2513.07         4407.27         4493.94  
    0.038       359.37          756.49        2454.40         4309.59         4647.26  
    0.044       357.99          752.81        2420.79         4099.84         4656.22  
    0.050       355.37          750.33        2403.09         4040.86         4660.55  
    0.056       350.41          747.10        2408.14         4046.89         4704.99  
    0.062       347.16          743.12        2405.40         4061.05         4717.45  
    0.069       347.46          741.21        2513.87         4088.26         4616.77  
    0.075       349.65          731.52        2548.84         3991.27         4676.19  
    0.081       355.17          751.12        2523.06         3989.44         4663.30  
    0.088       361.45          771.74        2492.84         3970.71         4632.29  
    0.094       368.09          763.55        2490.57         3992.87         4667.04  
    0.100       372.28          755.02        2499.71         4032.58         4697.29  
    0.106       373.37          758.87        2465.72         4046.08         4666.08  
    0.113       375.30          775.53        2435.12         4029.14         4629.51  
    0.119       375.78          768.03        2435.77         4028.62         4619.30  
    0.125       374.57          771.37        2453.72         4019.19         4631.27  
    0.131       371.14          772.64        2476.83         4002.61         4672.34  
    0.138       368.08          799.59        2493.13         4083.88         4722.47  
    0.144       367.55          827.69        2464.80         4142.34         4722.85  
    0.150       369.31          857.51        2436.50         4143.80         4786.74  
    0.156       371.75          879.07        2438.27         4048.54         4748.89  
    0.163       372.69          888.63        2478.82         3993.94         4688.95  
    0.169       372.07          890.39        2391.53         4040.17         4679.86  
    0.175       370.77          933.78        2333.29         4077.13         4661.99  
    0.181       367.91          968.15        2310.22         4069.28         4663.45  
    0.188       366.02          981.22        2291.56         4125.67         4748.20  
    0.194       362.15          1112.61        2283.91         4167.46         4717.15  
    0.200       354.40          1332.44        2283.06         4134.53         4657.51  
    0.206       344.35          1537.58        2297.19         4114.91         4639.72  
    0.213       334.64          1672.91        2314.64         4059.18         4679.96  
    0.219       327.66          1741.29        2322.89         4045.19         4658.18  
    0.225       323.58          1795.13        2327.04         3976.08         4635.58  
    0.231       321.00          1950.47        2344.77         3948.50         4632.91  
    0.238       318.43          2081.23        2374.09         3975.24         4593.38  
    0.244       317.96          2167.51        2398.55         3928.59         4613.94  
    0.250       321.72          2252.64        2403.98         3913.27         4642.76  
    0.256       326.00          2301.68        2465.52         3933.80         4660.02  
    0.263       331.51          2329.37        2553.97         3942.69         4629.59  
    0.269       339.59          2346.45        2614.71         4081.13         4622.22  
    0.275       347.17          2341.00        2726.03         4041.61         4644.62  
    0.281       346.43          2300.02        2827.34         3949.56         4710.67  
    0.288       342.89          2302.39        2830.10         3927.94         4704.64  
    0.294       340.38          2342.72        2723.29         3908.01         4610.13  
    0.300       318.30          2357.29        2797.97         3894.07         4603.93  
    0.306       275.07          2334.98        2854.80         3930.48         4591.14  
    0.312       245.53          2357.26        2836.46         3981.64         4635.60  
    0.319       244.83          2386.08        2886.42         4027.22         4698.26  
    0.325       243.30          2426.28        3055.82         3998.49         4688.00  
    0.331       31.68          530.10        2632.99         3806.72         4602.98  
    