0.025       404.03          837.69        2649.05         3407.71         5166.55  
    0.031       273.61          825.65        2642.87         3407.41         5191.96  
    0.038       254.52          817.61        2640.53         3388.43         5208.26  
    0.044       264.56          767.57        2646.26         3368.86         5181.96  
    0.050       91.06          342.98        1660.77         3010.86         4246.10  
    0.056       192.87          388.19        1763.96         3052.72         4342.78  
    0.062       175.65          353.55        1663.54         3021.13         4234.32  
    0.069       87.47          416.52        1761.45         3037.78         4340.08  
    0.075       280.22          813.66        2670.46         3351.35         5234.01  
    0.081       406.74          825.70        2641.88         3365.63         5203.00  
    0.088       480.98          738.18        2668.71         3395.78         5102.13  
    0.094       511.62          618.40        2763.18         3361.91         5041.85  
    0.100       531.41          573.81        2786.42         3314.07         5017.31  
    0.106       523.75          613.85        2791.01         3316.37         4983.84  
    0.113       463.42          691.78        2778.55         3337.00         5013.55  
    0.119       426.10          748.64        2735.15         3348.05         5057.50  
    0.125       448.30          678.36        2730.88         3361.28         5079.33  
    0.131       395.89          590.02        2736.35         3392.91         5136.71  
    0.138       151.52          278.89        1624.40         3060.70         4253.19  
    0.144       0          0        615.47         2713.94         3404.77  
    0.150       0          0        618.91         2660.77         3372.70  
    0.156       0          0        607.85         2611.26         3335.46  
    0.163       0          0        599.78         2591.07         3310.12  
    0.169       0          303.85        1636.28         2950.19         4204.30  
    0.175       0          276.73        1522.53         2923.70         4121.60  
    0.181       0          0        556.75         2653.89         3290.02  
    0.188       0          0        556.24         2677.13         3272.75  
    0.194       0          0        553.98         2610.00         3250.49  
    0.200       0          0        561.64         2537.64         3236.62  
    0.206       0          0        582.58         2514.74         3236.92  
    0.213       0          327.18        1573.02         2901.32         4208.89  
    0.219       0          630.11        2466.85         3260.97         5071.03  
    0.225       0          639.56        2482.06         3294.90         5115.55  
    0.231       0          645.43        2497.22         3308.29         5182.77  
    0.238       0          652.17        2490.50         3278.14         5164.91  
    0.244       0          664.26        2486.09         3247.99         5144.14  
    0.250       0          319.69        1544.51         2860.95         4147.27  
    0.256       0          0        698.92         2515.57         3228.49  
    0.263       0          0        740.18         2490.39         3222.85  
    0.269       0          0        809.59         2449.91         3226.75  
    0.275       0          0        871.58         2408.08         3236.29  
    0.281       0          0        886.28         2363.69         3277.21  
    0.288       198.85          499.09        1617.35         2872.38         4281.28  
    0.294       373.53          1055.51        2273.06         3348.95         5226.21  
    0.300       362.14          1197.33        2248.86         3339.26         5284.75  
    0.306       355.01          1307.46        2252.98         3353.59         5314.92  
    0.312       348.51          1396.34        2271.95         3377.70         5423.08  
    0.319       348.94          1584.32        2273.65         3391.08         5500.00  
    0.325       347.67          1854.10        2300.78         3396.83         5500.00  
    0.331       336.32          1993.28        2403.69         3403.99         5492.87  
    0.338       327.62          2009.71        2513.32         3422.71         5411.54  
    0.344       324.48          2009.13        2595.88         3439.17         5343.22  
    0.350       324.65          2022.34        2664.72         3459.60         5316.89  
    0.356       327.24          2052.36        2682.50         3457.31         5281.48  
    0.363       330.32          2056.67        2684.83         3442.85         5277.28  
    0.369       331.67          2040.69        2715.27         3437.93         5294.12  
    0.375       332.47          2052.68        2805.61         3444.98         5320.22  
    0.381       332.76          2073.94        2959.02         3463.54         5374.25  
    0.388       331.68          2077.65        2999.00         3469.21         5359.48  
    0.394       331.63          2072.65        2910.66         3464.08         5279.16  
    0.400       332.24          2072.15        2903.05         3473.40         5238.01  
    0.406       334.00          2071.86        2945.79         3511.20         5236.71  
    0.413       334.46          2078.68        2933.87         3534.29         5236.73  
    0.419       332.00          2091.21        2905.70         3550.02         5193.89  
    0.425       330.89          2123.51        2905.75         3631.60         5145.43  
    0.431       331.08          2168.45        2930.53         3702.22         5242.15  
    0.438       331.47          2204.18        3035.00         3750.34         5359.84  
    0.444       307.18          2221.48        3312.49         4146.84         5440.51  
    0.450       135.74          1363.46        2845.81         4008.15         5084.41  
    0.456       0          419.65        2318.09         3634.84         4478.41  
    0.463       0          263.23        2343.43         3521.45         4233.40  
    