0.025       412.23          949.46        2566.47         3998.53         4571.98  
    0.031       409.63          959.58        2573.48         4030.90         4583.10  
    0.038       405.25          970.33        2586.45         4066.02         4617.65  
    0.044       405.20          978.03        2651.20         4082.42         4564.13  
    0.050       409.40          986.24        2676.77         4094.12         4447.11  
    0.056       414.18          989.87        2644.01         4109.51         4430.39  
    0.062       418.12          991.62        2641.74         4127.31         4440.84  
    0.069       420.59          1001.25        2673.58         4149.30         4367.53  
    0.075       424.23          1008.54        2628.44         4150.24         4265.99  
    0.081       430.42          1006.08        2594.48         4114.07         4242.38  
    0.088       432.32          998.23        2602.32         4062.79         4269.01  
    0.094       428.10          992.87        2614.56         4026.44         4307.80  
    0.100       421.41          993.54        2619.82         4029.31         4357.16  
    0.106       415.97          995.33        2623.99         4045.75         4369.46  
    0.113       409.25          996.89        2626.66         4040.05         4363.29  
    0.119       403.80          998.82        2629.19         4034.95         4361.28  
    0.125       403.90          1000.84        2641.46         4059.63         4383.37  
    0.131       402.85          1005.75        2668.33         4084.36         4427.89  
    0.138       397.95          1010.38        2688.41         4099.95         4455.54  
    0.144       394.60          1014.08        2703.71         4111.84         4482.79  
    0.150       399.68          1027.52        2844.79         4133.19         4466.53  
    0.156       405.08          1038.93        3124.15         4157.92         4349.40  
    0.163       411.64          1048.64        3304.73         4180.69         4310.44  
    0.169       419.29          1061.80        3368.89         4162.39         4332.16  
    0.175       423.88          1073.94        3255.68         4079.91         4379.14  
    0.181       424.84          1085.50        3045.97         4057.42         4425.42  
    0.188       431.57          1104.82        2981.65         4079.61         4426.96  
    0.194       439.29          1171.50        2897.48         4095.06         4388.64  
    0.200       429.81          1259.47        2819.71         4096.80         4351.51  
    0.206       411.33          1302.54        2853.78         4074.05         4354.04  
    0.213       396.94          1330.52        2858.79         4056.23         4382.14  
    0.219       390.15          1388.19        2747.50         4051.15         4406.24  
    0.225       388.54          1475.77        2680.11         4056.79         4386.32  
    0.231       387.39          1587.22        2654.80         4086.50         4337.45  
    0.238       384.37          1712.54        2662.30         4090.31         4321.69  
    0.244       382.91          1779.51        2661.48         4042.67         4330.94  
    0.250       386.30          1811.40        2622.14         4069.12         4358.51  
    0.256       389.35          1968.96        2591.41         4073.48         4337.56  
    0.263       379.47          2230.97        2591.56         4015.98         4348.26  
    0.269       382.97          2509.82        2660.36         3984.12         4346.31  
    0.275       365.44          2565.27        2978.50         3969.85         4339.12  
    0.281       336.23          2551.85        3160.13         4003.68         4386.31  
    0.288       318.72          2567.02        3203.82         4062.62         4371.62  
    0.294       309.93          2588.29        3205.50         4118.85         4330.81  
    0.300       304.75          2613.90        3315.21         4035.34         4350.80  
    0.306       298.82          2643.80        3257.90         3964.37         4379.58  
    0.312       260.45          2665.61        2998.35         4011.31         4381.75  
    0.319       237.79          2671.67        2831.94         4069.76         4384.03  
    0.325       240.58          2630.20        2806.21         3974.71         4347.71  
    0.331       257.40          2549.02        2860.35         3904.56         4342.02  
    