0.025       525.49          1138.26        2612.06         3814.32         4433.35  
    0.031       516.01          1122.87        2505.77         3813.50         4747.41  
    0.038       506.64          1112.49        2448.60         3755.07         4868.70  
    0.044       498.83          1107.95        2426.16         3707.36         4827.23  
    0.050       491.21          1108.20        2423.05         3761.84         4873.25  
    0.056       489.50          1113.35        2433.43         3795.65         5314.95  
    0.062       489.41          1107.98        2427.23         3550.65         5157.24  
    0.069       495.96          1112.70        2433.03         3418.60         5079.41  
    0.075       505.51          1116.08        2453.35         3481.61         4994.35  
    0.081       513.15          1095.85        2482.47         3490.41         4778.45  
    0.088       522.73          1082.56        2489.44         3497.82         4486.31  
    0.094       532.09          1090.52        2491.33         3550.13         4344.42  
    0.100       533.44          1083.27        2495.18         3593.83         4288.97  
    0.106       531.26          1064.58        2510.92         3626.71         4191.38  
    0.113       532.86          1054.51        2523.86         3598.47         4461.37  
    0.119       533.77          1050.70        2517.26         3543.42         4538.20  
    0.125       534.29          1056.00        2506.90         3550.70         4603.82  
    0.131       535.30          1074.25        2496.88         3582.64         4596.15  
    0.138       535.76          1109.40        2488.07         3628.80         4668.73  
    0.144       535.51          1153.69        2478.83         3641.68         4853.60  
    0.150       532.35          1185.14        2467.53         3624.21         4862.72  
    0.156       525.89          1188.46        2468.77         3618.39         4779.69  
    0.163       524.00          1196.78        2470.08         3617.25         4711.63  
    0.169       527.70          1217.22        2463.69         3585.76         4705.03  
    0.175       528.37          1259.14        2447.77         3562.51         4679.18  
    0.181       523.37          1317.42        2429.18         3546.10         4653.02  
    0.188       524.10          1358.57        2432.75         3547.51         4734.94  
    0.194       529.07          1405.16        2440.51         3541.49         4817.49  
    0.200       530.61          1529.57        2472.82         3539.52         4778.28  
    0.206       521.78          1608.65        2506.44         3556.89         4839.47  
    0.213       508.69          1679.89        2591.32         3570.12         4921.31  
    0.219       494.74          1742.19        2734.05         3627.89         5327.31  
    0.225       480.86          1789.41        2785.78         3671.37         5073.40  
    0.231       463.26          1806.41        2711.75         3667.13         4354.40  
    0.238       448.78          1827.34        2654.42         3626.54         4033.84  
    0.244       439.19          1911.97        2698.34         3611.51         4209.40  
    0.250       428.99          1984.39        2719.44         3624.71         4546.39  
    0.256       420.26          2042.69        2738.50         3633.55         4603.10  
    0.263       414.43          2066.08        2744.87         3592.05         4173.57  
    0.269       409.51          2065.93        2750.59         3588.52         3903.98  
    0.275       404.35          2062.86        2757.70         3682.46         3893.09  
    0.281       399.57          2063.82        2795.21         3678.26         4135.48  
    0.288       393.10          2068.73        2806.21         3623.51         4167.80  
    0.294       384.92          2073.01        2767.33         3628.89         3937.22  
    0.300       378.36          2083.23        2780.42         3692.63         4013.88  
    0.306       374.42          2085.68        2786.40         3681.56         5064.17  
    0.312       369.32          2078.91        2742.55         3721.14         4341.05  
    0.319       362.58          2095.81        2730.15         3685.19         3828.94  
    