0.025       472.34          994.76        2502.28         3392.43         3934.05  
    0.031       480.12          969.64        2539.98         3452.84         3981.30  
    0.038       480.10          986.13        2494.44         3452.34         3952.27  
    0.044       482.60          989.36        2483.21         3441.09         3926.57  
    0.050       482.18          980.56        2494.98         3445.57         3941.75  
    0.056       479.32          974.67        2485.09         3424.09         3890.59  
    0.062       476.74          976.57        2490.24         3360.87         3907.30  
    0.069       476.56          981.48        2473.24         3346.21         3926.06  
    0.075       481.75          987.95        2478.44         3360.20         3952.79  
    0.081       482.51          993.98        2511.84         3386.92         3985.22  
    0.088       483.93          1000.87        2535.62         3399.34         3949.29  
    0.094       484.43          1010.69        2542.43         3393.48         3904.28  
    0.100       486.08          1017.47        2529.17         3383.39         3907.93  
    0.106       489.33          1023.89        2515.02         3387.83         3935.45  
    0.113       495.45          1033.54        2490.13         3399.10         3927.42  
    0.119       507.95          1054.35        2467.19         3411.68         3907.91  
    0.125       511.37          1113.94        2454.82         3439.77         3938.61  
    0.131       503.40          1164.33        2453.15         3462.06         4017.42  
    0.138       496.14          1191.13        2443.71         3468.17         4027.37  
    0.144       500.73          1226.51        2440.65         3450.28         4016.36  
    0.150       496.08          1312.37        2427.97         3445.94         4050.15  
    0.156       484.29          1355.09        2397.39         3437.27         3991.61  
    0.163       472.52          1447.21        2371.27         3407.48         3929.67  
    0.169       454.37          1575.18        2395.45         3409.68         3895.72  
    0.175       436.64          1655.33        2468.73         3433.68         3884.21  
    0.181       421.77          1685.32        2510.98         3447.87         3874.58  
    0.188       412.50          1737.23        2517.67         3446.90         3897.57  
    0.194       406.47          1832.73        2517.66         3445.04         3907.58  
    0.200       398.89          1973.20        2525.66         3488.83         3846.17  
    0.206       389.50          2041.73        2550.85         3473.71         3762.29  
    0.213       381.06          2090.20        2590.22         3471.67         3763.66  
    0.219       373.48          2149.65        2652.21         3584.15         3737.11  
    0.225       368.07          2178.45        2706.74         3557.37         3787.23  
    0.231       358.52          2180.27        2760.49         3535.76         4032.05  
    0.238       347.09          2169.80        2779.47         3610.86         3842.33  
    0.244       341.32          2179.70        2784.38         3617.67         3776.26  
    0.250       334.78          2197.39        2816.12         3695.75         3725.27  
    0.256       327.58          2184.13        2861.89         3605.76         3928.54  
    0.263       331.48          2207.82        2910.42         3603.87         4004.77  
    0.269       331.65          2200.20        2942.24         3597.72         4003.73  
    0.275       323.36          2208.95        2935.60         3591.06         3981.04  
    0.281       319.78          2236.15        3012.15         3635.20         3851.88  
    0.288       311.89          2253.86        2990.56         3719.00         4501.84  
    0.294       309.44          2263.00        2998.99         3717.10         4306.36  
    0.300       303.27          2247.83        2993.11         3757.46         3954.11  
    