0.025       422.53          774.69        2783.42         3284.54         4227.07  
    0.031       423.65          771.37        2755.48         3305.82         4230.31  
    0.038       427.98          763.06        2789.55         3358.91         4123.98  
    0.044       427.27          758.98        2802.82         3274.68         4043.42  
    0.050       434.16          750.16        2741.76         3124.61         4153.50  
    0.056       435.94          751.69        2712.45         3114.04         4187.04  
    0.062       435.94          752.34        2703.24         3143.20         4111.47  
    0.069       436.90          751.81        2702.20         3142.50         4205.98  
    0.075       439.94          759.55        2679.16         3121.25         4264.41  
    0.081       442.52          763.62        2669.89         3131.64         4195.20  
    0.088       445.36          767.03        2682.01         3182.24         3939.66  
    0.094       450.95          777.64        2679.63         3206.79         3911.32  
    0.100       456.19          792.01        2675.33         3213.00         3912.44  
    0.106       463.09          823.67        2650.00         3192.02         3824.85  
    0.113       470.06          891.21        2626.70         3257.76         3652.67  
    0.119       467.96          937.36        2599.12         3293.19         3708.18  
    0.125       468.97          985.42        2579.88         3345.56         3818.84  
    0.131       468.47          1025.74        2562.53         3429.30         3768.03  
    0.138       464.08          1092.91        2526.24         3522.34         3585.68  
    0.144       457.19          1129.32        2521.45         3396.62         3578.71  
    0.150       462.74          1177.85        2524.48         3231.99         3593.35  
    0.156       461.96          1303.08        2538.07         3246.46         3595.38  
    0.163       454.30          1434.07        2537.19         3407.92         3607.44  
    0.169       440.72          1617.55        2512.45         3614.52         3668.64  
    0.175       458.66          2013.77        2499.71         3335.25         4129.86  
    0.181       449.80          2183.46        2561.33         3516.53         4236.92  
    0.188       438.08          2262.72        2648.62         3586.75         4270.97  
    0.194       430.43          2315.36        2743.65         3569.84         4228.58  
    