0.025       396.23          746.43        2765.49         3686.14         3954.76  
    0.031       412.95          714.87        2649.23         3682.15         3929.02  
    0.038       400.51          716.89        2608.62         3694.30         3922.25  
    0.044       397.19          701.71        2624.15         3657.79         3939.80  
    0.050       392.58          678.39        2618.77         3688.60         3969.68  
    0.056       386.94          692.02        2655.84         3748.08         3955.23  
    0.062       409.75          652.96        2742.79         3730.24         3956.86  
    0.069       407.26          662.13        2688.25         3781.87         3987.34  
    0.075       391.59          678.32        2624.07         3841.94         4009.59  
    0.081       380.12          647.02        2598.74         3857.63         4018.73  
    0.088       382.83          641.08        2593.45         3861.62         4006.73  
    0.094       396.15          637.73        2602.20         3849.22         3989.94  
    0.100       407.84          608.70        2618.54         3838.91         4031.05  
    0.106       394.83          639.18        2616.25         3836.66         4111.89  
    0.113       397.35          638.92        2631.07         3842.39         4195.72  
    0.119       399.23          622.50        2662.87         3876.78         4120.07  
    0.125       383.77          668.44        2688.46         3893.07         4104.46  
    0.131       387.43          683.22        2633.34         3866.13         4075.08  
    0.138       400.21          652.47        2601.96         3845.62         4036.81  
    0.144       402.90          653.48        2673.63         3869.49         4171.79  
    0.150       392.84          687.41        2769.00         3879.32         4482.73  
    0.156       385.80          702.88        2731.53         3873.28         4523.96  
    0.163       374.23          729.36        2679.59         3876.09         4515.20  
    0.169       373.34          750.41        2657.66         3886.08         4248.85  
    0.175       381.49          768.15        2617.84         3879.46         4280.31  
    0.181       385.61          777.32        2572.22         3882.41         4469.23  
    0.188       385.65          793.60        2543.56         3888.75         4500.64  
    0.194       389.66          799.65        2520.82         3881.17         4139.81  
    0.200       393.27          880.87        2499.84         3842.37         4025.91  
    0.206       393.65          955.69        2477.23         3850.86         4425.12  
    0.213       393.03          1032.12        2457.77         3869.12         5030.04  
    0.219       383.98          1159.37        2441.27         3912.82         4728.11  
    0.225       369.71          1227.23        2429.21         3926.42         4515.46  
    0.231       356.62          1274.94        2438.81         3916.80         4530.30  
    0.238       348.44          1390.16        2415.38         3697.90         4209.93  
    0.244       346.29          1504.19        2395.06         3627.97         4179.36  
    0.250       349.00          1611.74        2398.91         3622.96         5150.12  
    0.256       95.26          704.50        1936.74         2752.07         4140.23  
    0.263       0          353.75        1908.07         2427.03         3818.48  
    0.269       0          350.71        2132.52         2437.52         3919.92  
    0.275       249.16          1720.98        2390.68         3500.40         5073.27  
    0.281       331.05          2216.95        2465.72         3918.96         5500.00  
    0.288       88.94          838.69        2308.76         2872.48         4398.68  
    0.294       225.73          1725.14        2422.65         3623.08         5088.29  
    0.300       300.10          2295.13        2494.27         4018.61         5500.00  
    