0.025       458.47          850.01        2151.65         3930.35         4576.17  
    0.031       488.52          803.71        2121.73         4040.34         4565.71  
    0.038       589.55          718.33        2143.33         4104.75         4541.68  
    0.044       577.69          777.40        2038.66         3732.77         4559.76  
    0.050       569.45          726.30        2096.05         3712.19         4549.63  
    0.056       572.97          722.01        2404.90         4029.52         4564.28  
    0.062       569.10          755.20        2342.96         4153.89         4590.34  
    0.069       566.52          709.13        2315.17         4333.71         4596.84  
    0.075       537.81          800.88        2236.22         4343.94         4611.63  
    0.081       524.82          946.10        2180.59         4243.40         4601.83  
    0.088       519.47          1117.14        2116.38         4152.32         4597.43  
    0.094       507.40          1140.99        2037.20         3911.57         4604.31  
    0.100       512.12          807.14        2201.64         4037.65         4605.66  
    0.106       499.74          732.08        2344.55         4430.18         4593.85  
    0.113       473.29          724.33        2399.60         4563.07         4613.20  
    0.119       467.00          724.61        2499.51         4536.16         4612.53  
    0.125       452.38          731.26        2612.13         4567.38         4595.01  
    0.131       443.14          761.81        2618.05         4567.09         4599.75  
    0.138       437.93          758.39        2589.95         4526.66         4636.48  
    0.144       438.03          753.52        2573.71         4527.02         4633.16  
    0.150       438.45          760.97        2505.33         4581.80         4611.81  
    0.156       440.94          778.58        2433.75         4567.47         4603.92  
    0.163       447.05          789.17        2493.73         4522.48         4607.15  
    0.169       446.80          792.37        2574.43         4536.30         4600.68  
    0.175       440.08          807.96        2539.28         4517.10         4602.47  
    0.181       434.34          814.43        2499.05         4500.24         4637.13  
    0.188       432.05          826.72        2539.09         4461.48         4638.64  
    0.194       428.79          828.91        2611.76         4351.73         4624.77  
    0.200       425.86          819.18        2669.25         4366.43         4629.72  
    0.206       424.38          817.72        2679.51         4363.17         4625.93  
    0.213       423.65          822.79        2673.23         4390.73         4624.52  
    0.219       420.89          823.20        2701.68         4477.20         4627.70  
    0.225       420.47          829.39        2750.68         4130.06         4637.51  
    0.231       418.82          830.53        2809.80         4077.04         4620.85  
    0.238       416.79          826.77        2792.21         4113.32         4621.35  
    0.244       414.68          827.77        2805.16         4122.64         4616.44  
    0.250       413.06          829.97        2750.57         4313.64         4618.00  
    0.256       410.25          830.25        2769.60         4332.13         4615.87  
    0.263       404.80          837.90        2800.47         4393.76         4609.98  
    0.269       405.48          844.81        2735.19         4474.40         4596.65  
    0.275       407.28          845.92        2714.44         4453.11         4614.91  
    0.281       407.56          846.11        2668.10         4519.60         4609.41  
    0.288       409.68          841.89        2634.65         4497.81         4627.37  
    0.294       416.58          838.39        2668.75         4263.22         4644.33  
    0.300       428.46          818.67        2655.20         4114.63         4679.26  
    0.306       432.43          823.21        2631.13         4164.62         4671.41  
    0.312       435.54          821.64        2597.85         4422.29         4683.38  
    0.319       439.65          889.25        2550.27         4280.38         4697.51  
    0.325       450.10          972.22        2541.70         4029.78         4690.88  
    0.331       453.09          1025.18        2540.01         3873.38         4689.10  
    0.338       452.80          1072.43        2517.62         3850.49         4683.32  
    0.344       450.46          1120.53        2493.59         3885.32         4690.71  
    0.350       446.27          1152.88        2471.02         3994.68         4713.32  
    0.356       439.67          1178.11        2480.65         3911.00         4716.58  
    0.363       445.76          1194.46        2500.48         3895.52         4737.31  
    0.369       456.61          1248.38        2504.67         3982.22         4725.56  
    0.375       467.18          1278.72        2483.52         3916.93         4741.61  
    0.381       468.33          1269.74        2452.54         3999.89         4773.85  
    0.388       460.07          1238.39        2453.06         3955.02         4744.08  
    0.394       469.70          1256.05        2476.91         3925.53         4718.54  
    0.400       476.13          1243.78        2495.21         4125.82         4741.02  
    0.406       474.86          1250.62        2496.08         4112.20         4793.38  
    0.413       467.11          1254.77        2488.62         3987.87         4825.80  
    0.419       465.51          1277.96        2458.93         4014.92         4896.01  
    0.425       467.67          1309.58        2435.93         3891.87         4886.62  
    0.431       456.68          1373.64        2428.58         3781.92         4858.27  
    0.438       455.03          1431.38        2430.83         3857.07         4856.12  
    0.444       443.05          1474.03        2437.06         4006.29         4851.39  
    0.450       421.66          1483.78        2441.30         4087.29         4902.73  
    0.456       393.70          1505.69        2404.08         3960.52         4845.26  
    0.463       371.25          1521.99        2380.97         3888.51         4826.05  
    0.469       380.85          1573.94        2370.67         3999.76         4788.63  
    0.475       392.19          1683.24        2375.67         4195.97         4626.46  
    0.481       390.52          1805.85        2384.79         3958.16         4568.89  
    0.488       390.22          1833.40        2391.94         3824.40         4572.28  
    0.494       386.96          1874.22        2362.02         3830.12         4516.38  
    0.500       383.07          1964.15        2357.33         3915.30         4516.47  
    0.506       383.86          2000.02        2357.77         3950.39         4521.24  
    0.513       387.17          2020.34        2384.73         3989.55         4554.88  
    0.519       391.99          2050.20        2444.02         3958.66         4472.03  
    0.525       396.80          2084.48        2510.80         3884.10         4466.58  
    0.531       385.79          2097.38        2586.29         3794.48         4426.20  
    0.537       335.93          2107.14        2715.08         3880.83         4433.54  
    0.544       182.14          2111.99        2875.57         4065.87         4420.51  
    0.550       0.45          5.27        2111.23         3027.63         4217.74  
    0.556       254.05          2112.41        3100.47         4219.31         4465.07  
    0.562       327.83          2128.85        3158.00         4240.97         4300.63  
    0.569       327.57          2139.89        3150.43         3967.66         4327.51  
    0.575       246.13          2144.71        3221.35         4064.85         4326.45  
    0.581       218.33          2153.33        3270.63         4232.03         4500.77  
    0.588       264.07          2169.88        3285.35         4196.92         4762.08  
    0.594       235.33          2185.28        3305.87         4170.41         4856.70  
    0.600       256.08          2194.71        3356.03         4168.11         4917.36  
    0.606       256.74          2197.46        3353.00         4188.05         4903.60  
    0.613       253.18          2204.04        3390.31         4214.94         4851.50  
    0.619       272.74          2214.55        3408.46         4191.92         4659.96  
    0.625       272.63          2223.23        3458.63         4181.63         4749.59  
    0.631       283.05          2243.10        3524.76         4153.51         4896.39  
    0.638       266.16          2261.48        3520.97         4181.56         4895.64  
    0.644       251.80          2227.69        3464.51         4187.24         5029.82  
    0.650       245.33          2231.36        3239.92         4177.34         4838.37  
    0.656       244.36          2219.17        3382.90         4178.06         4880.39  
    