0.025       450.45          874.44        2434.91         3426.93         4509.66  
    0.031       454.70          874.47        2430.07         3368.84         4524.57  
    0.038       463.37          875.17        2442.03         3323.63         4541.07  
    0.044       467.23          871.67        2447.29         3329.23         4553.24  
    0.050       462.69          859.92        2431.20         3257.58         4559.74  
    0.056       452.60          842.94        2426.11         3183.69         4531.42  
    0.062       442.00          829.12        2433.29         3174.30         4515.19  
    0.069       436.37          832.68        2444.61         3131.03         4517.15  
    0.075       433.80          850.73        2449.60         3086.77         4520.02  
    0.081       432.28          874.02        2448.85         3106.81         4534.63  
    0.088       430.13          901.17        2454.12         3165.52         4546.18  
    0.094       427.44          929.69        2472.84         3200.08         4522.18  
    0.100       426.66          954.63        2498.98         3223.84         4436.90  
    0.106       431.04          973.77        2485.17         3284.22         4344.10  
    0.113       433.92          992.46        2457.44         3310.87         4310.34  
    0.119       422.74          1037.94        2456.11         3300.89         4308.62  
    0.125       401.65          1115.27        2482.73         3297.49         4308.82  
    0.131       388.17          1164.71        2546.09         3294.40         4282.57  
    0.138       383.34          1211.70        2572.23         3279.70         4181.54  
    0.144       379.68          1327.75        2545.94         3332.37         4024.28  
    0.150       373.62          1511.41        2511.92         3246.49         3962.58  
    0.156       366.47          1798.99        2487.13         2785.86         3939.17  
    0.163       352.09          2122.91        2527.60         2537.86         3908.24  
    0.169       331.02          2236.15        2568.37         2749.71         3917.82  
    0.175       155.75          1230.62        2451.08         2762.90         3874.46  
    0.181       0          294.72        2349.73         2695.82         3809.80  
    0.188       0          248.30        2345.80         2826.25         3845.63  
    0.194       0          211.52        2357.96         2904.54         3892.97  
    0.200       115.79          1319.50        2658.07         3290.25         3913.25  
    0.206       235.38          2359.82        2888.40         3560.20         3980.46  
    0.213       253.91          2357.44        2815.83         3567.96         4037.46  
    0.219       266.19          2377.49        2795.36         3667.55         4079.68  
    0.225       272.94          2400.73        2873.26         3791.46         4002.64  
    0.231       277.00          2402.60        2934.93         3728.95         3955.02  
    0.238       276.46          2384.58        2912.20         3626.46         4000.14  
    0.244       271.52          2370.77        2891.69         3705.48         3991.15  
    0.250       270.75          2378.37        2915.18         3770.94         3969.13  
    0.256       275.69          2402.84        2946.99         3813.32         4052.48  
    0.263       269.78          2414.87        2967.23         3816.83         4100.56  
    0.269       252.79          2421.63        2972.45         3694.24         3956.79  
    0.275       243.33          2565.30        3016.93         3461.14         3854.73  
    0.281       238.78          2717.47        3087.46         3298.63         3886.79  
    