0.025       1477.17          1845.09        2422.70         4086.22         4410.27  
    0.031       359.41          1362.08        2283.69         3259.22         4273.65  
    0.038       0          1232.50        2241.07         3110.99         4191.22  
    0.044       0          1291.65        2269.60         3254.56         4299.44  
    0.050       1000.95          1901.17        2328.65         3225.62         4479.37  
    0.056       1343.06          1863.22        2782.75         3349.33         4311.46  
    0.062       328.37          1423.85        2100.34         3082.17         4154.46  
    0.069       854.95          1369.59        2491.07         3312.94         4457.64  
    0.075       274.91          1347.51        2438.86         3366.49         4506.55  
    0.081       0          1291.91        2241.85         3296.15         4392.74  
    0.088       963.49          1501.48        2415.68         3279.61         4561.64  
    0.094       309.81          1350.42        2366.06         3248.26         4755.28  
    0.100       0          1274.40        2278.20         3261.15         4426.28  
    0.106       0          1300.32        2296.32         3402.54         4125.86  
    0.113       741.10          1630.60        2675.39         3661.91         4478.06  
    0.119       238.30          1090.27        2210.10         3068.90         4268.75  
    0.125       0          774.68        2085.02         2746.03         4106.68  
    0.131       0          726.91        1750.34         2718.50         4024.09  
    0.138       0          736.03        1745.39         2813.34         4027.50  
    0.144       535.29          1145.17        2393.38         2833.00         4324.71  
    0.150       673.31          1205.40        2692.94         3200.62         4387.83  
    0.156       657.41          1146.30        2753.49         3080.95         4706.84  
    0.163       662.15          1015.03        2618.69         3061.52         4822.65  
    0.169       161.60          237.62        1159.39         2272.75         3539.72  
    0.175       461.42          750.18        1787.68         2982.38         4273.60  
    0.181       562.15          956.17        2399.06         3316.29         4610.64  
    0.188       540.11          932.40        2525.15         3314.95         4537.64  
    0.194       532.65          917.54        2584.66         3339.25         4587.77  
    0.200       524.87          901.26        2607.87         3378.64         4641.64  
    0.206       518.80          885.34        2606.13         3393.24         4639.78  
    0.213       511.01          879.45        2614.82         3388.41         4580.11  
    0.219       508.42          878.92        2690.73         3392.20         4591.66  
    0.225       513.95          881.19        2712.11         3402.57         4599.21  
    0.231       518.07          883.39        2691.37         3402.74         4515.74  
    0.238       520.93          882.52        2697.13         3433.78         4395.41  
    0.244       523.75          883.53        2705.97         3427.22         4395.51  
    0.250       522.33          884.94        2758.18         3402.03         4467.67  
    0.256       519.19          884.40        2751.59         3405.65         4393.37  
    0.263       518.40          884.78        2728.96         3403.73         4312.16  
    0.269       519.26          884.39        2685.10         3391.37         4323.87  
    0.275       520.20          884.39        2686.54         3382.30         4354.52  
    0.281       520.31          883.06        2686.49         3391.26         4377.07  
    0.288       519.02          878.70        2682.41         3393.25         4464.96  
    0.294       518.55          874.46        2666.59         3376.24         4507.37  
    0.300       517.29          876.38        2651.31         3376.56         4509.29  
    0.306       516.89          877.87        2652.49         3370.94         4483.01  
    0.312       517.44          874.73        2653.52         3359.57         4451.60  
    0.319       517.06          872.50        2641.05         3346.69         4454.87  
    0.325       516.39          869.69        2596.01         3318.88         4448.02  
    0.331       515.44          867.41        2583.71         3323.33         4429.36  
    0.338       515.42          871.07        2584.59         3352.91         4423.43  
    0.344       514.65          877.44        2576.09         3383.78         4450.18  
    0.350       511.87          875.30        2691.45         3386.65         4479.85  
    0.356       508.42          871.48        2830.76         3403.60         4679.78  
    0.363       506.97          872.28        2871.42         3405.42         4968.49  
    0.369       507.96          885.10        2940.06         3472.27         5388.40  
    0.375       508.77          918.14        2845.82         3606.54         5500.00  
    0.381       506.25          961.50        2753.73         3540.14         5500.00  
    0.388       503.79          989.34        2737.17         3369.51         5066.48  
    0.394       500.42          1005.16        2682.86         3247.82         4845.96  
    0.400       495.31          1021.93        2591.26         3375.58         5334.52  
    0.406       495.40          1065.53        2572.63         3652.52         5500.00  
    0.413       493.17          1114.50        2510.53         3628.37         4902.25  
    0.419       489.02          1162.00        2429.21         3371.48         4674.53  
    0.425       479.58          1208.34        2351.05         3209.98         4631.23  
    0.431       471.91          1261.92        2299.50         3240.01         4571.17  
    0.438       471.90          1327.09        2275.35         3313.82         4557.00  
    0.444       464.48          1389.73        2296.03         3332.24         4530.07  
    0.450       460.86          1468.04        2400.38         3364.05         4512.74  
    0.456       453.38          1519.81        2525.23         3418.47         4508.92  
    0.463       440.63          1551.59        2636.22         3451.43         4455.30  
    0.469       423.09          1545.02        2681.88         3462.14         4376.57  
    0.475       410.83          1562.20        2696.64         3454.99         4364.39  
    0.481       407.79          1580.64        2689.44         3428.67         4274.39  
    0.488       387.26          1684.60        2730.47         3397.34         4341.50  
    0.494       379.31          1816.75        2803.20         3446.08         4390.62  
    0.500       389.65          1914.70        2849.87         3504.36         4394.87  
    0.506       383.99          1891.02        2797.40         3454.88         4338.07  
    0.513       359.06          1860.38        2919.05         3157.85         4050.90  
    0.519       356.96          1931.30        2992.97         3625.16         3921.08  
    