0.025       474.26          828.56        2448.60         3774.74         4695.93  
    0.031       476.50          808.28        2497.96         3865.06         4692.06  
    0.038       521.67          744.83        2641.78         3880.12         4673.22  
    0.044       549.12          651.50        2594.79         3573.64         4663.29  
    0.050       440.38          578.84        2701.31         3304.53         4645.82  
    0.056       415.61          565.74        2838.36         3635.97         4611.54  
    0.062       503.17          567.78        2773.80         4021.94         4601.44  
    0.069       551.58          573.25        2711.32         4126.49         4605.75  
    0.075       540.45          649.62        2641.57         4071.50         4611.53  
    0.081       501.15          795.07        2607.37         3971.50         4612.54  
    0.088       478.96          955.04        2622.87         3821.59         4609.67  
    0.094       463.27          1002.46        2597.57         3639.80         4615.63  
    0.100       450.50          854.08        2661.68         3911.68         4622.00  
    0.106       431.69          745.58        2737.99         4419.63         4639.47  
    0.113       412.93          745.67        2714.06         4605.03         4645.38  
    0.119       408.97          742.08        2716.86         4612.17         4663.91  
    0.125       403.97          757.83        2731.00         4614.98         4812.73  
    0.131       394.20          785.07        2718.86         4608.60         5011.65  
    0.138       389.26          784.11        2701.55         4629.68         4875.86  
    0.144       391.32          772.43        2694.07         4625.50         4667.12  
    0.150       399.55          775.27        2675.72         4600.66         4631.81  
    0.156       411.51          791.83        2651.44         4595.19         4621.96  
    0.163       424.05          804.99        2662.58         4610.61         4665.98  
    0.169       429.96          805.59        2703.38         4601.46         4659.79  
    0.175       424.24          811.03        2690.03         4442.67         4635.31  
    0.181       415.81          819.48        2646.48         4338.89         4656.94  
    0.188       412.21          827.22        2669.10         4361.36         4671.48  
    0.194       411.64          832.02        2689.86         4318.51         4674.34  
    0.200       410.04          826.46        2721.63         4297.04         4679.33  
    0.206       407.66          822.17        2725.55         4274.39         4686.96  
    0.213       405.84          823.75        2704.19         4291.04         4688.15  
    0.219       403.24          827.33        2719.45         4363.33         4680.55  
    0.225       401.11          831.87        2725.19         4209.84         4676.24  
    0.231       398.89          832.65        2729.52         4074.77         4666.86  
    0.238       396.61          830.46        2758.70         4010.26         4654.47  
    0.244       394.86          829.96        2766.81         3952.58         4653.29  
    0.250       393.63          831.49        2747.37         4105.64         4666.34  
    0.256       389.40          832.52        2748.67         4265.07         4670.76  
    0.263       382.86          838.10        2759.08         4371.47         4652.83  
    0.269       380.87          846.33        2751.00         4443.96         4632.71  
    0.275       381.84          849.98        2742.95         4424.74         4633.11  
    0.281       382.01          851.25        2718.01         4502.62         4630.20  
    0.288       382.89          848.10        2673.49         4549.44         4639.60  
    0.294       387.04          840.25        2648.13         4361.04         4690.26  
    0.300       396.04          822.75        2636.33         4211.24         4752.87  
    0.306       405.74          808.64        2627.48         4209.52         4756.18  
    0.312       415.35          790.52        2621.89         4357.02         4739.23  
    0.319       422.22          807.27        2613.46         4341.78         4738.44  
    0.325       429.83          850.45        2597.93         4090.81         4729.73  
    0.331       435.82          877.33        2575.89         3905.00         4731.01  
    0.338       439.59          904.26        2563.69         3856.32         4739.78  
    0.344       434.82          948.29        2548.29         3894.82         4743.56  
    0.350       412.09          994.86        2513.84         3962.17         4753.55  
    0.356       386.68          1044.51        2497.26         4024.68         4804.05  
    0.363       378.60          1083.74        2507.20         4024.41         4865.52  
    0.369       388.74          1126.64        2516.98         4061.28         4894.26  
    0.375       402.97          1161.16        2511.98         4032.06         4909.86  
    0.381       408.25          1148.57        2492.85         3897.17         4889.68  
    0.388       403.99          1132.49        2482.18         3828.33         4836.37  
    0.394       405.83          1160.82        2490.23         3872.43         4801.62  
    0.400       412.80          1200.99        2501.34         4033.11         4797.37  
    0.406       412.13          1219.55        2504.26         4114.01         4834.14  
    0.413       408.34          1224.48        2503.85         4050.40         4883.48  
    0.419       407.43          1241.49        2499.27         3989.56         4928.86  
    0.425       410.20          1276.05        2476.73         3924.76         4933.57  
    0.431       413.76          1321.62        2450.62         3871.41         4916.63  
    0.438       415.12          1387.29        2439.37         3905.62         4904.50  
    0.444       411.84          1448.49        2443.62         4018.96         4892.75  
    0.450       401.88          1484.96        2455.35         4118.29         4926.20  
    0.456       395.14          1529.33        2448.68         4051.01         4931.83  
    0.463       390.95          1571.27        2419.43         3957.09         4906.29  
    0.469       384.73          1611.94        2391.62         4028.02         4854.57  
    0.475       382.16          1710.70        2383.85         4212.16         4720.32  
    0.481       382.46          1828.79        2397.48         4245.12         4610.55  
    0.488       383.62          1882.23        2425.63         4112.00         4606.72  
    0.494       382.79          1918.86        2423.02         4020.67         4579.09  
    0.500       380.52          1990.57        2401.84         3989.85         4554.16  
    0.506       380.68          2040.04        2404.32         4079.23         4578.58  
    0.513       383.38          2054.37        2428.68         4251.20         4627.14  
    0.519       387.00          2068.86        2475.11         4354.50         4554.11  
    0.525       387.76          2087.93        2541.67         4164.01         4475.41  
    0.531       371.82          2102.70        2628.57         3960.30         4479.65  
    0.537       342.54          2109.89        2729.30         4013.97         4500.76  
    0.544       314.11          2113.59        2842.74         4128.80         4560.39  
    0.550       294.44          2114.48        2961.13         4195.43         4616.48  
    0.556       310.99          2118.74        3043.87         4215.83         4607.58  
    0.562       336.04          2128.38        3083.25         4226.08         4483.07  
    0.569       333.29          2138.35        3098.40         4200.75         4369.70  
    0.575       298.69          2144.92        3135.04         4191.61         4396.16  
    0.581       274.88          2152.24        3183.93         4209.60         4608.44  
    0.588       272.79          2165.76        3211.53         4205.94         4828.42  
    0.594       258.78          2181.80        3217.37         4181.58         4916.62  
    0.600       257.40          2192.44        3235.11         4169.02         4963.61  
    0.606       262.52          2196.93        3246.18         4185.83         4972.00  
    0.613       268.32          2202.76        3261.09         4206.31         4943.11  
    0.619       282.04          2211.77        3272.98         4198.06         4807.28  
    0.625       291.99          2221.84        3283.19         4183.24         4812.50  
    0.631       298.16          2240.54        3312.39         4162.91         4954.09  
    0.638       292.01          2262.33        3355.29         4170.96         5011.26  
    0.644       275.18          2250.54        3352.45         4186.13         5041.25  
    0.650       262.70          2235.82        3143.76         4185.65         4997.90  
    0.656       255.99          2234.01        3086.25         4184.56         4906.19  
    0.663       256.75          2229.93        3195.80         4177.75         4640.37  
    0.669       266.42          2225.07        3203.16         4176.01         4631.78  
    0.675       280.83          2230.22        3216.33         4195.06         5174.03  
    0.681       288.75          2249.29        3402.21         4243.54         5500.00  
    0.688       285.20          2269.86        3788.15         4166.36         4855.15  
    0.694       285.48          2271.41        3156.95         4192.13         4612.20  
    0.700       294.39          2156.59        2360.32         4309.07         5024.29  
    