0.025       498.12          999.18        2440.61         3485.09         3889.44  
    0.031       498.00          1018.36        2409.44         3478.61         3861.16  
    0.038       495.37          1023.79        2400.00         3486.64         3845.23  
    0.044       491.64          1013.16        2404.05         3515.23         3863.73  
    0.050       489.80          1002.72        2387.27         3480.52         3849.43  
    0.056       490.38          998.52        2371.57         3332.22         3839.21  
    0.062       492.73          999.02        2362.09         3325.39         3859.15  
    0.069       498.54          1003.02        2383.17         3402.37         3897.70  
    0.075       500.52          1006.56        2406.47         3451.71         3942.23  
    0.081       502.02          1011.62        2418.89         3457.14         3935.41  
    0.088       504.66          1020.42        2418.83         3437.75         3898.34  
    0.094       507.29          1026.51        2411.77         3423.01         3892.25  
    0.100       511.70          1031.89        2398.15         3418.93         3907.04  
    0.106       518.71          1043.49        2376.79         3411.76         3887.89  
    0.113       525.29          1075.45        2365.70         3393.21         3850.01  
    0.119       522.56          1135.77        2373.72         3404.64         3855.09  
    0.125       514.80          1172.95        2383.63         3435.14         3895.90  
    0.131       511.10          1189.43        2381.23         3436.53         3905.09  
    0.138       511.42          1214.83        2370.19         3406.39         3884.10  
    0.144       505.34          1283.89        2354.64         3386.66         3866.30  
    0.150       498.37          1337.54        2345.84         3396.12         3880.87  
    0.156       490.56          1416.87        2335.48         3397.08         3876.85  
    0.163       471.74          1527.56        2338.80         3404.64         3855.05  
    0.169       451.36          1610.74        2366.07         3425.16         3843.88  
    0.175       437.82          1661.42        2412.45         3442.54         3843.95  
    0.181       429.48          1716.33        2459.31         3446.52         3861.57  
    0.188       424.41          1796.10        2475.10         3440.56         3872.95  
    0.194       418.27          1915.68        2483.06         3451.33         3829.22  
    0.200       410.77          2004.37        2508.69         3440.88         3772.87  
    0.206       403.39          2060.58        2550.14         3431.04         3758.74  
    0.213       396.74          2119.60        2597.94         3456.36         3753.07  
    0.219       392.61          2154.60        2624.46         3489.99         3656.24  
    0.225       384.39          2154.35        2640.61         3468.03         3692.37  
    0.231       372.26          2149.84        2676.84         3473.96         3769.75  
    0.238       361.51          2165.79        2711.63         3507.07         3776.52  
    0.244       349.71          2185.63        2739.49         3532.58         3817.72  
    0.250       338.69          2182.14        2798.94         3563.53         3935.62  
    0.256       337.68          2201.66        2874.25         3589.86         3987.68  
    0.263       337.54          2206.09        2925.78         3591.08         3984.89  
    0.269       329.69          2207.88        2922.47         3600.98         3980.90  
    