0.025       0          681.41        2728.98         2914.32         3741.28  
    0.031       0          58.56        848.51         2763.96         3657.50  
    0.038       0          616.55        2551.78         2760.34         3721.80  
    0.044       0          686.12        2713.64         2851.28         3638.88  
    0.050       0          615.71        2679.91         2976.27         3550.09  
    0.056       0          612.92        2665.75         3044.46         3495.99  
    0.062       0          623.95        2342.54         2722.72         3452.22  
    0.069       0          53.71        739.83         2782.23         3408.57  
    0.075       0          0        627.23         2869.01         3532.71  
    0.081       420.24          693.24        2707.75         3520.25         5331.96  
    0.088       519.12          582.90        2830.51         3402.92         5500.00  
    0.094       489.38          503.51        2773.11         3312.06         5500.00  
    0.100       465.15          565.36        2743.20         3273.97         5500.00  
    0.106       428.04          708.27        2650.59         3294.70         5500.00  
    0.113       473.71          706.25        2630.60         3297.67         5500.00  
    0.119       496.02          710.40        2611.46         3325.26         5500.00  
    0.125       473.04          830.60        2590.60         3302.07         5500.00  
    0.131       426.02          908.37        2562.36         3308.97         5500.00  
    0.138       425.66          944.60        2565.51         3346.27         5500.00  
    0.144       605.24          752.14        2559.25         3344.56         5500.00  
    0.150       559.22          953.34        2460.65         3333.81         5500.00  
    0.156       481.67          1078.13        2388.60         3359.52         5500.00  
    0.163       473.67          1107.43        2286.13         3305.08         4989.25  
    0.169       430.34          1281.45        2248.37         3331.02         4858.40  
    0.175       399.92          1361.47        2233.41         3356.23         4651.59  
    0.181       398.36          1616.78        2335.44         3374.29         4438.94  
    0.188       388.61          1976.12        2593.21         3408.66         5011.47  
    0.194       370.39          2156.92        2751.37         3436.44         5462.79  
    0.200       352.63          2175.27        2666.75         3449.14         4827.30  
    0.206       339.43          2129.80        2627.23         3455.38         4721.43  
    0.213       333.05          2082.44        2638.63         3467.57         4820.45  
    0.219       332.10          2037.73        2711.97         3481.80         4737.31  
    0.225       330.55          2028.92        2760.61         3526.57         4944.53  
    0.231       329.88          2030.08        2755.45         3560.28         5063.24  
    0.238       330.94          2032.36        2778.20         3565.24         5265.68  
    0.244       334.44          2047.78        2856.05         3548.73         5481.42  
    0.250       338.32          2044.44        2841.34         3534.99         5500.00  
    0.256       341.35          2077.55        2839.67         3545.19         5500.00  
    0.263       341.96          2095.47        2854.53         3558.55         5500.00  
    0.269       345.70          2068.16        2873.10         3607.54         5500.00  
    0.275       344.14          2098.72        2885.09         3611.14         5500.00  
    0.281       341.95          2131.52        2935.54         3607.68         5500.00  
    0.288       337.47          2162.29        2947.38         3612.41         5500.00  
    0.294       330.79          2167.30        2950.86         3620.49         5500.00  
    0.300       326.50          2165.70        2974.57         3646.24         5500.00  
    0.306       322.33          2177.84        2983.27         3673.02         5500.00  
    0.312       316.08          2171.72        2950.38         3680.53         5500.00  
    0.319       311.05          2194.35        2951.64         3686.98         5500.00  
    0.325       304.58          2218.98        2967.75         3694.04         5500.00  
    0.331       295.39          2218.04        3039.50         3713.83         5293.75  
    0.338       295.94          2230.24        3140.42         3731.54         5480.61  
    0.344       25.44          440.51        2352.18         3527.99         4335.12  
    0.350       0          256.38        2275.20         3444.95         4233.62  
    0.356       0          269.07        2284.07         3688.40         4071.77  
    