0.025       369.13          772.76        2509.47         4514.44         4623.84  
    0.031       364.70          780.78        2523.08         4319.17         4605.84  
    0.038       360.34          794.85        2525.35         4131.07         4602.49  
    0.044       356.72          800.20        2518.80         4200.85         4561.85  
    0.050       352.74          795.83        2473.02         4249.01         4631.53  
    0.056       350.32          792.23        2440.18         4135.11         4671.32  
    0.062       348.54          790.74        2425.97         4055.86         4667.05  
    0.069       345.73          789.70        2425.66         4046.55         4696.14  
    0.075       343.98          792.20        2427.13         4055.19         4724.42  
    0.081       344.44          799.92        2507.27         4079.85         4650.12  
    0.088       345.87          801.44        2576.42         4016.19         4667.71  
    0.094       349.38          815.30        2567.86         3993.95         4680.32  
    0.100       354.33          832.25        2535.31         3978.28         4652.13  
    0.106       360.44          830.55        2514.29         3987.00         4660.93  
    0.113       365.27          821.51        2517.75         4022.13         4703.17  
    0.119       366.66          818.06        2497.17         4046.74         4686.23  
    0.125       368.09          826.47        2463.24         4036.81         4647.58  
    0.131       368.71          821.99        2452.02         4030.17         4632.41  
    0.138       368.85          819.73        2464.52         4017.14         4629.02  
    0.144       368.44          820.36        2486.65         4002.38         4658.43  
    0.150       368.21          838.22        2509.35         4059.65         4728.38  
    0.156       369.59          858.84        2490.87         4125.95         4755.16  
    0.163       371.62          879.93        2459.35         4123.71         4769.12  
    0.169       373.38          897.87        2462.19         4067.41         4777.73  
    0.175       374.10          909.67        2511.59         4013.55         4728.43  
    0.181       373.08          921.25        2478.90         4025.00         4683.09  
    0.188       371.60          964.83        2400.59         4066.16         4677.24  
    0.194       369.03          1005.82        2365.49         4071.40         4676.93  
    0.200       366.44          1027.58        2330.15         4103.55         4741.75  
    0.206       362.85          1086.21        2301.86         4140.95         4761.75  
    0.213       357.03          1197.48        2284.38         4112.23         4710.06  
    0.219       349.18          1348.79        2284.66         4073.51         4703.23  
    0.225       341.10          1505.30        2298.03         4034.79         4739.46  
    0.231       333.97          1636.98        2309.03         4027.02         4740.52  
    0.238       329.00          1745.23        2311.06         3988.41         4714.84  
    0.244       325.07          1891.36        2311.21         3951.85         4734.13  
    0.250       321.14          2041.59        2341.37         3961.31         4691.77  
    0.256       318.15          2260.25        2349.97         3943.50         4698.52  
    0.263       319.69          2322.51        2495.32         3900.85         4766.03  
    0.269       323.00          2331.06        2682.92         3915.94         4793.60  
    0.275       327.14          2362.96        2782.63         3915.49         4772.01  
    0.281       333.82          2397.22        2692.43         3978.24         4750.42  
    0.288       339.86          2389.55        2870.20         3996.44         4793.14  
    0.294       337.57          2380.71        2956.54         3939.39         4934.51  
    0.300       335.20          2380.85        2880.82         3893.91         4865.98  
    0.306       341.32          2395.98        3602.35         4093.50         4495.43  
    0.312       101.88          946.29        2886.01         3992.11         4056.58  
    0.319       213.26          1777.37        3068.58         3949.02         4649.87  
    0.325       281.65          2380.69        3013.81         3964.27         4869.89  
    0.331       276.53          2413.64        2861.87         3963.20         4824.69  
    0.338       273.08          2517.92        3158.82         3884.11         4808.56  
    