0.025       0          628.63        2624.74         2977.90         3769.42  
    0.031       0          548.27        2606.42         3003.73         3755.32  
    0.038       0          572.89        2626.97         2855.89         3694.81  
    0.044       0          542.19        2652.27         2730.93         3630.68  
    0.050       0          532.12        2503.20         2775.98         3627.71  
    0.056       0          531.80        1490.24         2787.37         3672.03  
    0.062       498.34          609.88        2786.51         3656.74         5460.64  
    0.069       10.97          513.30        2422.60         2825.40         3621.77  
    0.075       0          492.69        2719.10         3028.87         3417.40  
    0.081       0          10.60        559.12         2682.56         3381.64  
    0.088       502.95          600.31        2527.58         3344.01         5454.35  
    0.094       519.39          619.58        2548.21         3317.23         5500.00  
    0.100       526.15          686.20        2530.31         3320.58         5500.00  
    0.106       604.65          751.20        2511.07         3276.26         5500.00  
    0.113       472.23          904.92        2488.92         3300.19         4582.05  
    0.119       478.10          982.93        2451.62         3326.31         4062.52  
    0.125       482.22          1071.95        2372.87         3295.03         4100.78  
    0.131       10.39          23.13        1113.97         2365.85         3341.02  
    0.138       0          0        1119.10         2289.92         3332.96  
    0.144       282.53          1171.72        2209.50         3250.71         4438.42  
    0.150       146.10          1287.74        2213.48         3330.46         4404.34  
    0.156       268.69          1363.83        2215.58         3361.28         4308.29  
    0.163       5.85          29.41        1513.34         2292.91         3412.15  
    0.169       0          0        1629.49         2365.78         3416.24  
    0.175       0          0        1878.29         2430.37         3434.16  
    0.181       281.69          1944.05        2493.36         3421.64         4263.03  
    0.188       271.87          2007.42        2531.91         3445.88         4336.55  
    0.194       247.34          2007.98        2568.15         3460.94         4375.57  
    0.200       299.15          2001.26        2657.36         3478.82         4364.46  
    0.206       280.48          2009.13        2714.06         3535.13         4574.48  
    0.213       305.89          2018.72        2731.44         3571.16         4841.72  
    0.219       332.83          2030.62        2771.67         3566.83         5025.28  
    0.225       341.67          2047.05        2832.35         3552.99         5489.86  
    0.231       346.20          2039.81        2802.08         3546.47         5500.00  
    0.238       349.19          2094.19        2819.83         3572.67         5341.43  
    0.244       351.85          2081.09        2831.82         3604.83         5496.51  
    0.250       354.76          2056.72        2853.55         3619.78         5500.00  
    0.256       351.75          2098.95        2876.96         3610.21         5500.00  
    0.263       351.07          2124.63        2929.33         3614.00         5500.00  
    0.269       346.43          2162.21        2923.61         3619.82         5500.00  
    0.275       329.10          2147.28        2932.81         3629.96         5500.00  
    0.281       290.72          2154.07        2974.58         3657.38         5351.52  
    0.288       292.10          2159.73        2963.73         3676.65         5496.73  
    0.294       312.98          2168.79        2946.68         3683.45         5449.14  
    0.300       315.71          2190.14        2956.44         3689.02         5434.04  
    0.306       305.60          2215.17        3008.58         3700.50         4985.85  
    0.312       296.14          2215.73        3123.61         3722.32         5103.06  
    0.319       285.80          2230.32        3426.35         3795.65         5491.51  
    0.325       235.28          2227.69        3554.73         4207.17         5500.00  
    0.331       5.04          289.49        2247.67         3665.78         4230.75  
    