0.025       0          648.53        1014.91         3381.30         5203.09  
    0.031       0          595.87        967.21         3368.02         5168.29  
    0.038       0          601.37        994.79         3414.37         4416.98  
    0.044       0          642.94        1041.91         3462.23         3968.74  
    0.050       0          659.09        1040.71         3468.34         4073.16  
    0.056       364.88          853.91        2006.22         3639.85         4886.21  
    0.062       659.12          957.39        2645.97         3809.40         5500.00  
    0.069       735.49          863.82        2551.42         3831.56         5500.00  
    0.075       341.99          661.46        1555.02         3015.84         4545.88  
    0.081       0          684.30        802.25         2305.41         3810.82  
    0.088       460.11          806.50        1556.20         3068.66         4765.11  
    0.094       815.40          894.97        2116.33         3685.08         5500.00  
    0.100       811.03          1136.71        2172.40         3737.32         5500.00  
    0.106       785.92          1351.63        2361.58         3886.93         5500.00  
    0.113       760.36          1459.90        2499.07         3931.26         5500.00  
    0.119       744.15          1548.73        2506.41         3898.80         5500.00  
    0.125       709.36          1582.79        2512.21         3911.98         5500.00  
    0.131       673.07          1546.02        2540.81         3886.80         5500.00  
    0.138       666.37          1578.55        2600.81         3913.43         5500.00  
    0.144       291.41          1094.87        2143.90         3317.35         4725.69  
    0.150       0          685.62        1745.96         2814.67         4117.26  
    0.156       0          685.08        1781.75         2913.22         4088.31  
    0.163       389.26          1351.12        2343.32         3586.49         4879.55  
    0.169       696.93          1784.89        2456.31         3981.07         5500.00  
    0.175       712.11          1589.22        2257.46         4004.72         5500.00  
    0.181       734.73          1391.17        2293.76         3981.88         5500.00  
    0.188       752.55          1234.47        2349.73         3872.64         5500.00  
    0.194       773.30          1115.94        2382.45         3868.98         5500.00  
    0.200       341.79          467.46        1498.56         2977.90         4626.51  
    0.206       429.10          635.86        1653.48         3219.67         4827.71  
    0.213       734.08          1199.99        2335.47         3918.43         5500.00  
    0.219       697.00          1329.98        2409.45         3916.14         5500.00  
    0.225       673.31          1486.34        2564.49         4114.03         5500.00  
    0.231       655.71          1527.06        2701.23         4232.52         5500.00  
    0.238       622.31          1498.18        2716.46         4012.51         5500.00  
    0.244       564.70          1482.26        2755.43         3862.75         5500.00  
    0.250       518.89          1498.17        2803.48         3904.54         5500.00  
    0.256       505.21          1549.38        2776.69         3983.15         5500.00  
    0.263       219.47          965.88        2139.98         3413.59         4719.23  
    0.269       0          488.83        1695.30         2953.38         4043.51  
    0.275       266.08          1212.36        2268.44         3515.40         4841.50  
    0.281       474.16          1918.04        2734.50         3988.01         5500.00  
    0.288       207.32          1156.79        2416.89         3637.79         4818.74  
    0.294       0          477.96        2152.59         3346.63         4359.00  
    0.300       0          451.38        2170.58         3315.03         4357.28  
    0.306       0          438.63        2186.37         3495.87         4044.81  
    0.312       0          438.95        2174.79         3615.24         3932.97  
    0.319       0          422.45        2140.06         3483.65         3972.60  
    0.325       0          404.18        2154.72         3450.83         3948.04  
    0.331       0          399.90        2194.59         3564.04         4020.43  
    0.338       0          398.89        2184.07         3621.07         4037.24  
    0.344       218.16          1440.08        2995.88         3835.85         4851.41  
    0.350       167.91          1184.96        2867.25         3775.46         4840.12  
    0.356       204.98          1440.67        3029.43         4092.32         4992.12  
    0.363       157.76          1188.92        2842.27         3974.82         4843.32  
    0.369       0          359.08        2263.78         3597.74         4657.11  
    0.375       191.83          1421.02        3019.05         4168.37         5240.26  
    0.381       147.65          1164.41        2807.38         4048.50         4748.42  
    0.388       0          346.03        2244.38         3609.48         4212.30  
    0.394       0          351.03        2276.15         3593.46         4184.80  
    0.400       0          358.95        2260.94         3598.15         4096.61  
    0.406       0          369.78        2252.20         3617.71         4094.59  
    0.413       0          382.35        2253.72         3638.14         4506.13  
    0.419       0          381.37        2231.55         3653.94         5197.71  
    0.425       0          365.62        2095.08         3669.51         4716.01  
    0.431       0          377.08        2069.83         3675.21         4130.79  
    0.438       0          397.39        2132.72         3685.34         4196.91  
    0.444       0          402.35        2127.61         3692.29         4099.85  
    0.450       0          407.67        2147.00         3668.84         4014.61  
    0.456       0          409.68        2160.93         3660.38         4093.24  
    0.463       0          404.34        2132.42         3672.16         4129.69  
    