0.025       452.09          948.12        2527.81         4086.58         4740.32  
    0.031       444.29          939.36        2557.82         4073.15         4700.37  
    0.038       426.03          929.72        2580.59         4060.06         4590.44  
    0.044       417.61          938.16        2584.27         4010.16         4569.61  
    0.050       414.34          953.77        2583.57         4015.34         4585.22  
    0.056       411.11          965.89        2593.48         4058.24         4652.08  
    0.062       410.56          972.72        2640.72         4045.01         4592.00  
    0.069       415.33          984.43        2678.19         4048.64         4485.93  
    0.075       420.64          985.92        2637.95         4054.00         4509.31  
    0.081       427.85          975.94        2632.97         4055.06         4516.11  
    0.088       434.55          992.99        2677.83         4073.53         4459.50  
    0.094       437.59          1016.11        2607.29         4059.27         4356.35  
    0.100       438.75          1011.89        2584.35         4030.15         4356.70  
    0.106       433.14          994.73        2598.70         3975.70         4391.69  
    0.113       427.74          980.19        2611.96         3965.82         4427.38  
    0.119       419.44          980.40        2618.60         3974.84         4454.15  
    0.125       413.65          982.59        2631.47         4002.56         4448.58  
    0.131       406.04          979.33        2628.63         3984.54         4430.34  
    0.138       401.04          972.53        2625.51         3963.62         4430.13  
    0.144       412.56          955.04        2647.29         4010.02         4484.68  
    0.150       417.50          941.66        2662.24         4044.07         4497.17  
    0.156       420.04          928.12        2672.68         4041.29         4492.86  
    0.163       436.54          879.28        2679.17         4066.78         4541.83  
    0.169       493.13          781.98        2777.38         4080.27         4549.05  
    0.175       450.02          950.18        3113.42         4074.09         4414.41  
    0.181       450.56          959.89        3188.13         4029.91         4456.71  
    0.188       447.85          1009.41        3301.00         4005.14         4492.79  
    0.194       444.47          1026.16        3218.98         3971.43         4533.06  
    0.200       442.42          1013.39        2954.39         3979.99         4550.18  
    0.206       459.18          1005.80        3045.15         3990.13         4491.49  
    0.213       612.33          799.63        2906.80         4031.31         4316.61  
    0.219       562.22          769.72        2653.36         4032.75         4295.15  
    0.225       460.00          1258.74        2838.91         3964.18         4364.65  
    0.231       413.59          1343.37        2896.37         3895.31         4429.44  
    0.238       397.42          1410.62        2844.56         3934.45         4460.81  
    0.244       393.27          1520.44        2918.36         3958.42         4437.09  
    0.250       388.96          1597.65        2981.81         4001.98         4330.97  
    0.256       386.69          1735.77        2928.09         3952.50         4358.63  
    0.263       383.90          1847.71        2898.86         3927.48         4397.18  
    0.269       386.62          1988.54        2746.67         3957.55         4401.52  
    0.275       393.28          2335.22        2830.50         3929.43         4273.34  
    0.281       384.66          2460.76        2561.01         3900.12         4353.29  
    0.288       389.88          2532.53        2839.81         3907.35         4355.16  
    0.294       376.32          2524.79        3375.10         3895.17         4361.65  
    0.300       345.95          2546.61        3579.51         3920.77         4392.26  
    0.306       333.91          2574.66        3604.55         3955.62         4356.13  
    0.312       327.43          2595.51        3615.38         3989.91         4268.83  
    0.319       329.06          2615.96        3548.33         3945.39         4368.89  
    0.325       328.28          2643.47        3531.42         3931.07         4417.25  
    0.331       314.53          2646.94        3283.76         3986.25         4475.36  
    0.338       300.73          2592.58        3240.90         4019.52         4490.93  
    0.344       291.53          2523.56        3304.41         3979.67         4419.76  
    0.350       293.56          2454.07        3125.72         3922.58         4395.65  
    0.356       285.20          2492.73        3063.05         3939.84         4426.74  
    