0.025       421.28          773.73        1994.78         4147.54         4846.93  
    0.031       92.38          494.74        1084.21         4043.99         4771.49  
    0.038       0          411.92        846.02         4042.06         4707.94  
    0.044       0          399.49        843.73         4097.68         4668.85  
    0.050       0          389.45        830.40         4260.04         4680.73  
    0.056       0          385.29        823.33         4450.82         4705.33  
    0.062       0          387.64        825.27         4358.83         4734.42  
    0.069       0          392.42        822.19         4209.17         4728.53  
    0.075       304.81          712.32        2017.72         4334.43         4740.63  
    0.081       392.09          803.85        2444.81         4355.81         4732.68  
    0.088       395.09          801.22        2517.34         4255.83         4728.91  
    0.094       397.57          801.92        2542.12         4242.39         4720.33  
    0.100       399.95          816.59        2562.54         4166.74         4711.12  
    0.106       396.21          834.88        2671.50         4175.09         4709.91  
    0.113       387.19          837.94        2596.06         4178.52         4674.45  
    0.119       84.42          483.35        1229.42         4142.58         4676.81  
    0.125       292.79          744.93        2245.57         4131.94         4752.74  
    0.131       375.22          877.66        2640.49         4111.08         4750.14  
    0.138       378.14          939.69        2524.71         4093.09         4690.79  
    0.144       374.60          963.51        2542.68         4114.60         4657.17  
    0.150       376.04          982.15        2519.69         4267.37         4631.87  
    0.156       379.55          1025.66        2126.53         4300.35         4730.54  
    0.163       374.60          1086.64        2211.65         4284.62         4735.56  
    0.169       366.10          1115.92        2291.42         4297.12         4777.13  
    0.175       363.81          1151.52        2096.91         4339.29         4873.90  
    0.181       360.81          1296.82        2027.63         4345.20         4909.25  
    0.188       350.87          1402.58        2129.26         4337.28         4868.25  
    0.194       343.43          1496.90        2088.72         4301.57         4747.33  
    0.200       336.49          1631.73        2083.85         4309.70         4821.76  
    0.206       327.36          1726.76        2176.82         4279.61         4856.15  
    0.213       322.20          1768.76        2238.05         4235.40         4851.30  
    0.219       317.83          1799.77        2293.59         4182.38         4728.66  
    0.225       314.30          1813.19        2328.35         4139.57         4664.57  
    0.231       312.57          1828.85        2341.22         4145.54         4798.08  
    0.238       312.08          1905.71        2342.26         4185.34         4796.57  
    0.244       310.90          2055.59        2270.81         4161.72         4780.28  
    0.250       310.75          2127.23        2236.10         4147.76         4767.55  
    0.256       310.87          2138.02        2239.67         4113.25         4786.64  
    0.263       313.38          2202.76        2246.89         4093.10         4869.70  
    0.269       316.92          2236.51        2473.82         4090.25         4830.05  
    0.275       320.53          2235.93        2498.78         4122.93         4775.37  
    0.281       323.26          2255.45        2631.36         4199.01         4798.84  
    0.288       71.00          747.53        2364.19         4259.48         4787.24  
    0.294       0          318.54        2295.18         4168.18         4400.02  
    0.300       0          302.35        2311.24         4178.28         4414.58  
    0.306       0          281.90        2294.61         4207.73         4304.75  
    0.312       0          271.26        2256.11         4071.72         4330.19  
    0.319       199.17          1829.04        3683.35         4273.54         5247.55  
    0.325       241.22          2297.78        4193.42         4380.12         5500.00  
    0.331       232.37          2311.44        4223.06         4385.45         5500.00  
    