0.025       456.20          872.32        2638.84         3555.75         4370.42  
    0.031       453.34          872.21        2647.19         3461.78         4468.37  
    0.038       458.88          871.67        2646.86         3356.54         4580.24  
    0.044       462.68          872.75        2685.72         3377.25         4605.60  
    0.050       456.88          860.35        2646.52         3337.85         4600.50  
    0.056       445.93          841.39        2569.74         3226.16         4556.54  
    0.062       433.03          816.58        2506.40         3235.51         4528.45  
    0.069       424.02          808.74        2512.78         3263.20         4546.81  
    0.075       418.73          820.96        2516.39         3194.82         4504.42  
    0.081       414.36          833.29        2503.26         3201.33         4503.33  
    0.088       412.14          854.87        2496.94         3223.71         4564.02  
    0.094       409.44          883.33        2557.51         3246.84         4547.40  
    0.100       409.14          921.58        2669.65         3258.61         4476.98  
    0.106       405.90          954.50        2684.78         3324.43         4444.37  
    0.113       403.19          975.27        2636.53         3342.87         4401.05  
    0.119       396.17          989.18        2605.76         3318.77         4388.09  
    0.125       390.67          1055.01        2591.08         3309.53         4393.74  
    0.131       381.31          1111.92        2683.43         3336.64         4380.97  
    0.138       375.35          1131.50        2640.39         3349.16         4307.13  
    0.144       371.63          1213.12        2583.45         3390.88         4248.01  
    0.150       370.90          1386.22        2543.04         3537.26         4206.30  
    0.156       365.25          1705.19        2501.23         3617.20         3826.78  
    0.163       51.55          555.75        2459.93         2850.72         3833.83  
    0.169       284.45          2116.40        2595.44         3165.90         3928.20  
    0.175       318.32          2377.68        2653.37         3679.27         3890.22  
    0.181       44.74          598.25        2476.40         2876.18         3829.42  
    0.188       0          277.21        2423.18         2829.66         3809.97  
    0.194       0          245.05        2399.71         2906.74         3913.59  
    0.200       0          230.84        2481.29         2992.63         3903.90  
    0.206       208.05          2146.03        2938.99         3722.23         4924.14  
    0.213       263.85          2480.30        3048.89         3586.08         4088.56  
    0.219       279.56          2586.12        2921.90         3668.54         3847.47  
    0.225       287.89          2532.12        2944.85         3810.58         4684.84  
    0.231       40.88          610.14        2654.24         3123.64         4031.36  
    0.238       0          295.69        2614.81         2977.44         3954.36  
    0.244       249.41          2195.55        2873.19         3504.06         3953.02  
    0.250       287.31          2492.12        2966.31         3795.04         3921.61  
    0.256       295.09          2569.91        3039.20         3839.10         5275.97  
    0.263       41.95          619.33        2616.52         3168.60         3991.72  
    0.269       0          283.06        2591.24         3118.17         3789.97  
    0.275       0          276.81        2692.81         3151.12         3850.96  
    0.281       0          288.60        2712.02         3185.50         3873.44  
    0.288       0          274.77        2707.19         3197.69         3920.49  
    0.294       0          243.77        2720.09         3162.49         3917.90  
    0.300       0          219.32        2678.08         3128.13         3938.83  
    