0.025       435.75          729.39        2668.46         3520.50         5296.82  
    0.031       440.42          737.23        2638.16         3512.96         5135.23  
    0.038       447.65          749.38        2623.19         3534.34         5140.30  
    0.044       455.23          764.98        2627.04         3526.84         5277.12  
    0.050       462.24          779.03        2643.30         3537.33         5247.95  
    0.056       468.78          799.46        2665.93         3540.92         5484.24  
    0.062       476.01          832.00        2675.64         3538.71         5500.00  
    0.069       480.61          895.45        2673.17         3530.00         5369.39  
    0.075       480.27          1009.53        2667.75         3516.75         5343.54  
    0.081       482.52          1067.00        2655.44         3508.68         5352.10  
    0.088       486.20          1126.72        2632.82         3519.03         5295.59  
    0.094       489.61          1187.50        2603.06         3546.01         5105.85  
    0.100       494.00          1226.47        2615.57         3564.30         5474.84  
    0.106       500.26          1321.43        2626.89         3542.51         5500.00  
    0.113       505.09          1496.25        2621.60         3545.48         5500.00  
    0.119       508.50          1583.22        2621.13         3545.36         5066.94  
    0.125       504.15          1635.26        2601.50         3512.19         4940.25  
    0.131       490.98          1731.48        2596.79         3478.77         5464.95  
    0.138       445.53          2052.40        2614.05         3478.90         5500.00  
    0.144       404.65          2169.60        2646.72         3506.70         5500.00  
    0.150       386.52          2196.10        2655.13         3517.95         5500.00  
    0.156       371.34          2196.02        2658.73         3497.68         5500.00  
    0.163       369.74          2219.68        2684.62         3480.18         5500.00  
    0.169       370.11          2239.42        2735.68         3507.86         5500.00  
    0.175       372.41          2255.15        2803.20         3540.78         5500.00  
    0.181       381.88          2271.36        2814.32         3568.73         5500.00  
    0.188       397.87          2270.95        2803.86         3542.11         5500.00  
    0.194       411.87          2304.90        2784.66         3568.63         5500.00  
    0.200       397.15          2288.40        2753.86         3646.58         5500.00  
    0.206       394.39          2327.04        2834.71         3632.96         5500.00  
    0.213       24.41          528.97        2379.27         2906.19         3731.99  
    0.219       0          402.37        2386.19         2860.00         3622.02  
    