0.025       320.27          746.78        2610.49         3380.14         5149.72  
    0.031       349.04          780.07        2634.84         3399.29         5142.96  
    0.038       413.29          756.59        2632.18         3385.05         5173.92  
    0.044       115.32          198.14        1257.29         2842.55         3851.43  
    0.050       266.35          595.35        2127.21         3160.50         4741.13  
    0.056       403.50          835.36        2604.62         3340.53         5230.45  
    0.062       439.35          855.33        2593.30         3370.78         5170.73  
    0.069       483.70          826.38        2622.80         3386.47         5059.78  
    0.075       503.92          765.88        2674.45         3334.79         5031.45  
    0.081       492.75          743.26        2676.89         3307.43         5010.31  
    0.088       479.04          743.60        2718.92         3313.86         5005.62  
    0.094       458.31          766.72        2691.66         3328.56         5059.59  
    0.100       440.56          778.01        2676.36         3333.43         5095.21  
    0.106       510.63          628.89        2670.03         3362.10         5122.18  
    0.113       421.26          593.27        2668.64         3402.57         5174.02  
    0.119       100.98          159.91        1170.31         2845.75         3892.83  
    0.125       0          0        635.22         2613.41         3406.80  
    0.131       0          0        628.49         2586.86         3361.92  
    0.138       0          0        619.59         2567.34         3330.91  
    0.144       0          0        622.71         2568.81         3297.24  
    0.150       0          451.99        2052.40         3079.82         4643.88  
    0.156       0          164.17        1121.82         2766.77         3766.32  
    0.163       0          0        593.65         2615.19         3254.84  
    0.169       0          0        589.60         2591.69         3237.31  
    0.175       0          0        588.64         2526.09         3229.54  
    0.181       0          447.58        1970.73         3037.28         4666.39  
    0.188       0          631.59        2472.03         3235.77         5223.15  
    0.194       0          661.81        2467.02         3243.48         5228.88  
    0.200       0          681.08        2473.05         3252.74         5227.56  
    0.206       0          700.21        2484.87         3277.77         5248.12  
    0.213       0          721.63        2489.19         3271.55         5257.42  
    0.219       0          752.45        2483.66         3238.83         5236.37  
    0.225       0          787.69        2471.87         3210.43         5217.88  
    0.231       0          821.48        2438.12         3202.10         5182.70  
    0.238       0          849.52        2363.84         3200.71         5114.59  
    0.244       0          876.41        2322.10         3199.93         5034.87  
    0.250       0          916.28        2300.86         3202.67         5134.05  
    0.256       0          948.27        2296.48         3216.50         5159.39  
    0.263       0          254.61        1340.36         2529.45         3796.28  
    0.269       0          0        1067.18         2252.09         3339.90  
    0.275       0          0        1145.14         2234.30         3341.59  
    0.281       0          0        1202.35         2218.57         3349.74  
    0.288       0          0        1283.85         2208.96         3375.82  
    0.294       0          0        1322.63         2188.95         3389.70  
    0.300       0          994.57        1982.17         3075.07         4342.39  
    0.306       0          361.24        1802.32         2597.41         3743.05  
    0.312       217.61          1446.18        2218.83         3121.22         4940.47  
    0.319       260.08          1979.62        2479.46         3428.80         5500.00  
    0.325       65.76          528.24        2136.21         2805.45         3994.79  
    0.331       192.54          1484.29        2468.68         3237.75         4697.67  
    0.338       306.20          2051.20        2640.32         3464.05         5193.97  
    0.344       333.62          2043.45        2644.86         3455.29         5203.77  
    0.350       339.06          2040.32        2661.29         3443.16         5252.20  
    0.356       336.11          2058.01        2817.64         3444.12         5239.24  
    0.363       326.10          2072.97        3006.19         3450.61         5202.17  
    0.369       326.61          2071.49        2981.72         3455.85         5220.03  
    0.375       333.29          2071.31        2858.77         3457.50         5212.70  
    0.381       333.76          2069.56        2901.68         3471.11         5187.07  
    0.388       336.95          2070.02        2945.15         3508.81         5201.09  
    0.394       337.15          2080.40        2894.45         3529.90         5225.50  
    0.400       333.89          2092.17        2882.18         3570.37         5176.55  
    0.406       331.81          2133.06        2918.00         3661.00         5170.89  
    0.413       329.57          2167.45        2885.93         3685.79         5200.53  
    0.419       323.12          2193.00        3160.50         3718.33         5422.57  
    0.425       276.75          2201.35        3524.71         3696.60         5500.00  
    0.431       69.45          742.75        2590.73         3642.46         4862.25  
    