0.025       651.06          1250.89        2588.68         3591.10         4327.75  
    0.031       649.29          1249.26        2644.93         3621.36         4298.95  
    0.038       645.79          1245.24        2672.40         3632.13         4266.73  
    0.044       641.10          1244.83        2644.20         3595.65         4252.49  
    0.050       636.49          1249.08        2640.75         3590.58         4300.37  
    0.056       631.74          1251.44        2639.19         3613.49         4377.85  
    0.062       626.09          1260.72        2632.08         3607.77         4404.22  
    0.069       619.72          1265.60        2511.11         3590.14         4360.67  
    0.075       611.31          1301.95        2511.50         3484.36         4248.22  
    0.081       600.57          1384.42        2757.50         3269.87         4052.93  
    0.088       93.02          707.80        1660.01         3150.53         3905.21  
    0.094       0          517.97        1449.65         2937.72         3808.43  
    0.100       0          482.93        1310.95         2851.25         4023.15  
    0.106       0          449.00        1266.50         3073.62         4189.76  
    0.113       0          395.70        1282.50         3228.90         4139.51  
    0.119       204.94          1124.69        2645.08         3632.60         4736.85  
    0.125       368.50          1196.42        2571.64         3765.88         4791.69  
    0.131       60.83          633.39        1466.11         3245.50         4221.13  
    0.138       0          654.08        1701.89         3034.62         4049.56  
    0.144       0          663.47        2021.52         2788.27         4048.66  
    0.150       0          654.02        2114.07         2849.63         4168.99  
    0.156       0          634.99        2060.07         2958.42         4192.60  
    0.163       0          587.14        2212.40         3083.16         3801.37  
    0.169       0          653.56        2149.38         3087.88         3592.06  
    0.175       697.52          1900.61        2971.11         3493.24         4581.48  
    0.181       777.34          2174.24        3253.16         3721.24         4853.99  
    0.188       119.36          2166.98        2704.53         3495.83         4162.22  
    0.194       0          2137.51        2652.23         3643.57         4112.02  
    0.200       232.60          2346.97        3061.48         3938.18         4639.41  
    0.206       313.02          2230.81        2794.23         3931.67         4498.18  
    0.213       328.83          2211.19        2708.79         3848.99         4075.06  
    0.219       339.14          2219.87        2704.11         3702.80         3945.65  
    0.225       352.97          2229.51        2718.22         3669.91         4209.47  
    0.231       362.81          2235.10        2746.42         3650.22         4403.45  
    0.238       366.04          2247.87        2754.88         3652.71         4151.63  
    0.244       356.74          2274.67        2803.01         3642.80         4201.88  
    0.250       352.25          2303.36        2846.90         3620.06         4420.22  
    0.256       373.83          2299.30        2837.41         3584.34         4491.97  
    0.263       381.10          2277.91        2827.31         3571.79         4682.91  
    0.269       384.85          2284.54        2813.26         3512.14         4804.93  
    0.275       390.64          2317.77        2840.60         3517.74         4726.29  
    0.281       395.46          2344.87        2787.27         3513.80         4635.87  
    0.288       396.40          2342.04        2739.42         3501.11         4531.94  
    0.294       388.94          2300.84        2713.04         3502.55         4570.50  
    