0.025       0          2370.71        3063.72         3485.70         4776.20  
    0.031       0          2316.03        3003.22         3898.80         4843.85  
    0.038       0          2358.04        3002.17         3912.70         4835.56  
    0.044       0          2268.39        2738.25         3383.79         4632.15  
    0.050       0          2223.65        2747.06         3565.33         4700.02  
    0.056       0          2212.86        2701.63         3403.17         4830.60  
    0.062       0          2094.83        2723.45         3314.43         4832.25  
    0.069       0          2173.76        2830.69         3562.46         4937.37  
    0.075       1712.88          2239.02        2890.35         4209.48         5109.16  
    0.081       1840.16          2256.57        2980.16         4443.93         5488.11  
    0.088       1776.09          2321.88        3044.27         4205.36         5029.55  
    0.094       1693.46          2428.10        3143.94         4688.97         5485.03  
    0.100       52.15          1845.27        2543.21         3343.04         4741.41  
    0.106       0          1529.71        2443.63         3319.58         4747.35  
    0.113       1319.60          2336.58        3265.46         4789.37         5003.67  
    0.119       1138.97          2266.91        2886.98         4456.69         5484.94  
    0.125       34.91          871.65        2196.94         3020.19         4236.10  
    0.131       718.04          1940.75        2874.49         4092.76         5459.78  
    0.138       796.19          2116.59        2654.93         4085.73         5500.00  
    0.144       24.61          892.99        2251.67         2462.01         4054.65  
    0.150       0          895.36        2292.34         3257.03         4052.40  
    0.156       0          441.60        2356.16         3449.81         4089.90  
    0.163       0          530.39        2388.56         3041.37         4131.30  
    0.169       500.74          520.26        2539.72         3615.95         5457.83  
    0.175       482.93          529.09        2854.45         3669.26         5500.00  
    0.181       479.63          571.46        2708.64         3759.91         5500.00  
    0.188       466.66          624.68        2690.40         3752.54         5500.00  
    0.194       458.58          639.77        2708.34         3769.11         5500.00  
    0.200       511.14          646.97        2307.14         3796.32         4948.58  
    0.206       476.70          1011.56        2181.13         3993.31         4631.20  
    0.213       469.53          1221.00        2139.36         3935.19         5472.91  
    0.219       484.59          1307.61        2183.29         3899.05         5500.00  
    0.225       513.92          1460.44        2081.84         3415.70         4442.93  
    0.231       15.88          45.19        605.40         1642.18         3120.29  
    0.238       0          563.96        1588.12         2992.02         4190.57  
    0.244       0          568.19        1661.12         3018.07         4131.57  
    0.250       0          580.60        1626.85         3012.51         4132.56  
    0.256       0          522.98        1416.22         2875.22         4041.47  
    0.263       419.59          1132.87        2587.32         3924.45         4227.97  
    0.269       388.67          1093.49        2729.76         3964.50         5460.96  
    0.275       397.60          1090.37        2752.39         4063.37         5500.00  
    0.281       422.47          1050.67        2612.66         4009.69         5500.00  
    0.288       480.63          984.61        2524.65         3973.92         5199.38  
    0.294       510.79          917.04        2464.14         4025.95         5180.98  
    0.300       486.49          731.67        2487.18         3984.44         4920.56  
    0.306       456.15          1182.22        2619.89         4110.06         4801.00  
    0.312       453.88          1289.82        2547.81         4084.62         4707.55  
    0.319       472.31          1073.80        2515.18         4016.95         4500.02  
    0.325       472.71          1155.81        2493.31         4054.35         4904.74  
    0.331       444.10          1003.56        2515.47         4083.74         5482.05  
    0.338       13.67          453.75        2619.73         2706.67         4105.76  
    0.344       443.14          1103.48        2670.40         4064.41         5455.63  
    0.350       14.10          509.46        2431.54         2764.04         4149.01  
    0.356       483.35          2275.62        2563.62         3512.10         4630.06  
    0.363       483.20          2341.31        2606.53         3690.79         4691.55  
    0.369       421.26          2366.18        2670.69         3895.94         4767.76  
    0.375       362.44          2400.40        2777.12         4135.76         4939.15  
    0.381       289.81          2100.38        2918.23         4034.64         5020.34  
    0.388       289.07          1930.85        3044.94         3760.21         5174.89  
    0.394       294.40          1936.23        3006.08         3558.00         5172.64  
    0.400       289.88          1934.04        3006.40         3508.77         5090.29  
    0.406       294.70          1928.75        3030.94         3512.47         5078.26  
    0.413       298.15          1922.91        3063.06         3501.79         5133.98  
    0.419       302.20          1973.61        3058.19         3530.90         5134.53  
    0.425       300.12          2031.04        3058.33         3545.32         5067.53  
    0.431       309.64          2035.07        3077.02         3556.65         4954.83  
    0.438       300.15          1973.06        3053.95         3533.17         4948.64  
    0.444       300.03          1944.49        3032.44         3548.91         5055.78  
    0.450       301.17          1952.37        3033.97         3579.04         5208.79  
    0.456       302.42          1954.30        3027.25         3531.86         5026.85  
    0.463       316.74          1959.09        3014.41         3577.02         5077.65  
    0.469       318.77          1882.85        3035.23         3620.98         4966.99  
    0.475       324.28          1864.91        3042.43         3679.41         4814.62  
    0.481       322.94          1872.93        3025.71         3834.23         5405.67  
    0.488       314.94          1875.75        2960.29         3813.52         5497.68  
    0.494       324.28          1886.62        2899.31         3875.63         5500.00  
    0.500       349.89          1868.65        2901.62         3670.24         5500.00  
    0.506       359.06          1921.66        2942.14         3474.70         5500.00  
    0.513       358.79          1990.06        2886.17         3346.68         5500.00  
    0.519       356.25          1964.43        2870.75         3318.58         5500.00  
    0.525       350.16          1998.08        2991.69         3231.92         5500.00  
    0.531       322.08          2025.87        3024.74         3530.06         5500.00  
    0.537       9.91          347.05        2110.35         3119.15         4177.29  
    0.544       0          304.34        2190.99         3192.44         4344.24  
    0.550       0          298.27        2397.57         3377.35         4476.11  
    