0.025       388.11          1388.18        2048.30         3409.30         5019.48  
    0.031       394.09          1437.58        1863.75         3448.53         5124.19  
    0.038       398.32          1473.84        1929.28         3586.07         5270.64  
    0.044       401.49          1473.99        2099.17         3950.91         5448.78  
    0.050       108.76          698.18        1659.71         2686.68         4338.58  
    0.056       0          413.52        1480.68         2179.22         3894.96  
    0.062       0          408.98        1479.99         2173.84         4012.14  
    0.069       281.87          1178.89        1942.78         3573.51         5110.07  
    0.075       292.37          1472.18        2036.21         3975.24         5500.00  
    0.081       240.42          1564.30        1918.41         3935.23         5500.00  
    0.088       236.45          1519.69        1876.86         4004.11         5500.00  
    0.094       64.15          583.80        1573.44         2649.46         4462.70  
    0.100       0          271.17        1463.05         2185.63         4056.37  
    0.106       183.05          1138.19        2007.29         3532.95         5107.58  
    0.113       238.68          1466.59        2198.08         4017.08         5500.00  
    0.119       214.00          1472.25        2228.10         4032.18         5500.00  
    0.125       55.82          398.12        1662.03         2783.77         4608.34  
    0.131       0          1296.36        2165.16         3423.30         4628.79  
    0.138       0          1776.34        2457.56         3862.56         4761.35  
    0.144       0          1784.95        2480.39         3909.95         4745.49  
    0.150       0          1850.45        2466.99         3945.88         4708.40  
    0.156       0          1903.17        2446.69         3964.24         4667.49  
    0.163       0          1943.63        2380.27         3916.64         4702.28  
    0.169       190.27          1951.71        2768.13         3998.99         4789.33  
    0.175       271.58          1894.10        2625.91         4016.45         4890.08  
    0.181       293.01          1883.25        2433.94         3852.24         5019.48  
    0.188       330.91          1895.72        2353.95         3735.00         5035.64  
    0.194       369.84          1934.11        2207.72         3666.47         5062.76  
    0.200       393.23          1954.84        2296.80         3651.20         5083.26  
    0.206       401.16          1937.06        2327.49         3708.63         5221.60  
    0.213       403.98          1897.34        2261.97         3666.68         5266.47  
    0.219       406.70          1889.68        2409.36         3577.80         5148.51  
    0.225       407.96          1891.64        2612.25         3644.14         5393.38  
    0.231       406.19          1900.15        2710.14         3695.80         5232.00  
    0.238       401.72          1926.31        2727.44         3711.63         5062.40  
    0.244       399.34          1918.57        2673.95         3714.38         5073.97  
    0.250       399.80          1912.02        2614.85         3666.02         5149.13  
    0.256       399.54          1923.78        2540.44         3651.41         5273.28  
    0.263       396.77          1929.43        2472.69         3645.17         5181.30  
    0.269       397.86          1925.57        2488.55         3569.47         5113.96  
    0.275       401.27          1924.74        2541.24         3517.07         5218.55  
    0.281       402.17          1935.60        2506.83         3583.10         5242.56  
    0.288       403.14          1940.49        2484.65         3640.51         5333.42  
    0.294       400.44          1950.98        2483.59         3609.94         5464.71  
    0.300       394.59          1972.32        2547.29         3590.03         5500.00  
    