0.025       0          1699.17        2775.74         3410.89         4251.62  
    0.031       0          1701.07        2770.45         3443.61         4318.21  
    0.038       0          1606.17        2802.71         3515.31         4291.20  
    0.044       0          1571.46        2778.25         3439.12         4276.15  
    0.050       0          1455.56        2756.20         3388.65         4316.72  
    0.056       0          1521.47        2769.96         3360.01         4411.78  
    0.062       0          1607.19        2724.62         3388.78         4493.31  
    0.069       0          1558.18        2733.87         3553.65         4168.43  
    0.075       719.94          1601.90        2868.59         3877.60         5151.01  
    0.081       983.94          1790.18        2911.47         3755.34         5136.09  
    0.088       916.66          1839.10        2889.37         3733.96         4690.91  
    0.094       854.75          1638.47        2803.01         3806.08         4628.39  
    0.100       743.65          1366.29        2711.43         3765.30         4587.33  
    0.106       653.59          1287.63        2718.78         3433.33         4460.83  
    0.113       645.29          1286.58        2700.89         3354.74         4446.25  
    0.119       657.98          1281.89        2632.30         3452.42         4436.96  
    0.125       661.80          1269.99        2471.11         3496.86         4375.11  
    0.131       655.29          1251.24        2511.98         3503.42         4362.49  
    0.138       653.47          1245.90        2622.19         3563.35         4335.84  
    0.144       651.89          1246.26        2678.36         3612.98         4303.40  
    0.150       644.12          1240.93        2665.64         3590.23         4264.77  
    0.156       637.27          1240.51        2648.05         3557.30         4292.73  
    0.163       631.70          1243.52        2642.01         3545.77         4366.96  
    0.169       624.26          1265.39        2640.67         3546.33         4393.60  
    0.175       616.18          1316.14        2492.44         3530.42         4383.00  
    0.181       606.20          1333.06        2430.78         3458.95         4316.30  
    0.188       588.63          1400.41        2567.35         3301.81         4162.85  
    0.194       562.90          1474.90        2911.06         3189.64         4081.22  
    0.200       134.70          718.49        1878.53         3021.19         3890.76  
    0.206       0          430.13        1475.01         2866.13         3931.59  
    0.213       0          378.57        1261.73         2931.96         4218.76  
    0.219       0          370.54        1280.85         3135.25         4186.69  
    0.225       205.83          1083.52        2662.87         3878.30         5173.14  
    0.231       282.65          1225.32        2676.10         3812.44         4940.14  
    0.238       405.90          1155.22        2637.61         3951.15         4878.54  
    0.244       107.57          793.19        1975.34         3324.16         4275.17  
    0.250       0          677.59        2058.06         2926.92         4058.92  
    0.256       0          163.77        1022.03         2523.75         4118.80  
    0.263       0          482.93        1814.98         2828.10         4270.65  
    0.269       0          608.84        2107.08         2945.94         4186.32  
    0.275       393.06          1674.24        2741.07         3221.50         5172.08  
    0.281       722.91          2037.97        2970.64         3330.75         4930.70  
    0.288       798.59          2128.91        3130.95         3432.52         4806.23  
    0.294       606.23          2169.13        3272.16         3806.15         5336.43  
    0.300       131.67          2149.21        2974.80         3506.49         4454.05  
    0.306       0          518.62        2434.34         3053.73         4081.94  
    0.312       249.28          1631.34        2651.62         3824.93         4666.46  
    0.319       339.75          2174.35        2729.58         4066.05         4336.45  
    0.325       350.49          2209.27        2723.40         3943.83         4002.64  
    0.331       363.56          2219.03        2741.73         3823.81         4366.52  
    0.338       377.76          2223.88        2749.25         3707.35         4866.82  
    0.344       389.46          2243.56        2781.06         3715.45         5097.20  
    0.350       396.31          2272.23        2794.40         3717.59         4605.88  
    0.356       398.68          2294.64        2813.84         3669.21         4735.74  
    0.363       399.62          2285.46        2776.59         3621.62         4753.29  
    0.369       394.65          2249.83        2789.91         3596.33         4773.99  
    0.375       392.00          2238.76        2776.72         3524.29         4924.15  
    0.381       393.33          2273.92        2776.78         3485.22         4878.63  
    0.388       395.77          2311.88        2748.66         3506.77         4791.76  
    0.394       396.80          2327.33        2701.14         3498.75         4845.22  
    0.400       395.88          2301.67        2707.97         3501.74         4920.61  
    0.406       377.62          2279.28        2656.43         3475.40         4773.30  
    0.413       348.63          2290.89        2577.07         3520.95         4251.02  
    0.419       320.95          2408.32        2510.68         3732.50         3954.67  
    0.425       76.16          832.51        2436.37         2949.17         3947.37  
    0.431       0          337.40        2404.80         2885.87         3927.27  
    0.438       0          365.25        2385.87         3081.58         3846.60  
    0.444       0          372.67        2331.96         2996.96         3811.95  
    0.450       0          366.34        2303.24         2911.30         3734.68  
    0.456       0          378.62        2312.46         2896.99         3773.99  
    0.463       0          393.98        2322.44         2878.42         3812.77  
    0.469       290.15          1851.22        2700.57         3506.97         5092.84  
    0.475       379.30          2316.91        2727.51         3611.73         5500.00  
    