0.025       1300.53          2427.12        3283.84         3982.68         5018.13  
    0.031       1431.65          2493.64        3353.02         4546.46         5500.00  
    0.038       1385.44          2561.33        3350.88         4564.99         5500.00  
    0.044       1347.35          2582.50        3370.67         4634.19         5499.33  
    0.050       1396.17          2501.56        3417.17         4179.93         4766.03  
    0.056       1366.56          2521.63        3473.28         4182.32         4649.45  
    0.062       1539.90          2525.78        3382.22         3779.43         4770.75  
    0.069       0          1601.34        2511.26         3736.07         4779.97  
    0.075       0          1519.07        2584.73         3598.83         4908.06  
    0.081       0          1.21        1387.01         2546.20         3495.56  
    0.088       0          1333.86        2455.69         3499.88         4836.19  
    0.094       0          1292.93        2372.40         3408.86         4692.22  
    0.100       0          1292.06        2371.21         3323.26         4355.82  
    0.106       0          1235.91        2301.21         3267.94         4156.95  
    0.113       0.45          1.07        1004.24         2321.69         3362.36  
    0.119       496.79          1183.66        2330.19         3391.17         4932.57  
    0.125       524.23          1205.13        2338.87         3335.77         4790.09  
    0.131       536.17          1182.85        2330.71         3322.01         4703.45  
    0.138       531.95          1101.22        2361.57         3328.61         4727.46  
    0.144       532.50          1081.52        2420.43         3289.98         4696.02  
    0.150       542.45          1068.51        2454.88         3376.99         4667.85  
    0.156       532.54          1076.66        2432.42         3426.18         4617.13  
    0.163       519.98          1073.93        2511.11         3463.32         4648.67  
    0.169       545.15          1076.36        2590.86         3661.00         4814.34  
    0.175       555.52          1085.18        2595.51         3765.04         5499.78  
    0.181       544.30          1083.24        2568.86         3686.54         5256.55  
    0.188       513.41          1103.05        2622.72         3529.99         4298.65  
    0.194       0          507.97        1179.05         2895.31         3654.45  
    0.200       0          507.61        1271.45         2890.83         3606.83  
    0.206       0          511.20        1382.35         2795.95         3877.92  
    0.213       0          441.78        1403.33         2722.65         3979.10  
    0.219       0          307.25        1338.45         2640.92         3979.21  
    0.225       0          291.03        1209.10         2857.08         4155.07  
    0.231       0          373.47        1359.11         3120.13         4304.78  
    0.238       0.38          411.37        1295.43         3138.33         4169.51  
    0.244       416.71          1206.58        3114.91         3918.64         5498.92  
    0.250       0          453.66        1229.95         3048.26         4312.80  
    0.256       0          498.75        1206.71         3034.98         4263.97  
    0.263       0          525.00        1085.13         2987.72         4328.57  
    0.269       0          609.83        1125.10         3140.98         4279.89  
    0.275       0          546.50        1108.98         3062.28         4137.22  
    0.281       0.48          476.19        1181.78         2907.06         4055.48  
    0.288       527.00          2022.49        2776.79         3348.55         5236.38  
    0.294       546.13          2155.95        2886.25         3457.80         4819.39  
    0.300       522.92          2216.81        2899.10         3517.76         4806.14  
    0.306       0          1.44        1606.02         2733.24         3586.45  
    0.312       0          1589.44        2774.11         3629.78         4730.65  
    0.319       0          1648.96        2795.17         3623.19         4874.30  
    0.325       0.24          1.91        1783.08         2800.31         3741.63  
    0.331       262.03          2100.82        2844.67         3607.23         4828.33  
    0.338       297.13          2116.30        2713.63         3468.07         5011.06  
    0.344       336.87          2151.50        2798.24         3561.87         5498.88  
    0.350       348.28          2159.41        2812.96         3578.93         4270.82  
    0.356       354.07          2156.96        2854.30         3581.90         4442.00  
    0.363       357.39          2177.00        2857.46         3608.92         4492.16  
    0.369       357.47          2211.97        2829.89         3610.47         5500.00  
    0.375       355.79          2198.18        2830.92         3602.60         5500.00  
    0.381       356.25          2199.97        2792.00         3598.50         5499.71  
    0.388       354.46          2246.22        2820.43         3594.05         5185.68  
    0.394       350.36          2278.11        2782.96         3688.21         5499.61  
    0.400       343.81          2265.55        2690.63         3742.93         5067.15  
    0.406       336.17          2271.97        2657.45         3719.54         5147.34  
    0.413       329.96          2342.39        2796.00         3712.82         5060.34  
    0.419       326.46          2384.77        2807.22         3708.57         4940.01  
    0.425       324.23          2424.87        2844.98         3749.77         5498.93  
    0.431       323.58          2393.95        2443.26         3731.82         4316.37  
    0.438       321.93          2222.25        2486.00         3774.67         4421.86  
    0.444       290.12          1842.49        2502.30         3839.70         4442.99  
    0.450       327.65          1795.96        2439.92         3941.80         4264.78  
    0.456       0.32          357.58        2293.03         3183.78         4179.43  
    0.463       352.61          1797.45        2301.95         3546.60         4953.06  
    0.469       353.85          1366.34        2438.23         3571.29         4901.22  
    0.475       356.71          1266.66        2571.00         3683.62         4690.25  
    