0.025       2205.35          2359.66        2750.95         3761.67         4897.98  
    0.031       2187.33          2331.03        2763.69         3762.49         4898.63  
    0.038       2060.06          2306.03        2731.35         3888.99         4959.13  
    0.044       1793.50          2297.84        2724.96         3899.63         4898.26  
    0.050       1631.05          2313.57        2754.10         3777.31         4824.71  
    0.056       1584.44          2328.19        2771.84         3760.00         4877.96  
    0.062       565.70          1934.68        2544.24         3158.78         4278.99  
    0.069       0          1570.32        2463.52         2810.34         3860.53  
    0.075       0          1442.78        2611.93         2794.74         4168.31  
    0.081       0          1480.16        2344.43         2768.34         4432.39  
    0.088       0          1121.78        2167.60         2773.19         4554.62  
    0.094       241.47          1029.26        2372.29         2945.43         4641.17  
    0.100       431.95          1116.99        2326.53         3335.60         4626.19  
    0.106       487.21          1108.60        2201.19         3581.66         4594.08  
    0.113       533.35          1141.46        2165.69         3572.80         4592.15  
    0.119       576.92          1254.51        2154.07         3631.71         4733.42  
    0.125       599.65          1330.67        2139.76         3609.94         4813.79  
    0.131       610.81          1336.85        2107.71         3631.42         4744.49  
    0.138       643.37          1381.85        2108.08         3780.22         4992.28  
    0.144       237.08          964.22        1796.63         2825.24         4332.03  
    0.150       0          707.49        1574.50         2278.33         3855.63  
    0.156       0          668.84        1521.05         2322.24         3865.22  
    0.163       0          631.78        1492.44         2482.41         4043.27  
    0.169       0          630.78        1500.44         2597.06         4111.11  
    0.175       0          517.30        1535.98         2233.08         3920.00  
    0.181       230.22          1152.75        1989.15         3163.70         4896.57  
    0.188       129.17          794.59        1763.95         3115.97         4486.79  
    0.194       0          397.05        1582.01         2246.72         3907.81  
    0.200       286.41          1057.64        1779.14         3122.86         4925.63  
    0.206       487.42          1491.49        2090.08         3699.00         5500.00  
    0.213       455.98          1592.48        2302.39         3604.66         5500.00  
    0.219       548.84          1748.90        2410.84         3595.25         5034.41  
    0.225       222.10          653.19        1994.32         2829.37         4040.43  
    0.231       1110.79          1483.41        2480.60         3207.30         4325.56  
    0.238       1830.79          2336.45        3401.25         4293.11         4703.71  
    0.244       677.52          2049.33        2838.35         4014.80         4572.09  
    0.250       0          1865.08        2401.88         3629.50         4596.20  
    0.256       228.04          1887.68        2620.56         3639.67         4665.90  
    0.263       127.95          684.89        2234.90         3132.49         4021.65  
    0.269       0          0        1949.69         2876.76         3617.73  
    0.275       150.39          1304.48        2562.80         3384.15         4347.69  
    0.281       265.02          2030.99        2884.89         3700.83         4753.20  
    0.288       318.71          1960.24        2858.99         3685.00         4780.78  
    0.294       373.76          1970.10        2869.06         3660.64         4942.67  
    0.300       406.65          2002.06        2885.04         3710.31         4853.00  
    0.306       416.80          1997.93        2902.82         3802.98         5233.38  
    0.312       417.26          1985.68        2943.01         3844.36         5500.00  
    0.319       149.77          979.58        2333.64         3384.74         4484.63  
    0.325       266.90          1420.44        2665.06         3603.39         3945.60  
    0.331       415.27          1984.74        2959.13         3693.58         4023.13  
    0.338       414.80          1983.43        2906.65         3786.81         4001.71  
    0.344       419.62          1982.50        2873.55         3844.60         3993.62  
    0.350       425.17          1983.22        2829.84         3895.32         4097.95  
    0.356       428.36          1980.06        2824.03         3925.56         4619.72  
    0.363       431.08          1978.99        2840.51         3931.65         4447.76  
    0.369       433.03          1982.57        2843.96         3959.61         4365.63  
    