0.025       522.06          2489.35        3009.14         4118.20         5309.32  
    0.031       517.74          2408.50        2921.63         3951.54         5170.87  
    0.038       158.95          731.11        2516.17         3063.28         4290.86  
    0.044       0          1720.90        2450.06         3217.93         4297.68  
    0.050       0          2437.46        2640.37         3325.29         4604.34  
    0.056       0          2106.14        2540.58         3222.36         4544.52  
    0.062       1154.36          2283.11        3008.62         3981.71         5188.71  
    0.069       514.18          1932.66        2667.54         3673.14         4871.37  
    0.075       0          1726.83        2373.37         3399.77         4551.04  
    0.081       403.46          1820.58        2349.64         3694.50         4657.11  
    0.088       549.93          1549.17        2314.15         3515.79         4880.00  
    0.094       164.90          822.89        1863.86         2705.09         4027.85  
    0.100       396.86          1285.48        2162.74         3320.87         4919.12  
    0.106       581.15          1499.22        2287.69         3719.89         5112.19  
    0.113       601.16          1558.33        2197.84         3894.76         4777.65  
    0.119       609.98          1541.24        2179.19         3935.08         4744.36  
    0.125       608.85          1538.20        2151.35         3871.11         4787.92  
    0.131       606.89          1606.37        2129.11         4013.75         4864.12  
    0.138       186.86          921.54        1866.40         2972.70         4397.94  
    0.144       0          599.05        1702.55         2627.49         4204.33  
    0.150       396.59          1237.71        2365.95         3608.44         5104.40  
    0.156       551.46          1445.54        2616.39         3924.28         5111.13  
    0.163       528.25          1419.05        2564.19         3924.60         5083.71  
    0.169       160.93          769.94        1867.82         3056.01         4360.85  
    0.175       0          499.21        1485.88         2754.25         4026.90  
    0.181       0          506.77        1368.24         2839.34         4206.42  
    0.188       0          544.31        1308.54         2806.04         4402.24  
    0.194       402.95          1190.31        2206.32         3590.00         4676.15  
    0.200       179.48          872.72        2002.47         3125.17         4221.18  
    0.206       0          561.37        1596.55         2724.49         4016.81  
    0.213       0          557.89        1567.00         2736.43         4088.56  
    0.219       418.58          1653.15        2371.25         3456.95         5072.32  
    0.225       750.43          2254.53        2729.37         3935.64         5020.54  
    0.231       800.71          2297.16        2722.82         4219.25         5286.43  
    0.238       244.76          2007.53        2637.35         4128.59         4624.74  
    0.244       0          1840.71        2582.20         3761.34         4451.26  
    0.250       0          1756.41        2584.74         3662.77         4497.54  
    0.256       238.77          2011.48        2611.26         3835.06         4702.19  
    0.263       349.43          2202.94        2602.15         3852.88         4977.44  
    0.269       367.60          2106.81        2614.94         3767.31         5049.44  
    0.275       392.04          2004.23        2627.03         3774.84         5360.39  
    0.281       398.86          1986.10        2596.56         3633.52         5500.00  
    0.288       408.45          1985.88        2620.71         3730.73         5500.00  
    0.294       405.18          1993.69        2643.96         3917.60         5500.00  
    0.300       123.80          883.57        2213.92         3017.16         4329.59  
    0.306       0          385.34        2031.67         2565.18         3715.74  
    0.312       0          385.33        2058.87         2550.28         3722.15  
    0.319       0          384.06        2093.11         2561.55         3815.31  
    0.325       265.42          1635.48        2430.60         3332.14         4990.72  
    0.331       118.23          938.61        2278.18         2926.67         4307.09  
    0.338       266.36          1546.33        2420.71         3277.54         4655.96  
    0.344       389.90          2068.56        2544.71         3635.62         5028.74  
    0.350       389.03          2137.55        2600.02         4065.47         5352.13  
    0.356       388.92          2108.83        2615.63         4122.37         5500.00  
    0.363       387.14          2073.80        2553.71         3757.91         5500.00  
    0.369       390.14          2103.85        2579.98         3891.93         5500.00  
    0.375       395.59          2094.79        2596.35         3963.15         5500.00  
    0.381       396.96          2066.29        2578.78         3880.36         5500.00  
    0.388       393.65          2046.93        2536.94         3782.23         5500.00  
    0.394       392.26          2037.80        2486.05         3698.06         5500.00  
    0.400       389.29          2031.47        2470.92         3617.49         5500.00  
    0.406       119.56          894.93        2187.77         2889.46         4281.72  
    0.413       269.76          1523.38        2398.58         3375.38         4957.34  
    0.419       387.98          2016.44        2534.81         3661.35         5500.00  
    0.425       119.29          895.27        2205.74         2930.17         4183.18  
    0.431       276.90          1568.74        2426.80         3294.52         4913.45  
    0.438       399.36          2087.27        2577.09         3558.77         5500.00  
    0.444       404.35          2081.25        2588.04         3544.66         5500.00  
    0.450       409.62          2073.21        2594.65         3557.93         5500.00  
    0.456       409.96          2047.07        2581.96         3569.46         5500.00  
    0.463       407.90          1982.16        2517.33         3619.56         5500.00  
    0.469       407.24          1946.25        2473.78         3681.46         5500.00  
    0.475       406.74          1930.59        2474.69         3702.81         5500.00  
    0.481       399.50          1899.50        2410.23         3597.72         5500.00  
    