0.025       1486.85          2253.39        3072.91         3995.93         5429.17  
    0.031       566.08          1816.21        2793.99         3947.18         5473.03  
    0.038       0          1510.91        2614.27         3854.79         5008.98  
    0.044       0          1433.56        2577.93         3816.31         4941.00  
    0.050       604.44          1365.63        2593.27         3915.63         5173.77  
    0.056       1005.55          1347.39        2783.97         4058.93         5293.88  
    0.062       976.08          1417.86        3036.70         4336.91         5436.83  
    0.069       998.29          1549.91        3234.40         4490.48         5500.00  
    0.075       392.12          1289.22        2064.05         3565.85         4839.44  
    0.081       521.66          1089.69        2244.65         3909.15         5093.89  
    0.088       592.75          1073.19        2749.81         4244.08         5213.46  
    0.094       479.62          999.14        2359.33         4005.09         5019.82  
    0.100       524.10          961.53        2122.24         4037.71         4999.19  
    0.106       538.66          965.56        2115.92         4318.20         5072.92  
    0.113       537.03          963.55        2115.64         4488.29         5356.08  
    0.119       532.78          962.08        2099.54         4446.34         5500.00  
    0.125       530.80          962.79        2097.55         4233.06         5500.00  
    0.131       530.69          963.59        2112.41         4062.30         5303.36  
    0.138       530.73          968.41        2119.69         4042.28         5060.99  
    0.144       530.26          977.31        2112.29         3987.65         4988.50  
    0.150       529.04          984.15        2101.05         3932.08         4970.50  
    0.156       528.56          998.24        2115.11         4126.36         5293.88  
    0.163       201.26          709.87        1444.80         2941.39         4696.47  
    0.169       0          524.96        1029.14         2085.88         4180.46  
    0.175       0          519.00        1035.60         2003.65         4139.58  
    0.181       315.11          844.97        1592.83         3339.92         4975.65  
    0.188       505.49          1074.13        1908.24         4227.43         5500.00  
    0.194       497.71          1139.77        1951.08         4188.94         5500.00  
    0.200       489.27          1187.96        2117.86         3963.85         5500.00  
    0.206       498.74          1230.98        2302.71         3893.52         5500.00  
    0.213       515.94          1269.66        2399.99         3984.06         5255.30  
    0.219       526.01          1289.01        2420.02         4157.38         5349.56  
    0.225       540.89          1323.95        2402.66         4312.95         5395.83  
    0.231       548.38          1353.19        2415.09         4334.93         5435.96  
    0.238       558.69          1331.58        2463.92         4405.59         5500.00  
    0.244       630.56          1205.80        2428.48         4397.09         5381.92  
    0.250       255.40          433.69        1423.25         3056.87         4094.64  
    0.256       411.19          1076.35        2018.40         3186.49         4680.62  
    0.263       669.57          1813.47        2781.98         3884.85         5500.00  
    0.269       620.80          1890.21        2814.27         4015.82         5500.00  
    0.275       461.43          1937.33        2831.88         4035.84         5500.00  
    0.281       145.88          1648.84        2588.80         3645.88         4691.18  
    0.288       0          776.65        2365.28         3192.45         4287.92  
    0.294       107.56          1512.78        2786.29         3885.05         5060.53  
    0.300       66.13          1063.85        2502.33         3605.82         4847.75  
    0.306       0          366.89        2101.84         2968.32         4484.26  
    0.312       0          376.05        2069.01         2861.10         4402.70  
    0.319       230.01          1433.71        2576.08         3722.57         5057.74  
    0.325       366.75          2074.36        2883.14         4305.08         5500.00  
    0.331       360.89          2061.54        2878.65         4226.75         5500.00  
    0.338       357.25          2051.35        2903.53         4037.93         5500.00  
    0.344       353.30          2040.98        2934.99         3930.31         5500.00  
    0.350       348.79          2039.26        2956.14         4046.87         5500.00  
    0.356       346.67          2038.97        2956.44         4165.46         5500.00  
    0.363       346.01          2036.29        2948.28         4263.35         5500.00  
    0.369       345.07          2038.33        2967.08         4381.45         5500.00  
    0.375       343.39          2045.95        2992.05         4340.37         5500.00  
    0.381       341.27          2060.91        3067.55         4132.15         4946.51  
    0.388       338.89          2100.61        3113.93         4243.46         4541.84  
    0.394       338.17          2136.04        3093.24         4278.10         5120.13  
    0.400       337.56          2115.09        3046.38         4123.63         5341.01  
    0.406       338.50          2068.16        2979.21         3947.09         4784.40  
    0.413       339.11          2049.58        2939.79         4131.31         4534.25  
    0.419       339.77          2049.84        2972.90         4002.18         4508.34  
    0.425       340.68          2064.17        3041.30         3670.24         4553.53  
    0.431       341.45          2079.30        3111.63         3539.87         4655.80  
    