0.025       1459.58          2441.60        3246.79         3911.95         5076.83  
    0.031       1435.88          2450.35        3252.16         3939.30         5126.07  
    0.038       1398.07          2383.81        3235.08         4009.21         5069.42  
    0.044       1414.01          2038.90        3234.79         3923.86         4911.78  
    0.050       485.07          1590.61        2570.01         3509.16         4546.76  
    0.056       0          1315.27        2265.93         3317.06         4222.14  
    0.062       0          1219.53        2212.99         3247.03         4133.31  
    0.069       0          1160.30        1945.73         3143.23         4052.01  
    0.075       158.30          1139.42        2123.24         3309.74         4635.21  
    0.081       314.21          1085.70        2049.67         3348.57         4949.94  
    0.088       432.12          1052.13        1949.49         3294.14         4987.45  
    0.094       492.12          1070.89        1992.54         3273.48         4614.19  
    0.100       526.35          1079.31        1983.63         3300.00         4230.59  
    0.106       544.12          1089.49        1911.05         3287.06         4238.11  
    0.113       533.70          1103.86        1855.50         3251.33         4434.67  
    0.119       522.34          1132.07        1884.49         3475.85         4611.88  
    0.125       504.47          1171.71        1881.97         3562.06         4710.21  
    0.131       478.05          1222.84        1826.23         3480.40         4724.10  
    0.138       418.90          1300.79        1640.46         3194.01         4624.27  
    0.144       133.54          451.84        815.96         1958.86         3392.89  
    0.150       0          142.01        1050.83         2292.32         3595.01  
    0.156       118.02          996.47        1559.23         3233.74         4241.81  
    0.163       60.65          757.56        1447.65         2872.12         4115.22  
    0.169       205.56          1030.51        1400.45         3225.00         4987.17  
    0.175       105.64          776.48        1515.70         2853.19         4441.87  
    0.181       0          530.76        1520.68         2719.39         3940.23  
    0.188       0          578.69        1442.78         2898.86         3860.42  
    0.194       0          594.47        1451.57         2779.46         3810.10  
    0.200       0          570.51        1347.66         2806.57         3871.65  
    0.206       0          564.92        1387.82         3186.20         3939.27  
    0.213       0          521.10        1845.24         3508.90         3978.35  
    0.219       346.35          1498.91        2807.56         3714.11         4057.49  
    0.225       177.99          2009.37        2811.18         3777.12         4072.08  
    0.231       0          1800.53        2603.24         3745.05         4052.81  
    0.238       0          575.18        881.85         1265.82         3055.15  
    0.244       0          179.80        1707.83         2417.76         3365.61  
    0.250       206.26          1619.58        2832.87         3644.80         3856.56  
    0.256       325.60          2211.46        3048.47         3650.36         3937.26  
    0.263       337.08          2166.19        3239.29         3648.54         3804.12  
    0.269       336.36          2196.78        3367.38         3604.30         3725.06  
    