0.025       1767.54          2210.09        3299.86         4234.66         4801.86  
    0.031       1728.18          2159.28        3208.04         4283.65         4944.57  
    0.038       1640.50          2272.49        3238.94         4446.11         5008.55  
    0.044       1670.44          2343.43        3317.37         4483.69         5380.03  
    0.050       416.91          1823.19        2607.72         3634.35         4830.99  
    0.056       0          1647.35        2300.23         3389.83         4582.68  
    0.062       1233.69          1957.91        3055.99         4202.21         5271.13  
    0.069       1600.58          1944.72        3257.74         4357.61         5500.00  
    0.075       1578.40          1907.71        3205.84         4324.52         5500.00  
    0.081       1545.47          1995.28        3255.37         4355.59         5500.00  
    0.088       379.23          1650.69        2477.32         3619.89         4674.95  
    0.094       0          1562.99        2131.47         3370.66         4413.24  
    0.100       210.41          1686.80        2495.34         3812.95         4763.58  
    0.106       325.87          1620.22        2364.35         3893.34         5013.99  
    0.113       376.34          1526.45        2105.32         3733.33         5007.53  
    0.119       401.66          1391.37        2142.94         3610.77         4962.82  
    0.125       410.55          1332.60        2197.49         3480.88         4931.66  
    0.131       417.45          1294.78        2142.85         3489.06         5055.39  
    0.138       424.71          1324.97        1972.65         3524.19         5094.63  
    0.144       427.40          1368.98        2065.01         3603.90         4974.67  
    0.150       430.56          1403.62        2162.45         3736.25         5360.66  
    0.156       436.83          1431.72        2182.38         3801.54         5500.00  
    0.163       438.96          1467.42        2186.27         3867.04         5500.00  
    0.169       430.96          1486.42        2165.51         3930.01         5500.00  
    0.175       382.85          1491.68        2127.01         3898.07         5500.00  
    0.181       283.72          1613.15        1992.31         3931.51         5500.00  
    0.188       262.74          1610.98        1881.02         4006.86         5500.00  
    0.194       65.42          604.91        1595.40         2606.26         4435.49  
    0.200       0          312.87        1569.12         2133.23         4029.03  
    0.206       226.00          1166.17        2061.51         3491.40         5132.11  
    0.213       268.38          1452.79        2223.79         3892.50         5500.00  
    0.219       260.97          1492.71        2211.52         3945.80         5500.00  
    0.225       260.79          1483.61        2231.06         3962.86         5500.00  
    0.231       229.96          1808.85        2820.49         4283.66         5500.00  
    0.238       54.32          1865.79        2948.91         4060.36         4748.17  
    0.244       0          1813.50        2698.44         3855.24         4598.25  
    0.250       0          1833.67        2596.89         3904.10         4644.51  
    0.256       0          1965.16        2564.42         3982.40         4614.39  
    0.263       0          2030.10        2522.71         3927.75         4650.72  
    0.269       176.96          2176.22        2812.30         3970.90         4741.52  
    0.275       277.77          1984.94        2800.52         4088.94         4861.78  
    0.281       313.21          1901.08        2638.39         3931.46         5120.44  
    0.288       352.78          1905.61        2526.47         3714.89         5108.26  
    0.294       386.24          1938.53        2431.16         3630.76         5136.68  
    0.300       403.92          1973.78        2374.14         3597.41         5111.13  
    0.306       408.02          1966.75        2529.67         3676.68         5280.31  
    0.312       406.85          1925.86        2497.80         3649.47         5333.97  
    0.319       405.78          1903.86        2536.67         3589.51         5181.37  
    0.325       403.78          1898.62        2670.27         3597.13         5119.85  
    0.331       403.14          1916.54        2742.18         3665.68         5104.69  
    0.338       398.93          1945.75        2770.40         3700.76         5037.67  
    0.344       395.24          1947.85        2740.02         3714.54         5017.09  
    0.350       393.01          1930.70        2698.51         3688.97         5052.79  
    0.356       392.86          1941.75        2647.57         3671.63         5118.40  
    0.363       390.26          1949.78        2582.86         3721.05         5143.40  
    0.369       389.42          1940.78        2672.93         3669.33         5119.56  
    0.375       392.45          1924.90        2689.96         3575.93         5139.98  
    0.381       393.06          1931.65        2625.92         3600.00         5148.67  
    0.388       393.62          1938.04        2569.52         3662.69         5164.37  
    0.394       391.47          1943.91        2564.49         3646.06         5233.21  
    0.400       384.43          1968.10        2542.46         3551.12         5439.27  
    0.406       377.61          1968.07        2507.14         3535.58         5500.00  
    0.413       373.77          1974.83        2434.22         3578.22         5236.47  
    0.419       366.06          1988.07        2438.79         3751.38         5101.32  
    