0.025       1521.11          2552.20        3877.30         4140.81         5500.00  
    0.031       1502.23          2552.67        3857.94         4213.70         5398.03  
    0.038       1475.35          2558.20        3876.30         3946.52         5276.21  
    0.044       1494.99          2538.95        3821.90         4362.54         5411.10  
    0.050       1474.10          2468.34        3676.43         4229.39         5491.20  
    0.056       1493.45          2393.31        3211.83         4044.84         5339.40  
    0.062       1496.38          2235.46        3178.64         4018.36         5387.22  
    0.069       1518.52          2553.80        2974.32         3976.02         5486.34  
    0.075       205.00          1664.20        2652.78         3831.57         4707.94  
    0.081       0          1436.49        2574.71         3798.33         4784.93  
    0.088       0          1363.43        2529.85         3910.29         5046.70  
    0.094       925.19          1343.86        2787.80         4029.17         5084.71  
    0.100       977.80          1414.60        3079.62         4422.75         5444.11  
    0.106       984.48          1550.04        3247.79         4504.50         5500.00  
    0.113       133.04          1158.49        1806.20         3261.71         4586.17  
    0.119       835.29          1095.02        2730.50         4271.62         5357.75  
    0.125       352.89          1070.62        2714.51         4182.99         5089.04  
    0.131       453.91          987.38        2334.22         3982.06         4992.54  
    0.138       520.73          959.22        2124.43         3956.51         4991.61  
    0.144       541.35          972.48        2118.01         4250.27         4967.93  
    0.150       540.37          970.18        2120.80         4442.30         5427.82  
    0.156       536.76          967.92        2104.63         4398.86         5500.00  
    0.163       535.59          968.54        2109.00         4161.12         5342.63  
    0.169       536.61          970.31        2135.13         4009.15         5231.81  
    0.175       537.26          975.27        2143.30         4020.22         5022.80  
    0.181       537.35          987.47        2137.10         3969.53         4979.75  
    0.188       535.37          994.67        2114.06         3854.38         4972.64  
    0.194       535.71          1010.60        2133.13         4224.38         5428.86  
    0.200       72.17          604.01        1192.31         2452.96         4382.86  
    0.206       0          534.01        1049.92         2104.72         4188.18  
    0.213       0          523.53        1052.37         2000.27         4131.72  
    0.219       0          513.70        1064.22         1956.10         4157.42  
    0.225       0          503.67        1107.62         1902.15         4243.49  
    0.231       419.61          1106.97        1848.82         3913.60         5332.45  
    0.238       466.10          1196.42        2095.24         3894.45         5500.00  
    0.244       471.17          1237.20        2335.59         3901.21         5500.00  
    0.250       513.00          1279.65        2380.43         3958.80         5216.90  
    0.256       526.63          1309.94        2470.98         4137.65         5149.87  
    0.263       549.78          1384.32        2395.72         4439.49         5452.36  
    0.269       548.57          1399.71        2397.75         4312.08         5500.00  
    0.275       536.99          1370.12        2470.02         4377.86         5500.00  
    0.281       606.08          1312.46        2446.38         4592.51         5500.00  
    0.288       83.12          875.17        2213.42         3481.37         5165.49  
    0.294       593.55          1446.60        2567.34         3485.33         5186.33  
    0.300       693.53          1809.87        2772.15         3849.77         5459.28  
    0.306       660.22          1892.91        2813.85         4016.77         5500.00  
    0.312       551.65          1945.63        2842.58         4035.31         5500.00  
    0.319       72.14          1600.70        2503.86         3259.56         4251.31  
    0.325       0          799.08        2396.52         3133.18         4281.06  
    0.331       0          91.97        321.66         2402.95         3270.07  
    0.338       0          288.71        1921.63         3042.26         4255.24  
    0.344       0          371.79        2122.26         2961.84         4502.19  
    0.350       0          381.92        2066.47         2867.90         4423.67  
    0.356       330.26          1847.71        2780.06         4084.58         5353.16  
    0.363       377.54          2073.56        2924.94         4341.10         5500.00  
    0.369       371.55          2056.82        2938.33         4401.32         5500.00  
    0.375       366.28          2059.12        2988.80         4285.28         5500.00  
    0.381       361.17          2050.77        3000.37         4107.49         5500.00  
    0.388       354.88          2057.96        3012.01         4204.07         5500.00  
    0.394       351.50          2059.39        3002.08         4245.44         5500.00  
    0.400       350.46          2057.32        2982.02         4319.41         5500.00  
    0.406       349.37          2067.59        2999.50         4452.07         5500.00  
    0.413       347.45          2089.97        3017.46         4402.27         5500.00  
    0.419       345.48          2110.36        3095.24         4403.65         5500.00  
    0.425       341.63          2142.33        3131.29         4431.14         5500.00  
    0.431       45.94          583.91        2310.02         3278.07         4424.64  
    0.438       0          339.28        2178.70         3072.67         4207.39  
    0.444       294.66          1857.34        2870.62         4155.85         4337.49  
    0.450       340.02          2075.54        2945.39         4308.76         4695.02  
    0.456       340.85          2076.12        2986.01         4242.93         4454.26  
    0.463       340.83          2079.39        3055.34         3637.09         4531.46  
    0.469       340.79          2093.63        3113.25         3522.56         4652.85  
    0.475       341.09          2091.88        3196.63         3794.40         4752.65  
    0.481       341.15          2093.25        3236.87         4067.46         5401.10  
    0.488       341.49          2101.76        3231.54         4172.52         5500.00  
    