0.025       1658.62          1661.99        2959.12         3998.65         4945.82  
    0.031       1643.74          1875.68        3052.30         4170.17         4582.20  
    0.038       1591.64          1797.80        3113.05         3983.05         4781.14  
    0.044       1559.96          1990.98        3162.28         3913.69         4957.52  
    0.050       1598.44          1989.82        3101.91         4333.26         4759.79  
    0.056       1600.27          2051.82        2928.32         4216.76         4723.27  
    0.062       1617.09          1956.84        3030.06         3996.95         4961.30  
    0.069       1568.48          1919.99        3028.16         4102.66         4944.24  
    0.075       1479.89          1845.55        2966.77         4100.16         5089.73  
    0.081       1393.57          1893.79        3077.65         3924.91         5024.35  
    0.088       1337.80          2107.16        3303.95         4073.00         4932.57  
    0.094       1360.11          2226.21        3462.11         4461.98         5346.26  
    0.100       0.33          1307.13        2215.91         3777.57         4659.93  
    0.106       365.13          1131.79        2288.04         3835.30         4806.56  
    0.113       404.42          1087.95        2196.64         3393.99         4860.00  
    0.119       402.83          1076.29        2180.01         3365.16         4433.60  
    0.125       407.88          1051.92        2189.81         3234.66         4181.41  
    0.131       413.37          1019.36        2103.14         3199.42         4194.73  
    0.138       419.46          978.39        2055.78         3219.15         4097.23  
    0.144       430.54          991.53        2012.24         3371.19         4486.13  
    0.150       424.62          989.72        1989.51         3385.67         5499.16  
    0.156       423.06          1029.73        1933.69         3270.32         4575.25  
    0.163       419.41          1067.69        1800.98         3126.38         4444.02  
    0.169       424.92          1061.12        1782.96         3131.87         4619.23  
    0.175       393.44          1043.95        1908.18         3403.74         4647.21  
    0.181       315.72          1017.46        2201.09         3711.16         4784.29  
    0.188       285.89          1091.79        2338.57         3499.56         5006.19  
    0.194       211.69          1066.66        2689.67         3515.51         5046.64  
    0.200       172.21          995.46        2658.06         3442.45         4956.46  
    0.206       220.46          1080.11        2399.22         3582.64         4768.81  
    0.213       120.94          1017.45        2506.78         3668.97         4880.99  
    0.219       136.68          1025.56        2675.52         3775.96         5173.54  
    0.225       0.28          230.82        1174.70         2898.59         4088.68  
    0.231       313.29          1130.45        2872.02         3679.61         5195.32  
    0.238       237.19          1104.53        2766.81         3641.96         5498.60  
    0.244       0          877.97        1051.96         3225.09         3956.58  
    0.250       0          0.92        1105.83         2842.18         3607.68  
    0.256       0.56          1010.84        2597.96         3325.66         4737.14  
    0.263       622.69          2593.96        2761.24         3751.64         5092.94  
    0.269       446.42          2418.29        2592.73         3882.66         5075.50  
    0.275       0          0        1846.44         2614.49         3893.38  
    0.281       0          1.45        1762.39         2695.72         3741.84  
    0.288       0.27          1602.97        2744.50         3733.25         4823.60  
    0.294       292.84          2553.88        2762.97         3845.67         4863.82  
    0.300       313.92          2126.19        2914.14         4097.72         4874.15  
    0.306       319.95          2069.55        2852.13         3887.05         4819.66  
    0.312       323.63          2097.97        2827.23         3816.83         4874.86  
    0.319       325.72          2078.84        2884.41         3771.61         5288.20  
    0.325       326.53          2076.91        2819.36         3778.02         5499.75  
    0.331       323.33          2062.79        2819.75         3681.97         5220.45  
    0.338       319.61          2048.18        2826.20         3508.62         5323.83  
    0.344       317.05          2052.63        2874.90         3456.15         5387.46  
    0.350       314.94          2078.62        2901.30         3409.51         5350.68  
    0.356       312.65          2068.60        2938.56         3454.42         5499.85  
    0.363       310.54          2096.05        2977.18         3487.34         5333.66  
    0.369       310.06          2120.72        3005.01         3466.19         5500.00  
    0.375       310.69          2102.46        3019.71         3457.57         5500.00  
    0.381       310.41          2097.70        3042.08         3477.90         5500.00  
    0.388       309.16          2084.71        3015.68         3476.48         5500.00  
    0.394       309.24          2076.84        2935.60         3370.52         5500.00  
    0.400       307.97          2088.23        2929.83         3339.07         5500.00  
    0.406       304.58          2084.62        2974.77         3416.60         5500.00  
    0.413       302.85          2096.39        3008.36         3431.80         5500.00  
    0.419       301.79          2095.20        3036.58         3457.13         5500.00  
    0.425       299.84          2087.92        3029.43         3470.85         5500.00  
    0.431       299.11          2096.64        3048.89         3473.14         5500.00  
    0.438       296.94          2101.62        3040.35         3450.74         5500.00  
    0.444       293.67          2122.37        3010.92         3474.78         5500.00  
    0.450       288.12          2150.36        3035.48         3499.21         5500.00  
    0.456       278.50          2144.13        3053.66         3495.83         5499.50  
    0.463       266.55          2140.77        3072.13         3517.64         4953.54  
    0.469       253.01          2148.77        3129.89         3616.81         4950.48  
    0.475       252.96          2169.28        3298.49         3815.01         4759.50  
    