0.025       0          1584.98        2681.73         3385.18         4991.38  
    0.031       0          1572.77        2666.68         3388.27         4973.87  
    0.038       1020.16          2162.00        3071.19         3883.37         4992.72  
    0.044       560.62          1899.73        2701.76         3583.07         4845.59  
    0.050       0          1521.40        2354.93         3249.09         4775.86  
    0.056       0          1567.54        2179.74         3207.54         4875.64  
    0.062       334.95          1404.31        2461.53         3265.84         4870.58  
    0.069       526.50          1227.79        2396.64         3244.65         5024.38  
    0.075       552.33          1218.70        2254.47         3204.11         5051.67  
    0.081       573.25          1225.91        2249.82         3209.48         4932.54  
    0.088       576.80          1193.67        2253.47         3220.89         4789.32  
    0.094       576.13          1166.68        2258.78         3225.38         4706.28  
    0.100       583.01          1146.83        2249.16         3228.45         4733.18  
    0.106       592.21          1131.17        2239.13         3309.66         4796.69  
    0.113       598.26          1113.54        2229.77         3417.00         4793.62  
    0.119       600.50          1092.61        2221.64         3382.84         4771.22  
    0.125       601.99          1093.13        2177.85         3305.12         5016.04  
    0.131       603.41          1112.46        2115.81         3291.35         5376.99  
    0.138       599.48          1138.16        2038.18         3290.97         5500.00  
    0.144       595.76          1173.93        1966.63         3215.03         5307.61  
    0.150       587.52          1209.94        1869.06         3098.85         5057.60  
    0.156       567.89          1236.78        1786.04         3067.23         4822.96  
    0.163       564.70          1278.50        1641.46         3156.56         4644.32  
    0.169       201.31          776.80        1392.10         2130.24         3926.58  
    0.175       266.71          1005.87        1627.79         2810.33         4812.10  
    0.181       391.22          1279.87        1928.33         3542.24         5348.02  
    0.188       407.70          1252.24        2378.87         3726.33         5416.48  
    0.194       449.60          1236.90        2678.99         3679.92         5205.36  
    0.200       479.72          1250.32        2637.99         3707.11         5338.08  
    0.206       522.42          1287.39        2719.42         3793.09         5500.00  
    0.213       560.27          1269.66        2793.53         3791.93         5500.00  
    0.219       569.84          1229.45        2626.53         3785.50         5500.00  
    0.225       617.07          1190.61        2594.93         3844.81         5500.00  
    0.231       644.95          1259.59        2741.02         3968.00         5500.00  
    0.238       229.05          856.69        1908.62         3286.96         4597.84  
    0.244       394.11          1297.90        2318.17         3089.16         5004.22  
    0.250       639.19          1823.03        2777.03         3223.42         5339.67  
    0.256       604.49          1858.75        2768.32         3378.34         5202.38  
    0.263       204.56          1737.05        2648.63         3563.83         4365.13  
    0.269       0          1699.61        2617.87         3724.56         4939.62  
    0.275       219.77          1836.94        2640.19         3836.70         5154.36  
    0.281       346.09          1970.14        2627.27         3885.42         4957.46  
    0.288       358.39          2030.49        2640.31         3722.51         4978.85  
    0.294       372.50          2058.45        2676.95         3591.17         5042.96  
    0.300       380.71          2080.93        2703.65         3571.82         5028.43  
    0.306       374.84          2094.98        2719.75         3591.01         4943.33  
    0.312       363.65          2099.85        2732.33         3600.51         4921.30  
    0.319       354.88          2094.94        2732.47         3579.71         4895.42  
    0.325       349.62          2093.73        2730.87         3544.32         4899.74  
    0.331       347.64          2098.38        2737.93         3538.04         4929.06  
    0.338       349.58          2091.43        2727.09         3518.20         4761.60  
    0.344       349.05          2089.26        2722.01         3497.34         4713.77  
    0.350       345.43          2095.62        2744.26         3510.22         4766.14  
    0.356       341.22          2100.06        2746.50         3521.76         4695.83  
    0.363       339.06          2101.15        2753.48         3525.06         4612.32  
    0.369       338.81          2094.11        2764.18         3532.98         4522.65  
    0.375       337.61          2085.38        2764.06         3512.00         4526.88  
    0.381       335.06          2089.45        2766.83         3497.73         4557.40  
    0.388       333.08          2095.19        2774.74         3506.06         4557.24  
    0.394       330.46          2100.72        2780.47         3509.26         4522.25  
    0.400       330.11          2113.66        2774.33         3499.89         4372.25  
    0.406       330.10          2135.57        2753.51         3513.61         4331.51  
    0.413       325.69          2150.14        2752.08         3514.43         4369.38  
    0.419       320.47          2154.83        2759.10         3532.99         4364.47  
    0.425       320.28          2150.65        2735.33         3552.01         4354.12  
    