0.025       1521.84          2411.82        2984.38         4075.92         5118.22  
    0.031       1676.30          2456.25        2982.87         4001.06         5180.34  
    0.038       1780.66          2470.28        3050.94         3967.08         5163.80  
    0.044       1806.96          2377.91        2974.90         4031.54         5146.36  
    0.050       1929.71          2362.67        2944.20         4113.99         5176.88  
    0.056       1878.28          2397.82        2927.89         4150.04         5083.52  
    0.062       1825.47          2408.41        2925.62         4131.76         5049.87  
    0.069       1819.11          2433.51        2994.60         4074.36         5019.46  
    0.075       1856.41          2423.03        3111.92         4046.41         5072.92  
    0.081       1812.19          2424.50        3030.61         3941.34         5107.92  
    0.088       195.37          1876.14        2763.91         3834.85         4549.86  
    0.094       0          1839.95        2772.67         3839.98         4614.88  
    0.100       0          2004.12        2642.23         3830.89         4905.53  
    0.106       0          1966.06        2717.06         3445.87         4749.28  
    0.113       652.21          1930.44        2645.06         3911.05         5002.70  
    0.119       79.10          1392.04        2424.45         3988.01         4199.17  
    0.125       0          1320.18        2356.03         3215.15         4382.27  
    0.131       603.87          1343.24        2822.04         3625.51         4489.17  
    0.138       628.25          1306.89        2586.69         3804.77         4627.26  
    0.144       632.64          1277.91        2563.47         3808.97         5407.30  
    0.150       636.10          1277.14        2557.26         3827.59         5500.00  
    0.156       646.79          1267.32        2480.57         3904.46         4972.53  
    0.163       649.06          1253.59        2404.32         3938.94         4888.46  
    0.169       643.98          1242.43        2397.33         3985.57         4958.90  
    0.175       652.31          1232.35        2408.69         4052.86         4813.03  
    0.181       648.33          1240.72        2442.02         3925.29         4760.83  
    0.188       651.04          1238.55        2495.54         3866.11         4776.62  
    0.194       648.17          1241.43        2546.14         3722.96         4795.90  
    0.200       639.93          1248.91        2445.80         3880.81         5424.06  
    0.206       628.75          1256.62        2346.80         3799.63         5500.00  
    0.213       629.11          1283.37        2182.91         3765.33         5205.50  
    0.219       619.90          1352.67        2065.05         3789.37         4628.72  
    0.225       638.54          1423.02        1858.20         3826.13         4493.04  
    0.231       550.37          1426.75        1507.91         3961.84         4653.44  
    0.238       624.67          1431.59        1896.91         4048.91         5410.65  
    0.244       651.33          1318.99        2064.50         4089.65         4969.29  
    0.250       651.04          1277.88        2270.96         4061.61         5021.48  
    0.256       651.09          1306.57        2307.50         3866.39         4956.35  
    0.263       669.54          1312.70        2404.59         3804.79         5214.07  
    0.269       642.10          1284.59        2453.56         4005.27         5472.58  
    0.275       594.05          1230.58        2452.51         4219.45         5500.00  
    0.281       584.35          1247.82        2361.91         4068.15         5500.00  
    0.288       588.44          1298.21        2541.07         3904.23         5500.00  
    0.294       449.42          1269.70        2686.81         4005.43         5500.00  
    0.300       340.25          1255.08        2489.78         4007.38         5500.00  
    0.306       386.80          1285.11        2490.99         4000.92         5500.00  
    0.312       440.81          1296.82        2468.57         4015.21         5500.00  
    0.319       48.30          849.74        1787.67         3141.59         4320.08  
    0.325       0          1003.03        2348.38         3564.63         4203.12  
    0.331       0          1082.66        2633.67         3932.39         4217.44  
    0.338       0          1083.90        2645.65         3952.45         4522.23  
    0.344       0          1124.64        2560.75         3932.10         4487.64  
    0.350       0          1617.44        2499.77         3933.47         4672.10  
    0.356       0          888.75        2571.12         3839.52         4693.45  
    0.363       769.66          2431.50        3718.44         3888.92         4876.41  
    0.369       93.35          2261.91        2771.30         3919.87         4644.53  
    0.375       0          2113.18        2591.33         3852.50         4531.94  
    0.381       0          2143.77        2599.90         3865.28         4578.06  
    0.388       0          2168.69        2603.20         3863.28         4648.80  
    0.394       0          2195.44        2602.13         3863.53         4713.47  
    0.400       0          2358.17        2534.04         3924.11         4740.38  
    0.406       0          2376.52        2532.08         3904.48         4683.83  
    0.413       0          2430.58        2636.28         3864.36         4642.95  
    0.419       0          2231.89        2484.59         3771.04         4611.40  
    0.425       0          238.72        2376.23         2920.66         3912.06  
    0.431       234.30          2050.40        2708.69         3766.07         4605.61  
    0.438       331.32          2286.15        2692.37         3766.37         4917.77  
    0.444       361.05          2278.97        2659.13         3761.44         5278.85  
    0.450       367.08          2255.04        2654.15         3752.90         4687.54  
    0.456       364.27          2241.96        2757.59         3760.87         4520.80  
    0.463       364.08          2253.52        2801.99         3787.00         4524.24  
    0.469       366.55          2270.54        2815.91         3791.94         4538.35  
    0.475       366.41          2275.14        2823.20         3797.20         4543.90  
    0.481       365.37          2274.32        2812.38         3792.73         4537.33  
    0.488       360.96          2275.92        2807.36         3781.06         4531.72  
    0.494       360.36          2280.49        2806.85         3783.57         4592.02  
    0.500       359.79          2289.31        2789.61         3770.32         4535.67  
    0.506       354.03          2314.05        2757.07         3757.88         4442.69  
    0.513       348.20          2358.65        2735.29         3771.37         4390.70  
    0.519       345.02          2379.97        2696.37         3783.47         4362.49  
    0.525       341.10          2357.50        2640.03         3774.71         4610.43  
    0.531       337.84          2288.27        2598.47         3789.98         4753.33  
    0.537       343.56          2437.79        2573.44         3834.34         4870.27  
    0.544       338.52          2538.94        2782.67         4017.47         4915.61  
    0.550       314.98          2424.50        2721.90         4056.40         4971.85  
    0.556       281.40          2153.52        2686.18         3845.38         4994.26  
    0.562       284.78          2419.30        2688.81         4164.21         5445.51  
    0.569       366.19          2215.34        2742.67         4339.96         5500.00  
    0.575       401.03          2125.40        2666.52         3839.53         4869.74  
    0.581       380.27          2058.04        2703.42         3795.67         4811.26  
    0.588       365.22          2064.75        2636.62         3792.91         5063.61  
    0.594       361.33          2016.92        2627.29         3927.40         5131.51  
    0.600       345.18          1997.06        2686.92         3723.48         4996.67  
    0.606       315.04          1999.79        2562.31         3772.00         4942.47  
    0.613       335.15          2054.93        2499.68         3844.42         5086.60  
    0.619       334.84          2003.61        2557.75         3833.30         5008.95  
    0.625       342.80          2032.68        2564.46         3880.14         4995.59  
    0.631       346.23          1971.45        2507.34         3956.65         5036.68  
    0.638       420.89          1947.24        2449.93         4212.96         5011.00  
    0.644       777.50          1967.40        2443.83         4204.30         5004.36  
    