0.025       851.66          2365.57        2728.65         3622.28         5152.78  
    0.031       717.57          2353.10        2680.15         3552.40         5147.34  
    0.038       374.27          2307.64        2662.68         3604.68         5261.48  
    0.044       49.43          2298.29        2695.82         3593.10         5465.94  
    0.050       0          2313.87        2629.25         3502.24         4889.82  
    0.056       0          2239.84        2617.89         3433.35         4643.60  
    0.062       0          2245.74        2579.90         3361.11         4819.70  
    0.069       0          2125.50        2525.62         3402.76         4957.91  
    0.075       0          2014.01        2486.73         3417.57         4534.52  
    0.081       0          1825.44        2408.45         3446.20         4433.41  
    0.088       0          281.42        2102.92         2609.96         3652.23  
    0.094       0          781.80        2302.33         3213.32         4443.00  
    0.100       0          945.42        2301.64         3394.99         4606.93  
    0.106       574.98          851.64        2298.50         3462.79         5033.37  
    0.113       107.02          716.30        2337.07         2544.59         3987.49  
    0.119       594.36          901.21        2337.11         3575.88         4234.72  
    0.125       638.99          1043.32        2304.05         3792.22         4491.24  
    0.131       598.99          1075.48        2277.81         3794.24         4538.31  
    0.138       594.27          1068.52        2271.49         3717.66         4393.75  
    0.144       606.10          1062.47        2274.88         3681.23         4422.24  
    0.150       736.37          871.69        2264.62         3713.74         4057.59  
    0.156       119.29          131.23        972.08         2431.57         3435.44  
    0.163       0          568.99        1884.34         2839.13         3786.52  
    0.169       0          609.02        1987.71         2814.59         3884.36  
    0.175       0          498.75        1839.72         2761.77         3906.48  
    0.181       0          453.37        1439.89         2805.63         3899.93  
    0.188       0          465.09        1406.02         2700.67         3872.93  
    0.194       0          480.90        1525.95         2644.19         3924.17  
    0.200       419.89          1191.69        2307.31         3711.47         5076.92  
    0.206       516.17          1461.50        2352.32         3948.58         5466.98  
    0.213       519.29          1324.77        2279.39         3741.02         4789.01  
    0.219       517.40          1225.64        2309.42         3614.29         4700.53  
    0.225       555.41          1318.26        2312.08         3716.69         4889.61  
    0.231       563.50          1410.88        2506.19         3794.15         5409.50  
    0.238       88.45          807.09        2583.19         3512.45         5001.93  
    0.244       487.58          2317.38        2966.01         3467.03         4851.47  
    0.250       498.88          2327.01        2815.84         3880.80         4931.89  
    0.256       458.09          2226.22        2796.97         4052.71         5014.87  
    0.263       529.21          2291.00        2839.27         4043.21         5100.96  
    0.269       583.47          2335.47        2822.02         3875.81         5068.09  
    0.275       484.82          2223.41        2886.97         3880.51         5016.73  
    0.281       323.47          2145.46        2909.73         3869.45         4975.90  
    0.288       278.96          2117.08        2873.47         3770.89         5069.62  
    0.294       278.23          2164.34        2944.19         3927.70         5435.38  
    0.300       293.25          2188.17        2958.43         3947.39         5500.00  
    0.306       46.44          606.03        2329.57         3101.65         4176.62  
    0.312       272.69          1932.19        2837.50         3669.94         5253.69  
    0.319       324.72          2217.59        2949.13         3748.72         5500.00  
    0.325       332.49          2207.45        2954.57         3729.76         5500.00  
    0.331       344.79          2206.11        2952.24         3730.55         5500.00  
    0.338       350.46          2233.13        2929.95         3714.89         5500.00  
    0.344       362.36          2263.13        2883.06         3689.92         5500.00  
    0.350       360.25          2263.37        2783.93         3694.74         5500.00  
    0.356       343.09          2265.91        2715.09         3693.17         5209.09  
    0.363       325.58          2322.56        2771.56         3693.53         5048.26  
    0.369       342.88          2400.90        3115.56         3675.78         5010.40  
    0.375       366.05          2322.64        3089.70         4239.83         5422.65  
    