0.025       1885.33          2588.29        3172.24         3907.38         4860.32  
    0.031       1850.28          2562.71        3220.61         3974.34         4848.23  
    0.038       1830.14          2595.74        3222.30         3896.34         4880.88  
    0.044       1876.60          2272.88        3068.41         3805.90         4967.66  
    0.050       1927.34          2746.96        3020.19         3718.78         4933.49  
    0.056       508.76          2201.90        2955.01         3710.25         4597.34  
    0.062       1349.67          1919.21        3226.66         3876.88         4788.30  
    0.069       1669.50          1909.73        3308.00         4012.39         4882.38  
    0.075       1425.31          1925.13        3314.57         4079.10         4891.71  
    0.081       1262.07          1921.77        3407.55         3953.31         4816.36  
    0.088       1112.74          1873.45        3499.02         3984.52         5313.14  
    0.094       983.42          1845.00        3270.06         3960.75         5105.27  
    0.100       944.02          1951.76        2968.56         3889.46         4917.29  
    0.106       246.93          1264.08        2388.51         3835.31         4882.89  
    0.113       0          1012.69        2258.18         3889.94         5057.79  
    0.119       0          864.75        2186.77         3912.00         5002.90  
    0.125       292.48          994.35        2249.18         4038.67         5029.75  
    0.131       441.75          1074.98        2280.29         4272.73         5003.83  
    0.138       470.27          1075.27        2233.29         4370.83         4954.84  
    0.144       484.10          1047.23        2195.91         4392.96         4968.70  
    0.150       502.55          1027.47        2207.72         4394.67         4969.10  
    0.156       524.85          1025.17        2258.44         4406.35         4917.07  
    0.163       538.43          1031.33        2366.29         4454.81         4761.77  
    0.169       545.40          1048.28        2501.79         4327.79         4651.38  
    0.175       540.02          1082.14        2565.82         4130.59         4627.26  
    0.181       522.55          1120.48        2570.78         4205.12         4575.48  
    0.188       501.99          1160.38        2532.07         4376.62         4662.62  
    0.194       487.20          1208.92        2487.42         4384.53         5290.13  
    0.200       126.94          677.45        1632.92         2854.76         4672.49  
    0.206       312.09          1091.23        1917.28         3818.97         5205.68  
    0.213       346.52          1316.87        2105.42         3998.31         5079.38  
    0.219       83.77          346.38        1541.73         2625.16         4268.30  
    0.225       225.15          1098.76        2305.27         3621.53         5115.13  
    0.231       371.92          1489.10        2917.14         4007.60         5500.00  
    0.238       103.80          790.34        2109.32         3807.75         4913.10  
    0.244       0          609.79        2057.00         3154.20         4519.01  
    0.250       474.73          1488.90        2543.05         3493.80         4651.04  
    0.256       168.85          470.40        1994.41         2937.01         4085.06  
    0.263       0          1271.69        2390.29         3541.81         4482.75  
    0.269       0          1771.25        2762.51         3784.03         4672.56  
    0.275       964.29          1842.39        3110.63         3884.21         4773.08  
    0.281       342.97          1858.66        2763.79         3958.86         4800.01  
    0.288       0          1841.24        2557.91         3997.66         4908.98  
    0.294       0          1931.65        2478.96         4013.30         5009.17  
    0.300       0          2043.42        2389.64         3909.11         4926.73  
    0.306       0          543.34        2377.33         2897.68         4201.24  
    0.312       151.88          1606.14        2520.50         3613.21         4769.36  
    0.319       230.99          2102.90        2610.46         4162.53         5068.52  
    0.325       268.87          2085.07        2632.37         4307.62         5147.15  
    0.331       293.84          2048.64        2619.38         4265.27         5243.43  
    0.338       306.84          2008.63        2611.04         4181.66         5116.31  
    0.344       315.77          2065.35        2615.24         4494.30         4965.46  
    0.350       324.54          2124.72        2549.36         4557.61         4927.01  
    0.356       331.82          2124.09        2575.86         4592.71         5349.30  
    0.363       335.07          2095.21        2618.84         4585.29         5500.00  
    0.369       336.46          2072.60        2613.69         4512.15         5290.77  
    0.375       339.30          2074.52        2636.09         4507.19         5425.58  
    0.381       338.29          2086.20        2591.26         4479.84         5191.98  
    0.388       339.63          2080.24        2520.53         4397.16         5037.86  
    0.394       340.20          2099.96        2483.13         4456.61         5246.31  
    