0.025       0          2174.98        3302.25         3999.82         5056.47  
    0.031       0          2181.02        3303.76         3799.78         4729.08  
    0.038       0          2237.10        3249.81         3690.56         4552.54  
    0.044       0          2371.81        3242.84         3867.35         4666.28  
    0.050       0          2312.50        3266.79         3799.68         4562.62  
    0.056       0          2107.44        3258.46         3678.46         4453.16  
    0.062       0          2161.88        3258.45         3958.69         4496.51  
    0.069       0          2330.75        3230.87         4147.08         4822.87  
    0.075       0          2411.01        3223.46         4017.81         5031.21  
    0.081       0          2460.89        3266.67         4013.67         4973.53  
    0.088       0          2443.76        3285.79         4152.78         5251.55  
    0.094       688.79          2399.30        3240.56         4136.01         5328.12  
    0.100       1226.58          2349.23        3210.94         4050.41         5115.85  
    0.106       1333.47          2329.59        3226.06         4077.15         5099.84  
    0.113       1464.81          2359.56        3243.77         4067.28         5204.62  
    0.119       1487.74          2377.55        3312.38         4076.56         5269.36  
    0.125       1506.66          2402.95        3475.25         4219.58         5399.45  
    0.131       683.01          1954.20        3043.84         3867.60         4859.30  
    0.138       0          1461.64        2541.62         3305.12         4333.98  
    0.144       0          1202.60        2054.06         3227.28         4362.58  
    0.150       0          892.73        1440.57         3260.10         4504.59  
    0.156       0          849.64        1327.04         3073.23         4493.28  
    0.163       0          986.34        1523.28         3032.43         4414.69  
    0.169       0          1032.92        1555.34         3075.90         4392.87  
    0.175       422.69          1104.31        1947.48         3761.15         4486.68  
    0.181       795.68          1151.65        2295.93         4173.51         4537.47  
    0.188       760.00          1159.13        2243.24         3943.94         4657.55  
    0.194       701.32          1181.16        2287.58         3912.09         4879.53  
    0.200       694.03          1196.63        2422.91         3964.91         4922.05  
    0.206       694.44          1210.69        2498.16         3836.45         4714.90  
    0.213       689.55          1225.88        2486.05         3804.91         4676.81  
    0.219       684.48          1255.50        2444.51         3905.67         4987.86  
    0.225       697.58          1308.02        2395.31         3926.15         5351.94  
    0.231       318.08          1122.01        1811.06         3146.41         4597.12  
    0.238       0          1047.19        1371.51         2527.45         3865.91  
    0.244       0          789.79        1361.65         2254.83         3914.79  
    0.250       0          527.30        1335.62         2321.17         3971.01  
    0.256       0          529.48        1309.20         2803.31         3903.43  
    0.263       270.35          941.23        2097.42         3334.65         4753.75  
    0.269       578.41          1295.16        2640.65         3512.41         5500.00  
    0.275       646.99          1337.39        2624.42         3534.45         5500.00  
    0.281       650.70          1424.79        2530.33         3535.45         5500.00  
    0.288       659.98          1450.00        2402.51         3437.96         5500.00  
    0.294       680.03          1417.39        2491.06         3395.42         5500.00  
    0.300       701.08          1414.98        2978.02         3443.30         5500.00  
    0.306       317.18          1021.99        2356.06         3369.80         4841.82  
    0.312       0          681.62        1673.73         3265.40         4297.88  
    0.319       0          682.04        2240.16         3252.59         4293.91  
    0.325       0          937.70        2634.52         3661.59         4353.74  
    0.331       0          1139.36        2626.87         3991.69         4465.27  
    0.338       627.63          1884.07        3362.54         4415.77         4790.01  
    0.344       510.46          2227.89        3180.92         4338.60         4814.27  
    0.350       848.38          2064.52        3265.89         4210.88         4717.70  
    0.356       1219.50          2188.43        3787.06         4366.91         4843.68  
    0.363       894.23          2307.91        3730.45         4552.55         4825.39  
    0.369       377.04          1832.88        3218.49         4205.67         4748.41  
    0.375       0          1613.14        2820.81         3772.78         4693.28  
    0.381       0          1914.15        2825.15         3742.37         4629.20  
    0.388       0          2012.37        2846.07         3692.46         4577.91  
    0.394       160.44          2143.84        2915.01         3928.74         4783.48  
    0.400       309.66          2214.43        2946.04         3924.95         5050.26  
    0.406       328.26          2169.30        2943.03         3728.32         5133.76  
    0.413       324.92          2162.43        2948.70         3723.77         5163.74  
    0.419       314.94          2176.04        2961.81         3750.36         5181.34  
    0.425       310.52          2192.45        2966.86         3743.00         5154.45  
    0.431       310.53          2199.21        2959.97         3721.29         5173.24  
    0.438       310.35          2216.01        2961.15         3721.43         5240.44  
    