0.025       2047.60          2403.93        3351.73         4594.01         5052.76  
    0.031       2052.09          2462.70        3805.69         4671.48         5448.68  
    0.038       2026.79          2254.83        3498.45         4648.83         5078.05  
    0.044       2030.67          2234.69        3302.56         4582.80         5035.83  
    0.050       2060.21          2308.20        3051.99         4436.78         5065.05  
    0.056       1989.06          2152.12        2981.54         4323.94         5002.63  
    0.062       1703.40          2104.95        3161.82         4145.27         4981.81  
    0.069       1478.66          2083.32        3508.11         4107.49         5023.43  
    0.075       1425.69          2102.82        2995.20         4136.19         4909.99  
    0.081       1331.71          2086.88        2902.65         4182.34         4901.03  
    0.088       1084.42          2104.61        3055.72         4170.47         5039.75  
    0.094       120.92          690.30        2292.77         3672.29         4311.33  
    0.100       0          513.71        2170.60         3108.40         4246.39  
    0.106       0          521.06        2191.88         2922.77         4204.35  
    0.113       436.60          631.07        2313.38         4013.85         5350.65  
    0.119       56.59          495.06        2326.36         3396.97         4358.50  
    0.125       0          465.49        2272.47         2990.12         4384.53  
    0.131       0          488.55        2449.35         3004.01         4494.67  
    0.138       0          477.67        1666.44         2951.19         4311.04  
    0.144       423.19          1355.81        2458.62         3770.01         4272.70  
    0.150       478.25          1429.56        2432.17         3836.62         4479.01  
    0.156       476.16          1441.51        2390.69         3929.94         4443.53  
    0.163       476.86          1477.06        2554.03         4029.45         4217.40  
    0.169       476.47          1418.07        2578.07         3843.61         4589.54  
    0.175       475.38          1389.87        2699.16         3785.25         4730.49  
    0.181       469.48          1382.30        2827.80         3773.12         5066.38  
    0.188       464.63          1443.33        2726.29         3765.65         4798.35  
    0.194       459.21          1451.93        2696.43         3832.60         4956.70  
    0.200       52.62          569.81        1496.45         2854.16         4024.54  
    0.206       0          465.49        1332.76         2771.42         3888.37  
    0.213       0          460.58        1325.56         2858.45         3947.93  
    0.219       0          458.78        1305.13         2935.10         3799.18  
    0.225       0          453.16        1324.14         2916.04         3798.81  
    0.231       0          434.20        1344.40         2926.16         3834.55  
    0.238       385.48          1158.71        2518.59         3792.66         5309.40  
    0.244       441.38          1315.48        2653.56         4072.87         5500.00  
    0.250       440.57          1304.08        2756.29         3867.99         5500.00  
    0.256       420.87          1369.75        2826.96         3821.19         5500.00  
    0.263       413.87          1251.52        2836.84         3825.50         5500.00  
    0.269       459.40          1425.21        2733.27         3722.15         5500.00  
    0.275       469.20          1558.49        2771.61         3638.77         5500.00  
    0.281       481.20          1687.63        2920.37         3634.56         5500.00  
    0.288       549.56          1924.25        2967.09         3641.82         5500.00  
    0.294       64.05          1706.41        2871.92         3592.07         3866.77  
    0.300       207.17          2427.33        3278.42         3684.22         5288.32  
    0.306       290.83          2251.94        3118.29         3689.98         5500.00  
    0.312       305.23          2076.41        2827.59         3467.32         4775.33  
    0.319       91.77          2266.82        2726.81         3412.28         4177.01  
    0.325       7.34          1341.75        2705.74         3379.40         3994.96  
    0.331       0          1088.62        2724.35         3362.92         3476.16  
    0.338       0          122.98        312.89         2558.94         2848.27  
    0.344       80.79          1963.70        2490.40         3282.86         5187.38  
    0.350       205.48          2031.16        2838.26         3357.33         5500.00  
    0.356       252.94          1906.40        2856.12         3344.01         5500.00  
    0.363       272.91          1859.87        2863.44         3355.37         5500.00  
    0.369       287.04          1869.83        2867.61         3343.79         5500.00  
    0.375       295.57          1814.81        2862.12         3300.63         5500.00  
    0.381       301.46          1811.22        2861.14         3292.18         5500.00  
    0.388       306.12          1817.02        2856.96         3278.73         5500.00  
    