0.025       2029.52          2503.01        2977.40         4384.24         5500.00  
    0.031       2078.15          2517.90        3031.48         4359.73         5330.43  
    0.038       2124.54          2560.78        3242.67         4373.21         5424.39  
    0.044       2152.59          2580.19        3424.58         4437.88         5500.00  
    0.050       2193.87          2595.31        3511.46         4016.20         5236.00  
    0.056       2256.64          2731.95        3184.47         3845.73         5137.01  
    0.062       2319.85          2814.25        3027.98         3981.24         5390.63  
    0.069       2337.75          2623.81        2983.93         4099.82         5372.30  
    0.075       2319.34          2582.05        3009.76         4088.58         5155.51  
    0.081       2344.44          2601.37        3075.07         3977.57         5094.89  
    0.088       2338.44          2621.88        3164.25         4134.59         5067.79  
    0.094       2304.64          2606.59        3403.91         4516.14         5362.33  
    0.100       2299.31          2620.73        3473.35         4767.53         5500.00  
    0.106       709.85          2386.58        3031.94         4025.23         5109.62  
    0.113       1579.70          2527.86        2870.12         3791.10         4973.72  
    0.119       2005.01          2423.59        2932.06         3786.35         4943.25  
    0.125       1745.14          2322.83        3006.45         3725.73         4998.11  
    0.131       1533.01          2316.43        3023.14         3733.55         5009.97  
    0.138       1482.03          2453.24        3083.50         3687.81         4952.79  
    0.144       459.34          1835.11        2711.13         3567.04         4654.77  
    0.150       0          1496.16        2469.01         3393.47         4500.47  
    0.156       0          1390.31        2419.29         3245.13         4533.48  
    0.163       334.33          1307.61        2533.66         3300.03         4906.18  
    0.169       540.45          1310.09        2477.90         3206.87         4916.00  
    0.175       594.16          1323.32        2471.11         3371.58         4639.06  
    0.181       603.29          1320.62        2529.31         3569.67         4484.13  
    0.188       604.44          1304.43        2586.16         3761.80         4519.81  
    0.194       607.68          1281.92        2574.56         3900.80         4506.13  
    0.200       607.33          1259.52        2540.65         3966.52         4467.52  
    0.206       603.74          1241.11        2446.67         4014.13         4535.92  
    0.213       597.83          1233.63        2414.20         3930.83         4593.56  
    0.219       599.55          1223.08        2468.51         3919.54         4604.85  
    0.225       603.39          1221.82        2559.16         4183.47         5224.08  
    0.231       601.36          1225.43        2536.42         4184.94         5500.00  
    0.238       600.85          1231.37        2639.02         4165.79         5500.00  
    0.244       185.41          790.82        1700.75         3225.35         4735.30  
    0.250       0          582.98        1269.42         2741.82         4137.43  
    0.256       0          573.57        1284.62         2738.84         3987.31  
    0.263       0          564.62        1305.25         2696.43         4019.36  
    0.269       367.99          1097.12        2454.39         3153.70         4407.78  
    0.275       164.09          1319.35        1840.03         3065.69         4463.78  
    0.281       0          766.20        1348.94         2887.98         4270.67  
    0.288       0          550.74        1345.95         2857.81         4159.52  
    0.294       0          568.19        1315.60         2932.80         4074.47  
    0.300       405.89          1066.19        2346.82         3620.30         5051.53  
    0.306       573.48          1267.86        2772.96         3950.23         5500.00  
    0.312       522.34          1269.52        2717.42         3959.12         5500.00  
    0.319       533.93          1288.11        2634.16         4016.15         5500.00  
    0.325       533.30          1258.03        2701.16         3946.15         5500.00  
    0.331       500.44          1262.47        2726.87         3837.34         5500.00  
    0.338       515.87          1306.03        2814.53         3928.71         5500.00  
    0.344       663.74          1285.83        2918.85         3948.11         5500.00  
    0.350       727.26          1315.14        2804.78         3917.67         5500.00  
    0.356       224.69          411.79        1663.19         3214.37         4420.63  
    0.363       687.92          1690.08        2554.34         3547.35         5018.71  
    0.369       961.34          2369.21        3007.09         3833.50         4796.38  
    0.375       961.68          2435.85        3471.37         4045.80         4323.27  
    0.381       298.66          1982.24        2966.42         3835.35         4227.01  
    0.388       0          1808.03        2761.94         3691.51         4255.35  
    0.394       0          1826.86        2802.79         3699.64         4550.08  
    0.400       0          1804.89        2788.40         3706.96         4769.92  
    0.406       0          1823.96        2790.90         3686.72         4693.69  
    0.413       0          1842.48        2750.33         3661.84         4570.60  
    0.419       0          1856.34        2777.30         3652.22         4758.71  
    0.425       0          574.02        2167.20         3077.89         4038.06  
    0.431       0          0        1920.45         2794.89         3706.69  
    0.438       0          0        1934.44         2754.70         3700.35  
    0.444       173.82          1446.11        2545.08         3402.14         4330.60  
    0.450       300.77          2195.11        2802.16         3667.42         4518.52  
    0.456       338.49          2278.02        2735.85         3660.13         4043.76  
    0.463       355.13          2280.71        2686.51         3666.83         3879.86  
    0.469       360.56          2256.88        2699.70         3670.72         4085.85  
    0.475       360.30          2291.75        2738.35         3686.31         4225.52  
    0.481       359.80          2290.95        2779.69         3683.56         4323.15  
    0.488       361.28          2284.64        2795.46         3687.50         4370.61  
    0.494       362.06          2293.04        2746.78         3712.36         4374.71  
    0.500       362.61          2279.30        2707.39         3718.68         4380.92  
    