0.025       0          2382.56        2403.49         3318.36         5239.33  
    0.031       0          2153.11        2434.81         3357.21         4682.66  
    0.038       0          1883.15        2354.49         3438.17         4470.84  
    0.044       0          1838.50        2388.26         3451.92         4598.26  
    0.050       0          943.69        2367.77         3245.08         4293.86  
    0.056       0          976.24        2297.57         3312.51         4259.72  
    0.062       0          882.49        2307.57         3476.21         4663.22  
    0.069       582.96          1015.46        2405.74         3620.61         5404.40  
    0.075       777.87          948.82        2448.20         3870.73         5500.00  
    0.081       684.02          1022.54        2387.42         3904.46         5236.68  
    0.088       603.70          1065.11        2280.34         3851.17         5298.65  
    0.094       607.98          1063.53        2263.01         3824.57         5247.08  
    0.100       614.05          1058.51        2255.40         3802.05         5467.91  
    0.106       694.27          998.56        2278.71         3779.52         5500.00  
    0.113       86.37          886.59        1915.09         2435.40         3990.41  
    0.119       0          838.01        2056.94         2594.14         3802.26  
    0.125       0          793.61        1988.11         2693.54         3823.59  
    0.131       0          750.87        1950.26         2738.81         3847.54  
    0.138       0          587.57        1515.10         2683.10         3853.31  
    0.144       0          500.16        1270.61         2625.98         3837.73  
    0.150       0          490.07        1394.40         2394.56         3877.33  
    0.156       445.19          1193.27        2351.00         3722.03         5302.02  
    0.163       518.22          1299.21        2459.78         3907.45         5500.00  
    0.169       529.17          1377.99        2315.58         3886.52         5500.00  
    0.175       526.03          1239.90        2333.19         3754.59         5500.00  
    0.181       558.95          1252.70        2335.81         3750.21         5500.00  
    0.188       566.12          1361.13        2397.81         3787.41         5500.00  
    0.194       603.15          1363.00        2615.81         3711.40         5094.60  
    0.200       74.48          807.22        2611.61         3432.90         4818.27  
    0.206       466.77          2173.48        2704.67         3827.10         4920.78  
    0.213       469.22          2207.62        2777.67         4004.79         5023.44  
    0.219       499.02          2261.17        2827.24         4080.28         5190.16  
    0.225       586.32          2337.00        2831.88         3916.33         5188.99  
    0.231       535.13          2264.70        2865.66         3877.84         5125.28  
    0.238       351.96          2173.77        2921.37         3985.27         5053.73  
    0.244       273.92          2128.22        2896.36         3842.73         5286.11  
    0.250       261.70          2134.60        2926.07         3838.49         5477.93  
    0.256       273.96          2140.11        2936.57         3819.65         5500.00  
    0.263       288.73          2154.29        2933.51         3832.54         5500.00  
    0.269       306.36          2181.77        2942.47         3740.00         5500.00  
    0.275       313.41          2183.19        2935.10         3652.76         5500.00  
    