0.025       0          1747.13        2845.72         3678.85         4452.62  
    0.031       0          1726.08        2813.87         3574.14         4482.22  
    0.038       0          1728.08        2770.66         3609.67         4483.58  
    0.044       0          1784.30        2771.78         3763.12         4789.63  
    0.050       0          873.10        2269.24         3312.52         4408.93  
    0.056       0          912.59        2341.29         3379.67         4671.66  
    0.062       291.44          1783.76        2862.23         3869.11         5341.51  
    0.069       269.31          869.06        2314.79         3354.38         4533.17  
    0.075       216.33          919.21        2320.92         3398.57         4524.65  
    0.081       540.23          1767.75        2827.68         3910.64         5101.13  
    0.088       684.46          1777.73        2875.87         3926.53         4946.39  
    0.094       793.99          1778.23        2836.77         3897.40         4733.00  
    0.100       889.19          1656.81        2740.34         3859.50         4657.17  
    0.106       848.36          1535.19        2688.77         3841.53         4637.59  
    0.113       715.58          1470.32        2554.10         3772.23         4572.65  
    0.119       644.89          1375.80        2457.81         3671.20         4488.89  
    0.125       656.61          1348.27        2504.88         3636.37         4492.24  
    0.131       670.83          1373.69        2477.50         3714.19         4538.99  
    0.138       674.12          1384.85        2420.03         3830.51         4595.13  
    0.144       670.85          1396.02        2436.33         3853.24         4680.07  
    0.150       671.54          1423.42        2452.59         3761.45         4747.80  
    0.156       675.65          1474.93        2489.06         3683.14         4721.50  
    0.163       675.46          1515.87        2496.26         3726.89         4674.68  
    0.169       675.50          1571.38        2462.51         3803.82         4771.42  
    0.175       676.44          1608.51        2514.98         3786.21         4789.62  
    0.181       674.49          1585.62        2663.97         3757.78         4686.28  
    0.188       672.64          1546.48        2830.22         3812.03         4682.66  
    0.194       662.03          1511.16        2956.49         3819.62         4720.22  
    0.200       641.21          1550.80        3047.76         3889.72         4465.69  
    0.206       637.67          1616.46        3095.67         3710.92         4327.99  
    0.213       620.58          1608.04        3082.14         3604.20         4465.60  
    0.219       564.02          1531.42        3083.71         3760.88         4450.44  
    0.225       577.77          1471.57        3106.46         3768.48         4756.10  
    0.231       297.82          1045.92        2255.44         3405.42         4501.69  
    0.238       0          666.43        1456.92         3161.78         3828.92  
    0.244       0          637.45        1442.09         3250.82         3772.06  
    0.250       290.84          1019.20        2342.98         3501.75         4701.67  
    0.256       558.82          1382.49        3131.08         3650.28         5500.00  
    0.263       537.23          1362.72        3041.70         3631.10         5500.00  
    0.269       498.47          1364.62        2965.77         3707.88         5500.00  
    0.275       538.21          1445.56        3015.10         3640.23         5500.00  
    0.281       629.84          1721.69        3120.75         3577.88         5500.00  
    0.288       644.67          1954.86        3137.26         3684.84         5106.76  
    0.294       608.49          2003.25        3108.88         4048.67         4853.10  
    0.300       284.61          965.58        2512.13         3697.57         4729.16  
    0.306       0          994.48        2446.36         3589.35         4718.15  
    0.312       0          1928.32        2832.91         4029.50         4766.71  
    0.319       339.13          1959.71        2927.70         4070.61         4879.43  
    0.325       313.39          949.03        2519.73         3526.41         4501.81  
    0.331       157.32          1105.50        2536.20         3510.44         4363.09  
    0.338       315.47          2145.53        2934.29         4029.16         5136.80  
    0.344       339.93          2142.74        2835.95         3999.91         5500.00  
    0.350       360.02          2102.72        2775.74         3761.68         5140.56  
    0.356       374.78          2115.51        2880.10         3554.74         4824.07  
    0.363       380.79          2161.88        3082.98         3659.68         5182.33  
    0.369       378.34          2184.07        3175.76         3752.52         5266.05  
    0.375       375.51          2192.81        3181.63         3745.98         5219.71  
    0.381       374.42          2191.10        3157.76         3721.57         5165.60  
    0.388       374.12          2182.00        3152.10         3686.41         5245.73  
    0.394       372.43          2177.37        3106.94         3613.01         5262.09  
    0.400       370.17          2182.55        3043.35         3544.44         4952.49  
    0.406       369.99          2189.80        3009.61         3553.91         4874.88  
    0.413       371.60          2195.96        2985.51         3562.06         4898.98  
    0.419       376.23          2188.26        2970.19         3597.74         4909.45  
    0.425       380.66          2179.93        2967.80         3584.47         4899.28  
    0.431       381.84          2196.12        2972.66         3591.85         4857.84  
    0.438       382.66          2220.01        3002.91         3644.01         4644.06  
    0.444       379.35          2228.65        2980.56         3434.15         4280.56  
    0.450       369.14          2225.91        2741.95         3249.88         4082.19  
    0.456       354.49          2228.07        2504.95         3265.37         4070.63  
    0.463       336.26          2237.94        2449.54         3286.23         4123.55  
    0.469       303.02          2251.97        2491.92         3358.69         4181.90  
    0.475       135.00          1244.99        2415.24         3259.53         4062.00  
    0.481       0          322.68        2270.18         3123.18         3942.44  
    0.488       0          341.68        2241.80         3127.98         3886.76  
    0.494       0          350.49        2262.47         3124.77         3815.93  
    0.500       0          361.20        2275.56         3183.01         3758.40  
    0.506       0          372.15        2283.80         3267.15         3664.35  
    0.513       0          376.15        2281.78         3279.63         3539.82  
    