0.025       1573.54          2584.28        3349.02         4150.25         5500.00  
    0.031       1570.14          2559.82        3349.64         4129.94         5500.00  
    0.038       1575.42          2606.68        3330.44         4191.56         5500.00  
    0.044       445.14          1891.60        2914.02         3565.70         4564.97  
    0.050       0          1587.45        2722.36         3324.60         4165.00  
    0.056       0          1533.20        2594.32         3330.00         4225.80  
    0.062       0          1446.35        2479.37         3291.25         4315.93  
    0.069       708.16          1399.86        3028.41         4024.38         5172.78  
    0.075       278.25          1331.31        2001.05         3559.44         4732.94  
    0.081       267.48          1315.01        2622.11         4263.74         5198.60  
    0.088       456.06          1277.26        2593.02         4633.91         5219.48  
    0.094       545.41          1261.70        2288.56         3669.09         5182.35  
    0.100       588.04          1260.75        2260.94         3385.62         5108.79  
    0.106       596.02          1241.62        2299.16         3547.22         5128.57  
    0.113       598.94          1234.95        2336.27         3625.92         5149.52  
    0.119       604.50          1239.10        2339.49         3670.93         5112.91  
    0.125       606.80          1240.70        2343.38         3681.05         5177.10  
    0.131       606.28          1242.16        2351.25         3670.66         5208.93  
    0.138       606.09          1247.07        2365.22         3728.09         5268.94  
    0.144       603.55          1259.04        2326.17         3741.49         5394.99  
    0.150       597.72          1285.71        2256.07         3738.50         5481.75  
    0.156       589.29          1333.49        2223.65         3816.04         5500.00  
    0.163       581.59          1382.58        2241.86         3950.01         5500.00  
    0.169       163.49          802.78        1648.96         2765.36         4426.92  
    0.175       0          553.85        1418.67         2242.69         4136.02  
    0.181       0          513.88        1436.95         2018.46         4150.60  
    0.188       342.89          1225.96        1728.51         3261.02         5115.28  
    0.194       134.73          801.41        1630.58         3020.71         4403.30  
    0.200       0          532.39        1556.41         2936.20         4170.60  
    0.206       403.21          1250.88        2678.38         3276.00         4735.08  
    0.213       565.20          1522.07        2814.51         3901.00         5338.16  
    0.219       561.04          1517.05        2674.07         4088.19         5500.00  
    0.225       538.48          1496.89        2403.69         3896.56         5167.15  
    0.231       516.31          1465.02        2430.75         3900.65         5153.64  
    0.238       550.12          1452.04        2780.85         4159.68         5415.30  
    0.244       584.61          1462.50        2979.20         4259.94         5500.00  
    0.250       581.79          1447.38        2808.18         3982.84         5157.80  
    0.256       600.37          1434.87        2682.32         3858.21         5027.41  
    0.263       627.26          1470.89        2797.65         3683.78         5006.24  
    0.269       178.94          1242.90        2445.40         3248.28         4039.19  
    0.275       600.38          2082.92        2905.34         3608.69         4981.73  
    0.281       727.80          2481.78        3211.25         3861.07         5500.00  
    0.288       550.44          2546.14        3416.27         3912.77         4682.59  
    0.294       140.34          1981.74        2879.52         3713.85         3988.11  
    0.300       0          2022.34        2659.27         3651.71         4181.10  
    0.306       0          600.44        2635.92         2946.30         3858.92  
    0.312       0          224.12        2659.90         3143.18         4117.09  
    0.319       0          327.88        2562.18         3186.36         4200.30  
    0.325       242.44          1764.68        2799.72         3477.21         4926.56  
    0.331       333.42          2348.13        2836.00         3530.06         5422.60  
    0.338       321.97          2335.47        2867.47         3480.95         5184.35  
    0.344       316.98          2284.34        2935.50         3497.84         5086.90  
    0.350       321.32          2215.24        2879.29         3427.89         5258.83  
    0.356       324.67          2202.78        2849.95         3393.46         5293.34  
    0.363       324.47          2188.66        2857.14         3412.43         5091.68  
    0.369       323.56          2176.67        2862.47         3424.19         4949.33  
    0.375       322.84          2180.51        2869.56         3436.52         5032.80  
    0.381       321.43          2163.73        2876.64         3441.90         5140.25  
    0.388       322.24          2161.25        2883.24         3438.10         5295.55  
    0.394       323.64          2156.08        2889.27         3437.34         5127.63  
    0.400       323.70          2144.38        2890.76         3432.41         5044.21  
    0.406       323.97          2155.11        2904.97         3417.16         5196.50  
    0.413       323.89          2146.29        2899.91         3410.19         5104.15  
    0.419       325.50          2135.16        2907.48         3418.30         4889.58  
    0.425       327.05          2136.80        2912.70         3427.48         4818.75  
    0.431       328.74          2148.26        2909.58         3426.71         4796.37  
    0.438       330.13          2158.60        2909.73         3429.60         4854.88  
    0.444       331.97          2174.00        2905.57         3427.36         4914.04  
    0.450       337.45          2162.07        2901.58         3431.61         5167.48  
    0.456       342.63          2131.60        2887.72         3439.95         5139.57  
    0.463       347.60          2138.23        2882.60         3451.13         5384.77  
    0.469       353.25          2145.16        2898.07         3455.56         5500.00  
    0.475       357.45          2127.03        2938.23         3452.49         5159.22  
    