0.025       1561.12          1669.28        2938.08         4116.30         5020.57  
    0.031       1513.86          1670.22        2984.37         4019.09         5058.56  
    0.038       1451.29          1786.39        3058.11         3915.60         5011.57  
    0.044       1417.07          2033.05        3176.50         3956.66         4956.29  
    0.050       445.68          1627.10        2569.76         3818.86         4756.99  
    0.056       0          441.97        1524.51         2671.31         4133.01  
    0.062       273.48          740.35        1923.72         3143.24         4546.67  
    0.069       400.74          1069.81        2197.44         3439.65         4801.35  
    0.075       402.78          1062.99        2183.34         3323.45         4403.03  
    0.081       413.04          1053.69        2156.88         3235.54         4212.96  
    0.088       422.66          1034.75        2094.08         3196.46         4133.22  
    0.094       427.44          1026.65        2046.70         3256.83         4146.18  
    0.100       427.16          1035.50        2010.29         3362.71         4651.55  
    0.106       412.82          1042.03        1996.93         3367.13         5302.52  
    0.113       407.85          1046.89        1889.52         3228.31         4785.57  
    0.119       394.45          1043.09        1692.22         3132.01         4511.94  
    0.125       399.40          1030.79        1560.07         3190.42         4605.50  
    0.131       357.16          1003.11        1846.24         3458.79         4626.57  
    0.138       308.23          1001.93        2148.54         3571.91         4747.86  
    0.144       250.93          1034.66        2489.04         3534.86         5005.68  
    0.150       72.77          331.20        1492.49         2860.06         3990.71  
    0.156       116.68          682.50        2038.18         3224.14         4384.93  
    0.163       116.56          1020.66        2438.30         3590.51         4791.76  
    0.169       153.33          1017.52        2491.12         3651.30         4842.64  
    0.175       125.09          1036.28        2713.46         3780.67         5034.10  
    0.181       228.25          1078.03        2819.13         3774.70         5089.33  
    0.188       283.00          1073.91        2798.50         3635.85         5110.54  
    0.194       88.72          336.82        1576.13         3077.49         4124.28  
    0.200       0          0        1052.41         2768.01         3644.11  
    0.206       0          0        1036.74         2688.50         3719.43  
    0.213       445.77          1406.53        2113.55         3406.43         4786.24  
    0.219       591.00          2309.94        2602.42         3791.04         5247.20  
    0.225       177.93          767.18        2138.16         2976.92         4278.19  
    0.231       0          1194.33        2395.87         3394.01         4621.72  
    0.238       0          1684.70        2667.35         3728.84         4935.71  
    0.244       0          1249.11        2715.40         3727.41         4953.45  
    0.250       218.99          1974.40        2925.82         3829.15         4972.08  
    0.256       324.28          2199.97        2965.42         3859.74         4941.40  
    0.263       326.36          2105.27        2864.56         3807.93         4865.64  
    0.269       326.71          2094.65        2868.56         3776.50         5117.45  
    0.275       326.91          2090.67        2860.59         3764.87         5420.03  
    0.281       324.42          2080.88        2830.12         3750.21         5500.00  
    0.288       320.16          2062.21        2831.50         3711.70         5500.00  
    0.294       316.43          2049.73        2868.33         3642.80         5500.00  
    0.300       314.23          2051.14        2901.46         3533.30         5500.00  
    0.306       312.93          2055.45        2937.48         3494.68         5500.00  
    0.312       311.52          2059.59        2973.65         3524.94         5500.00  
    0.319       310.29          2071.61        3001.35         3523.16         5500.00  
    0.325       309.82          2078.21        3014.83         3497.23         5500.00  
    0.331       309.48          2075.92        3023.12         3475.72         5500.00  
    0.338       309.20          2068.53        3037.71         3465.76         5500.00  
    0.344       308.74          2054.23        2990.52         3441.02         5500.00  
    0.350       308.80          2055.72        2957.56         3404.36         5500.00  
    0.356       307.22          2075.65        2974.53         3434.77         5500.00  
    0.363       304.71          2090.67        3019.13         3468.23         5500.00  
    0.369       303.26          2103.81        3057.00         3468.50         5500.00  
    0.375       301.70          2106.26        3068.22         3451.50         5500.00  
    0.381       300.26          2101.91        3076.56         3441.57         5500.00  
    0.388       299.60          2103.05        3106.07         3450.68         5500.00  
    