0.025       2137.76          2357.15        3599.30         4653.01         5500.00  
    0.031       2007.31          2364.04        3468.62         4161.32         5121.86  
    0.038       1970.04          2441.23        3300.22         4136.36         4965.22  
    0.044       1923.39          2276.63        3206.35         4232.09         4881.89  
    0.050       1820.74          2223.17        3134.59         4318.81         4880.51  
    0.056       1833.23          2227.06        2970.79         4310.63         4979.48  
    0.062       1726.45          2187.80        2915.62         4248.74         4971.90  
    0.069       1555.18          2124.35        2877.56         4140.34         4925.91  
    0.075       1412.45          2076.95        2850.69         4086.85         4971.16  
    0.081       1308.38          2034.33        2738.36         4103.46         4928.67  
    0.088       1246.45          1958.51        2786.67         4158.16         4789.08  
    0.094       1122.99          1903.86        2970.50         4203.60         4881.51  
    0.100       335.99          1061.29        2332.81         3461.52         4476.39  
    0.106       0          573.46        2043.29         3019.03         4227.95  
    0.113       0          530.02        2217.19         3028.66         4254.46  
    0.119       341.88          673.48        2450.25         3828.01         4317.38  
    0.125       507.27          648.05        2580.73         4165.06         4669.11  
    0.131       160.12          502.99        2320.43         3359.68         4522.90  
    0.138       0          142.53        1036.76         2628.71         3562.30  
    0.144       326.67          628.56        1538.53         2921.52         4085.87  
    0.150       481.38          1344.64        2497.83         3597.81         4171.98  
    0.156       484.93          1510.84        2550.05         3783.34         4147.90  
    0.163       481.81          1513.41        2415.57         3822.62         4306.15  
    0.169       481.66          1608.99        2554.37         3853.73         4201.38  
    0.175       483.64          1602.99        2726.49         3890.46         4372.10  
    0.181       481.69          1539.97        2693.90         3814.68         4650.84  
    0.188       474.55          1471.63        2813.73         3795.05         4929.62  
    0.194       468.48          1528.71        2803.97         3800.80         4879.28  
    0.200       462.86          1551.95        2752.07         3883.93         4781.06  
    0.206       451.99          1461.84        2727.54         3913.76         5270.25  
    0.213       140.15          751.23        1772.49         3134.89         4439.90  
    0.219       0          449.45        1330.15         2819.18         4024.24  
    0.225       312.64          1044.53        2455.80         3500.14         5047.77  
    0.231       455.20          1338.07        2929.75         3827.68         5500.00  
    0.238       142.47          718.30        1856.20         3207.40         4380.25  
    0.244       298.76          984.65        2292.13         3607.16         4990.01  
    0.250       436.10          1320.75        2617.60         3988.25         4993.97  
    0.256       446.44          1350.72        2714.57         3948.37         5269.53  
    0.263       428.05          1409.63        2831.61         3852.20         5500.00  
    0.269       409.74          1332.27        2856.61         3893.15         5500.00  
    0.275       127.09          720.67        1926.14         3204.25         4472.47  
    0.281       0          475.05        1630.09         2887.61         4063.11  
    0.288       325.77          1104.03        2417.60         3419.46         5058.71  
    0.294       523.48          1697.10        2787.36         3623.19         5130.78  
    0.300       547.88          1892.68        2811.14         3641.33         4918.31  
    0.306       397.38          2103.94        2776.52         3742.40         4832.21  
    0.312       318.26          2292.37        2892.60         3915.53         5281.63  
    0.319       319.86          2007.18        2826.45         3666.64         4928.21  
    0.325       314.21          1945.11        2751.97         3482.68         4636.99  
    0.331       273.37          2033.00        2747.06         3493.34         4569.68  
    0.338       269.39          2043.95        2766.49         3543.65         4629.00  
    0.344       285.95          1964.84        2773.68         3487.14         4858.85  
    0.350       290.07          1915.78        2780.40         3417.69         5006.56  
    0.356       293.54          1911.74        2796.31         3379.56         5170.28  
    0.363       290.78          1930.16        2810.05         3367.28         5416.24  
    0.369       289.23          1912.39        2827.98         3411.16         5500.00  
    0.375       289.76          1843.37        2831.56         3402.36         5500.00  
    0.381       292.60          1810.40        2822.48         3340.02         5500.00  
    0.388       298.23          1810.28        2802.18         3286.48         5224.43  
    0.394       302.90          1786.78        2772.74         3254.60         5128.35  
    0.400       310.47          1750.19        2748.33         3236.08         5062.07  
    0.406       321.95          1739.62        2745.35         3251.86         5001.47  
    0.413       326.35          1753.52        2714.65         3203.81         4902.94  
    0.419       318.86          1790.83        2721.81         3259.15         4736.76  
    0.425       314.43          1882.57        2799.83         3438.39         4647.96  
    