0.025       1882.94          2599.76        3220.46         3692.83         4895.69  
    0.031       1901.05          2601.48        3151.60         3673.11         4982.74  
    0.038       1935.32          2590.82        3118.45         3668.60         4967.52  
    0.044       1943.71          2938.06        3333.14         3683.12         4954.67  
    0.050       1920.63          2619.69        3301.12         3795.00         4933.18  
    0.056       1909.01          2379.73        3304.62         3850.81         4915.50  
    0.062       1895.18          2355.45        3311.29         3968.63         4896.22  
    0.069       132.49          1907.43        3392.38         3915.54         5487.40  
    0.075       1291.73          1871.84        3453.45         3891.28         5500.00  
    0.081       1018.58          1907.01        3379.78         3816.62         5031.49  
    0.088       938.07          1885.12        3310.56         3872.36         4977.97  
    0.094       970.73          1936.08        3516.65         3641.70         4894.48  
    0.100       20.27          1101.78        2525.90         3704.43         3993.15  
    0.106       0          920.07        2371.43         3844.05         4974.45  
    0.113       188.32          973.80        2233.88         3848.50         5024.37  
    0.119       462.34          1133.56        2380.42         4020.51         5010.09  
    0.125       490.03          1098.65        2272.09         4165.75         4960.34  
    0.131       504.50          1049.29        2205.04         4160.06         4951.72  
    0.138       517.29          1026.28        2213.02         4265.51         4956.93  
    0.144       537.38          1026.03        2252.79         4336.44         4896.30  
    0.150       558.27          1035.22        2369.90         4427.18         4734.48  
    0.156       570.12          1055.44        2613.90         4193.30         4643.64  
    0.163       558.93          1088.98        2683.03         3786.05         4631.21  
    0.169       534.24          1120.58        2627.79         4012.53         4600.71  
    0.175       501.64          1145.70        2544.47         4449.64         4579.65  
    0.181       468.90          1172.13        2500.42         4392.14         5480.79  
    0.188       9.77          465.96        1237.45         2447.67         4378.16  
    0.194       418.16          1234.91        2140.71         4353.42         5476.10  
    0.200       368.19          1287.81        2073.09         3961.00         4925.44  
    0.206       7.65          26.88        1320.49         2124.72         3950.45  
    0.213       215.12          1289.75        2350.29         4096.09         5467.25  
    0.219       343.82          1458.65        3406.12         3935.62         5500.00  
    0.225       404.07          1449.36        3083.82         3722.34         5283.95  
    0.231       8.46          600.67        1931.55         3597.67         4886.22  
    0.238       0          12.15        1660.46         2651.54         3635.05  
    0.244       0          1656.53        2598.45         3630.25         4676.76  
    0.250       0          1737.88        2615.66         3722.85         4697.07  
    0.256       0          1763.69        3026.56         3671.38         4685.55  
    0.263       1029.15          1787.27        3556.94         4010.28         4889.19  
    0.269       1117.71          1841.20        3458.10         3962.18         4804.13  
    0.275       23.35          1842.75        2827.62         3917.18         4767.42  
    0.281       0          1837.16        2570.20         3953.46         4888.46  
    0.288       0          2012.68        2858.03         3892.36         4935.80  
    0.294       0          2106.17        2426.15         3778.60         4850.83  
    0.300       0          43.98        2285.75         2533.80         3911.58  
    0.306       187.59          1991.28        2607.78         3988.28         5027.24  
    0.312       257.46          2067.43        2646.63         4252.74         5050.51  
    0.319       289.40          2048.54        2620.68         4140.82         5170.36  
    0.325       303.18          1994.42        2607.91         4077.36         5112.07  
    0.331       315.38          2071.57        2610.17         4256.74         4969.12  
    0.338       326.57          2139.14        2565.10         4491.49         4929.93  
    0.344       336.03          2142.60        2524.78         4709.36         4802.40  
    0.350       340.79          2119.39        2608.03         4608.44         5485.39  
    0.356       340.08          2097.75        2586.44         4541.87         5500.00  
    0.363       340.69          2103.71        2585.34         4513.43         5199.04  
    0.369       335.62          2136.83        2597.47         4531.30         5493.59  
    0.375       331.96          2124.86        2495.90         4388.33         4975.71  
    