0.025       1800.39          2624.77        2744.53         3579.01         4876.15  
    0.031       1733.39          2581.60        2792.31         3892.69         5182.52  
    0.038       1755.85          2562.49        3035.66         4079.97         5444.62  
    0.044       573.68          2048.23        2725.59         3741.64         4693.29  
    0.050       1104.49          2182.52        2873.89         3930.45         5116.88  
    0.056       1639.27          2351.39        2967.75         4136.35         5500.00  
    0.062       1735.75          2311.08        2885.79         4201.22         5295.17  
    0.069       1819.86          2308.27        2817.61         4196.61         5244.54  
    0.075       592.19          2004.17        2593.18         3914.18         4761.79  
    0.081       0          1885.90        2481.82         3577.36         4435.58  
    0.088       0          1872.73        2526.65         3610.00         4373.45  
    0.094       0          1819.08        2839.17         3756.11         4097.79  
    0.100       0          1813.85        2948.69         3836.70         4010.56  
    0.106       0          586.21        2262.55         3150.83         3828.75  
    0.113       301.35          1288.19        2603.91         3664.14         4480.99  
    0.119       641.56          1893.44        2780.77         3940.93         4938.86  
    0.125       1028.02          1978.12        2493.78         3766.01         4759.46  
    0.131       375.80          1542.10        2276.36         3298.48         4612.98  
    0.138       440.22          1560.00        1852.65         3086.67         4552.85  
    0.144       611.53          1449.39        2112.16         3287.07         4627.38  
    0.150       635.19          1346.09        2523.60         3620.52         5233.47  
    0.156       661.67          1388.93        2594.82         3737.38         5500.00  
    0.163       665.23          1432.13        2522.87         3769.91         4985.42  
    0.169       665.08          1413.40        2450.79         3810.31         4776.66  
    0.175       665.61          1390.15        2488.64         3958.47         5034.69  
    0.181       675.85          1364.67        2534.01         4138.21         4777.24  
    0.188       666.57          1320.39        2546.78         3878.81         4679.72  
    0.194       657.45          1283.24        2567.15         3656.41         4781.46  
    0.200       650.45          1270.11        2596.13         3603.03         4831.67  
    0.206       629.36          1273.25        2528.22         3756.90         5287.82  
    0.213       606.44          1286.43        2430.09         3776.85         5500.00  
    0.219       596.26          1349.07        2283.19         3755.36         5129.91  
    0.225       572.73          1496.35        2215.39         3786.71         4724.52  
    0.231       561.07          1523.52        2157.30         3798.11         4588.96  
    0.238       501.17          1484.56        2105.35         3918.49         4708.92  
    0.244       559.07          1490.80        2126.82         4040.28         5265.54  
    0.250       625.67          1379.91        2160.59         4051.36         5067.66  
    0.256       637.66          1293.42        2273.77         3974.24         4928.65  
    0.263       638.05          1281.79        2335.54         3823.47         4931.41  
    0.269       659.08          1292.69        2409.59         3749.04         4994.34  
    0.275       636.75          1262.22        2442.68         3856.53         5274.30  
    0.281       589.16          1213.44        2431.81         4092.31         5464.58  
    0.288       575.41          1243.13        2369.86         4038.64         5500.00  
    0.294       576.83          1314.58        2517.48         3883.17         5500.00  
    0.300       456.60          1285.79        2610.85         3928.17         5500.00  
    0.306       382.92          1264.98        2508.08         3969.40         5500.00  
    0.312       400.25          1292.97        2472.37         3943.29         5500.00  
    0.319       456.29          1317.64        2423.36         3944.12         5500.00  
    0.325       153.67          964.79        1987.98         3318.78         4640.59  
    0.331       0          895.43        2036.58         3014.29         4286.05  
    0.338       0          975.64        2291.99         2968.70         4285.82  
    0.344       603.12          1698.03        2688.73         3707.84         4622.52  
    0.350       767.72          2120.87        2797.75         4018.97         4771.43  
    0.356       577.90          2337.87        2694.73         3949.80         4785.63  
    0.363       811.54          2538.58        2676.72         3853.39         4797.28  
    0.369       840.81          2436.86        2834.75         3889.76         4895.18  
    0.375       420.58          2312.89        2892.61         3998.21         4840.87  
    0.381       79.26          2269.22        2699.56         3931.04         4741.76  
    0.388       0          727.57        2314.63         3072.98         4150.89  
    0.394       0          0        2244.49         2676.05         3889.59  
    0.400       344.79          1606.68        2591.23         3531.71         4535.51  
    0.406       608.06          2342.67        2779.69         3954.66         4838.98  
    0.413       445.17          2306.65        2769.59         3867.02         4797.14  
    0.419       493.63          2385.67        2771.12         3778.76         4752.89  
    0.425       181.62          781.94        2598.12         3037.34         4012.60  
    0.431       153.06          1580.24        2682.37         3382.03         4392.32  
    0.438       278.50          2304.28        2759.86         3569.79         4672.56  
    0.444       340.75          2278.65        2733.30         3608.84         5223.72  
    0.450       369.06          2261.48        2703.49         3690.12         5500.00  
    0.456       373.67          2236.30        2682.62         3706.91         4881.38  
    0.463       369.80          2221.72        2724.56         3703.94         4525.18  
    0.469       367.81          2230.08        2781.60         3735.36         4523.23  
    0.475       369.34          2246.54        2807.53         3784.55         4539.87  
    0.481       369.49          2254.60        2807.74         3807.01         4541.90  
    0.488       368.12          2255.26        2787.18         3784.66         4536.85  
    0.494       364.45          2254.71        2780.16         3776.95         4549.40  
    0.500       363.19          2260.57        2782.01         3787.22         4626.32  
    0.506       361.97          2267.46        2767.62         3774.02         4606.33  
    0.513       356.72          2293.72        2738.98         3765.61         4564.24  
    0.519       350.95          2345.76        2721.99         3789.17         4691.93  
    0.525       347.17          2373.75        2689.03         3809.71         4614.96  
    0.531       344.05          2325.72        2637.21         3819.40         4648.47  
    0.537       342.12          2229.58        2608.15         3844.94         4787.05  
    0.544       346.65          2336.70        2593.44         3920.89         4897.79  
    0.550       343.96          2515.41        2590.58         4112.36         4980.15  
    0.556       321.52          2301.32        2706.53         4115.29         5008.43  
    0.562       290.10          2019.34        2710.76         3929.03         5018.74  
    0.569       90.06          829.11        2447.26         3111.30         4555.95  
    0.575       259.69          1513.50        2602.25         3813.07         5124.65  
    0.581       395.78          2068.57        2729.28         3964.19         5042.65  
    0.588       383.25          2007.55        2768.36         3819.38         4852.03  
    0.594       366.45          2012.27        2759.36         3829.60         5140.40  
    0.600       363.23          2016.67        2723.46         3968.70         5426.38  
    0.606       344.91          1994.25        2742.79         3817.36         5190.47  
    0.613       321.67          2022.47        2622.96         3792.60         5022.37  
    0.619       331.20          2052.72        2535.02         3846.76         5074.20  
    0.625       335.64          2018.47        2555.15         3814.90         5036.87  
    0.631       341.70          2017.25        2570.16         3751.37         4967.39  
    0.638       346.25          1894.36        2541.00         3684.67         5039.17  
    0.644       196.62          1918.60        2502.33         4466.21         5365.34  
    0.650       602.71          1964.76        2478.84         4378.62         5086.99  
    0.656       774.88          1973.41        2502.47         4122.18         4932.80  
    0.663       725.25          2031.81        2588.64         4071.64         4987.80  
    0.669       706.83          2171.01        2538.30         4054.55         4853.39  
    0.675       226.50          1901.24        2460.08         3869.76         4524.10  
    