0.025       1689.00          2544.38        3270.72         4010.18         5351.44  
    0.031       1709.88          2614.40        3301.07         3997.54         5212.60  
    0.038       1767.94          2670.41        3302.28         4010.28         5090.38  
    0.044       1803.09          2639.92        3267.74         4079.00         5075.86  
    0.050       1800.15          2588.50        3303.53         4244.24         5005.16  
    0.056       1810.48          2580.20        3378.61         4460.90         5238.76  
    0.062       1789.38          2564.32        3333.50         4436.07         5325.92  
    0.069       1680.82          2495.51        3269.10         4261.69         5067.52  
    0.075       1611.70          2460.61        3323.17         4119.72         4994.62  
    0.081       1598.79          2485.52        3340.27         3882.10         4949.99  
    0.088       762.42          2039.91        2918.41         3678.74         4729.78  
    0.094       0          1593.92        2531.94         3653.96         4584.59  
    0.100       0          1426.99        2459.05         3776.27         4661.40  
    0.106       193.73          1263.13        2629.31         4314.27         4802.66  
    0.113       397.39          1194.85        2752.53         4739.30         4811.39  
    0.119       447.07          1126.81        2508.27         4591.00         4805.84  
    0.125       510.92          1086.67        2320.25         4198.09         4905.93  
    0.131       560.77          1060.06        2284.95         3937.38         4988.16  
    0.138       580.22          1045.40        2294.75         3902.25         5042.01  
    0.144       589.74          1030.51        2299.53         3919.99         5041.71  
    0.150       600.63          1024.18        2282.95         3964.19         5007.93  
    0.156       601.89          1026.71        2273.14         4007.47         4985.03  
    0.163       598.98          1040.85        2300.80         3988.05         4894.86  
    0.169       596.99          1074.77        2360.30         3925.89         4787.21  
    0.175       587.49          1117.47        2388.42         3823.69         4709.06  
    0.181       574.48          1183.97        2411.47         3718.50         4610.14  
    0.188       561.56          1258.87        2483.13         3945.38         4375.89  
    0.194       577.10          1328.68        2498.43         4036.75         4650.85  
    0.200       287.16          1257.09        2092.56         3471.46         4353.88  
    0.206       0          1104.03        1748.51         3143.02         3810.75  
    0.213       0          508.37        1442.40         2590.83         3812.55  
    0.219       0          77.85        1167.37         2537.98         3989.95  
    0.225       0          91.69        1194.72         3052.65         4233.31  
    0.231       95.93          895.98        2051.88         3287.29         4446.22  
    0.238       625.78          1861.80        2858.66         3566.94         4643.58  
    0.244       825.01          1959.11        2867.27         3706.61         4648.29  
    0.250       303.34          916.56        2433.90         3292.78         4253.99  
    0.256       469.41          1248.82        3014.64         3442.01         4302.05  
    0.263       435.75          2350.28        3496.40         4016.83         4717.88  
    0.269       0          1105.61        2697.95         3711.44         4382.38  
    0.275       0          0        2196.79         3224.73         4080.65  
    0.281       121.27          1026.51        2480.73         3663.01         4477.06  
    0.288       247.57          1945.90        2751.18         4258.54         4864.53  
    0.294       274.83          1905.39        2632.30         4327.05         4889.82  
    0.300       298.45          1937.85        2594.92         4367.91         4863.74  
    0.306       314.10          1973.68        2650.40         4404.02         4822.96  
    0.312       323.47          1985.02        2646.59         4355.49         4767.75  
    0.319       327.54          2020.47        2459.00         4254.52         4805.20  
    0.325       329.90          2061.47        2305.82         4243.01         4865.81  
    0.331       332.51          2074.24        2310.30         4243.52         4858.24  
    0.338       334.54          2078.45        2422.95         4215.28         4824.63  
    0.344       336.80          2100.23        2474.99         4247.50         4787.07  
    0.350       336.53          2104.81        2488.96         4263.55         4774.67  
    0.356       329.24          2095.07        2528.89         4216.92         4772.38  
    