0.025       617.35          1162.91        2243.24         3224.86         4860.02  
    0.031       621.70          1164.47        2237.79         3303.73         5252.46  
    0.038       628.87          1162.40        2229.60         3426.26         5477.38  
    0.044       634.47          1146.18        2222.01         3444.02         5500.00  
    0.050       639.57          1144.86        2167.59         3334.75         5500.00  
    0.056       641.13          1158.22        2116.74         3306.70         5500.00  
    0.062       636.63          1179.02        2039.31         3311.05         5500.00  
    0.069       630.32          1199.25        1963.28         3254.35         5500.00  
    0.075       621.96          1211.15        1849.03         3112.47         5173.99  
    0.081       613.80          1218.28        1722.58         3056.48         4894.03  
    0.088       595.95          1247.21        1426.65         3108.15         4586.04  
    0.094       398.07          1247.58        1316.01         3368.27         4966.81  
    0.100       96.24          381.47        1271.45         1968.43         3994.57  
    0.106       219.05          872.67        1404.49         2816.82         4491.95  
    0.113       97.05          386.65        1299.20         1927.10         4033.28  
    0.119       0          366.98        1233.26         2523.09         4065.45  
    0.125       348.53          1020.47        2074.61         3423.35         4462.35  
    0.131       525.46          1247.00        2463.04         3648.18         4968.36  
    0.138       563.94          1260.63        2701.53         3719.75         5393.34  
    0.144       574.95          1248.76        2615.26         3740.41         5500.00  
    0.150       585.21          1273.55        2589.22         3818.06         5500.00  
    0.156       621.57          1289.59        2720.18         3932.53         5500.00  
    0.163       622.33          1319.83        2818.35         4015.89         5500.00  
    0.169       610.42          1400.88        2813.15         3776.22         5500.00  
    0.175       649.83          1726.43        2754.27         3331.76         5500.00  
    0.181       671.22          1853.17        2769.59         3319.75         5310.92  
    0.188       206.46          1727.51        2662.65         3543.62         4304.60  
    0.194       0          1676.20        2605.44         3710.66         3939.39  
    0.200       237.74          1858.12        2644.24         3813.16         4648.71  
    0.206       345.97          2003.95        2622.67         3822.01         4959.99  
    0.213       355.46          2054.07        2624.60         3687.79         4991.72  
    0.219       370.58          2067.40        2670.17         3620.61         5347.92  
    0.225       381.94          2073.31        2704.48         3610.44         5238.09  
    0.231       377.37          2077.80        2725.05         3618.44         5025.21  
    0.238       366.32          2079.93        2735.56         3620.52         4943.35  
    0.244       357.96          2085.14        2728.26         3600.21         4927.14  
    0.250       352.95          2089.49        2715.63         3571.16         4974.38  
    0.256       350.48          2099.48        2736.49         3567.72         4655.79  
    0.263       351.13          2103.54        2744.38         3563.90         4486.97  
    0.269       351.39          2103.59        2727.03         3540.72         4534.49  
    0.275       347.99          2106.42        2754.22         3533.52         4516.75  
    0.281       343.42          2104.91        2766.95         3539.91         4562.34  
    0.288       341.41          2103.59        2779.53         3558.85         4564.48  
    0.294       340.89          2099.85        2805.60         3576.11         4419.69  
    0.300       340.14          2093.67        2811.19         3561.71         4370.27  
    0.306       337.26          2096.61        2803.76         3539.69         4428.64  
    0.312       334.82          2099.98        2810.01         3536.48         4415.01  
    0.319       331.42          2097.40        2810.45         3542.00         4318.62  
    0.325       330.28          2100.80        2804.68         3549.87         4127.12  
    0.331       331.39          2113.08        2792.05         3561.02         4129.66  
    0.338       328.22          2129.17        2791.47         3554.67         4200.31  
    