0.025       0          2162.38        2438.85         3643.93         4490.21  
    0.031       0          1962.01        2441.51         3645.93         4476.46  
    0.038       1551.46          2346.55        3439.05         4322.01         5335.26  
    0.044       1846.98          2431.09        3599.28         4365.65         5055.24  
    0.050       1878.23          2438.86        3567.99         4179.55         4908.73  
    0.056       1878.01          2406.29        3451.97         4073.87         4964.33  
    0.062       1856.44          2384.49        3539.67         4138.14         4812.67  
    0.069       1888.16          2381.83        3551.62         4234.41         4863.51  
    0.075       1843.44          2409.46        3412.43         4193.47         5075.59  
    0.081       1787.08          2425.18        3248.41         4257.25         5004.07  
    0.088       1702.35          2327.28        3253.33         4286.79         5127.91  
    0.094       1489.57          2312.34        3419.45         4229.96         5128.26  
    0.100       1443.17          2318.91        3593.08         4382.39         5439.48  
    0.106       231.43          1559.55        2530.45         3754.95         4574.01  
    0.113       0          1392.47        2302.90         3674.04         4377.15  
    0.119       0          1334.34        2309.16         3627.04         4355.71  
    0.125       0          1273.71        2165.22         3518.47         4526.69  
    0.131       0          1191.33        2025.36         3508.20         4517.08  
    0.138       0          1176.90        2299.17         3709.92         4440.21  
    0.144       0          1191.94        2387.41         3795.53         4554.55  
    0.150       0          1213.15        2475.13         3557.68         4345.75  
    0.156       0          1072.99        2502.75         2916.94         4291.15  
    0.163       0          931.08        2003.54         3155.51         4247.88  
    0.169       0          566.77        1672.80         3189.46         4249.63  
    0.175       367.43          1173.86        2027.34         3710.96         5299.56  
    0.181       441.77          1329.07        2067.86         3828.75         5500.00  
    0.188       464.05          1373.68        2019.53         3823.92         4913.40  
    0.194       482.93          1383.80        1944.98         3800.35         4713.81  
    0.200       494.36          1340.99        1922.92         3737.81         4639.83  
    0.206       508.32          1341.47        1914.52         3784.37         4635.61  
    0.213       522.37          1358.30        1965.13         3910.94         4656.37  
    0.219       533.19          1404.82        2144.27         4073.75         4597.34  
    0.225       546.46          1487.55        2221.02         4134.26         5119.26  
    0.231       557.08          1470.37        2170.21         4114.59         5455.27  
    0.238       551.12          1408.97        2162.84         3946.70         4607.78  
    0.244       551.19          1382.48        2160.84         3766.79         4523.85  
    0.250       540.63          1440.55        2214.79         4056.78         4564.23  
    0.256       517.69          1417.95        2121.51         4083.74         4418.57  
    0.263       452.86          1403.43        1971.38         4032.70         5321.77  
    0.269       403.51          1477.04        1879.42         4017.07         5500.00  
    0.275       426.41          1305.37        2021.73         4014.32         5500.00  
    0.281       467.00          1292.93        2209.20         4252.54         5500.00  
    0.288       489.70          1311.51        2180.61         4009.75         4971.39  
    0.294       475.25          1244.09        2165.39         3988.89         5398.90  
    0.300       496.14          1296.83        2191.81         3962.34         5500.00  
    0.306       523.48          1404.96        2304.01         3931.69         5500.00  
    0.312       525.07          1515.22        2316.26         3955.02         5500.00  
    0.319       494.21          1572.11        2261.79         3999.18         5500.00  
    0.325       486.69          1610.50        2266.37         4009.62         5500.00  
    0.331       463.15          1869.85        2514.92         4173.48         5500.00  
    0.338       73.64          1912.89        2042.92         3042.28         4879.49  
    0.344       0          1927.73        2134.39         3259.69         4624.68  
    0.350       0          1971.11        2093.69         3956.99         5147.15  
    0.356       0          2024.81        2272.22         3978.77         4788.86  
    0.363       0          2036.65        2469.89         3949.05         4766.93  
    0.369       0          1999.24        2641.43         3936.65         4825.19  
    0.375       0          319.80        2116.16         2988.72         4102.93  
    0.381       243.66          1793.33        2722.38         3907.02         4767.46  
    0.388       308.87          2128.83        2861.37         4112.75         5066.93  
    0.394       324.41          2069.96        2812.84         3944.35         5120.24  
    0.400       355.08          2100.88        2790.76         3854.35         5117.59  
    0.406       370.78          2128.38        2710.02         3864.37         5124.47  
    0.413       371.60          2129.04        2555.96         3844.41         5171.83  
    0.419       376.09          2126.69        2542.57         3744.56         5193.18  
    0.425       377.19          2172.13        2646.72         3782.30         5153.15  
    0.431       369.10          2162.55        2728.45         3846.02         5049.46  
    0.438       357.81          2105.94        2758.98         3863.64         5025.37  
    0.444       347.41          2068.09        2782.08         3888.18         5063.26  
    0.450       334.20          2090.17        2710.00         3745.64         4941.50  
    0.456       313.73          2165.86        2705.91         3758.29         4893.75  
    0.463       305.19          2226.07        2786.64         3810.13         4961.60  
    0.469       308.78          2231.05        2861.77         3741.59         4967.01  
    0.475       303.13          2227.83        2917.53         3746.76         5035.85  
    