0.025       1843.07          2818.83        3292.09         3841.11         5085.35  
    0.031       1863.05          2797.80        3290.58         3856.37         5067.92  
    0.038       1883.80          2757.89        3268.70         3889.96         5075.96  
    0.044       1857.43          2788.52        3315.46         3981.55         5073.84  
    0.050       1844.75          2707.91        3371.10         4079.24         5094.36  
    0.056       1841.32          2604.04        3315.41         3991.95         5121.21  
    0.062       1792.11          2554.87        3268.04         3951.90         5108.17  
    0.069       1733.24          2522.47        3284.75         3931.12         5123.03  
    0.075       1657.66          2514.44        3297.38         3835.88         5094.19  
    0.081       1605.08          2494.19        3218.73         3769.61         5026.51  
    0.088       1609.45          2467.30        2988.44         3722.13         4935.35  
    0.094       651.76          1946.91        2727.86         3673.27         4871.09  
    0.100       0          1260.64        2562.73         3559.91         4865.89  
    0.106       114.35          1063.44        2833.22         4220.49         4866.14  
    0.113       376.56          1099.62        2893.54         4566.71         4887.03  
    0.119       536.40          1091.13        2637.66         4045.09         4941.62  
    0.125       575.27          1074.94        2497.01         3743.93         4998.05  
    0.131       594.50          1058.95        2460.16         3741.77         5049.11  
    0.138       607.38          1045.24        2433.57         3767.77         5057.82  
    0.144       622.81          1040.39        2397.48         3817.48         5046.95  
    0.150       628.48          1040.46        2359.53         3874.65         5032.61  
    0.156       620.75          1050.32        2360.99         3864.67         4951.70  
    0.163       606.32          1074.32        2412.78         3830.65         4852.08  
    0.169       588.55          1109.20        2448.66         3753.61         4752.58  
    0.175       567.37          1157.34        2463.60         3624.83         4649.01  
    0.181       547.60          1209.61        2518.89         3828.44         4415.25  
    0.188       538.52          1250.79        2422.04         3883.86         4341.76  
    0.194       216.21          509.08        1662.79         2666.90         3917.88  
    0.200       0          621.32        1545.21         2664.79         3742.75  
    0.206       0          418.54        1347.11         2339.36         3660.87  
    0.213       0          101.25        1099.13         2577.16         3847.17  
    0.219       81.90          756.12        2271.30         3505.85         4916.98  
    0.225       55.17          1147.62        2972.43         3653.75         4411.50  
    0.231       772.71          1761.45        2945.91         3632.33         4071.50  
    0.238       1288.85          2248.90        2988.35         3718.01         4463.96  
    0.244       1063.38          2200.37        3061.17         3808.14         4622.98  
    0.250       367.67          859.28        2687.27         3528.34         4218.03  
    0.256       0          0        2407.92         3399.93         3984.37  
    0.263       0          0        2408.82         3455.10         4036.44  
    0.269       0          0        2291.08         3360.05         4012.78  
    0.275       105.36          1191.60        2792.13         3734.69         4449.48  
    0.281       209.52          2000.91        3051.76         4061.40         4814.79  
    0.288       253.53          1990.78        2897.53         4168.12         4846.04  
    0.294       282.60          1990.76        2841.73         4218.74         4819.74  
    0.300       302.12          1993.07        2900.67         4253.96         4785.07  
    0.306       314.77          1990.18        3013.99         4215.36         4740.63  
    0.312       320.62          2017.39        2818.24         4134.23         4775.16  
    0.319       324.27          2065.04        2525.87         4112.04         4822.40  
    0.325       328.48          2088.27        2446.76         4141.95         4835.93  
    0.331       332.58          2101.36        2501.20         4133.25         4821.34  
    