0.025       1373.34          2595.55        3365.52         4282.59         5100.15  
    0.031       1364.62          2606.69        3403.16         4190.94         5046.69  
    0.038       1390.71          2513.20        3444.16         4073.78         5047.42  
    0.044       1322.05          2489.45        3448.07         4038.21         5059.94  
    0.050       1372.75          2406.70        3476.39         3934.56         5022.76  
    0.056       1435.61          2387.00        3664.01         3863.11         5037.04  
    0.062       1432.66          2576.48        3643.07         4812.49         5441.58  
    0.069       1328.41          2444.28        3308.41         3736.81         4991.83  
    0.075       166.79          1449.42        2636.94         3530.96         4882.62  
    0.081       0          1263.08        2401.46         3467.67         4521.51  
    0.088       0          1274.26        2377.35         3392.99         4229.25  
    0.094       0          1216.26        2310.84         3339.74         4182.50  
    0.100       229.94          1177.66        2416.54         3401.63         4754.33  
    0.106       471.17          1191.18        2369.37         3425.13         5415.90  
    0.113       519.11          1200.97        2358.92         3381.38         5057.84  
    0.119       537.24          1157.69        2347.28         3378.09         4822.39  
    0.125       541.76          1106.22        2363.03         3416.46         4773.24  
    0.131       547.45          1087.78        2415.40         3421.16         4771.45  
    0.138       555.26          1078.43        2442.99         3517.91         4735.11  
    0.144       548.74          1081.37        2441.08         3546.10         4692.21  
    0.150       549.51          1082.64        2526.23         3598.57         4979.18  
    0.156       569.49          1086.79        2580.12         3726.70         5439.27  
    0.163       72.68          648.25        1285.69         2751.73         4027.19  
    0.169       0          581.33        1105.84         2606.91         3748.82  
    0.175       0          570.09        1138.89         2678.70         3707.56  
    0.181       0          557.61        1188.51         2894.04         3647.24  
    0.188       0          535.91        1233.60         2886.44         3592.06  
    0.194       0          530.85        1277.34         2759.62         3790.41  
    0.200       0          460.63        1327.10         2675.99         3932.93  
    0.206       0          304.17        1284.47         2623.76         3955.65  
    0.213       0          301.51        1217.01         2848.90         4036.25  
    0.219       0          375.87        1277.85         3033.10         4078.64  
    0.225       0          407.75        1266.73         3071.52         4088.12  
    0.231       0          419.21        1248.20         3076.12         4079.85  
    0.238       0          462.47        1245.00         3047.12         4243.52  
    0.244       0          507.06        1187.78         3038.45         4242.03  
    0.250       0          524.63        1102.12         3106.91         4232.49  
    0.256       0          592.92        1102.11         3328.52         4184.81  
    0.263       0          514.57        1055.63         3432.97         3777.32  
    0.269       404.54          1038.90        2689.14         3480.53         5273.85  
    0.275       524.72          1966.70        2870.27         3477.62         5060.46  
    0.281       543.10          2200.08        2931.05         3485.65         4842.17  
    0.288       522.47          2398.46        2958.77         3500.34         4791.95  
    0.294       65.94          1672.95        2730.60         3541.33         4521.86  
    0.300       0          1654.20        2810.28         3584.84         4406.42  
    0.306       0          1795.15        2837.19         3587.27         4813.97  
    0.312       154.25          2110.16        2929.32         3621.13         4840.69  
    0.319       232.73          2142.15        2921.72         3572.01         4906.12  
    0.325       264.14          2149.69        2921.05         3554.00         5425.89  
    0.331       302.64          2164.87        2946.90         3573.04         4307.41  
    0.338       328.00          2172.17        2940.02         3569.86         3969.53  
    0.344       343.13          2164.13        2960.73         3560.93         3968.98  
    0.350       350.96          2184.84        2984.87         3563.79         3915.25  
    0.356       353.47          2211.39        3010.69         3579.23         4777.94  
    0.363       353.74          2196.17        2969.87         3578.96         4766.53  
    0.369       354.97          2188.71        2951.87         3559.74         5065.96  
    0.375       353.39          2229.29        2944.79         3558.44         5450.79  
    0.381       348.98          2258.10        2910.87         3605.24         5500.00  
    0.388       342.66          2244.59        2864.57         3621.71         4807.50  
    0.394       334.98          2235.13        2784.50         3633.16         4703.88  
    0.400       328.37          2268.95        2868.68         3639.95         4320.85  
    