0.025       1460.97          2601.12        3241.11         4069.40         5500.00  
    0.031       1457.95          2595.74        3204.78         4069.89         5500.00  
    0.038       1517.07          2601.94        3205.31         4066.32         5500.00  
    0.044       1564.15          2623.16        3309.42         4111.28         5500.00  
    0.050       1556.23          2605.95        3356.61         4154.64         5500.00  
    0.056       1552.51          2558.49        3352.82         4171.90         5500.00  
    0.062       1556.20          2537.93        3376.31         4150.60         5500.00  
    0.069       1575.62          2594.58        3355.35         4172.45         5500.00  
    0.075       702.81          2061.39        3033.26         3698.84         4755.51  
    0.081       0          1586.17        2715.03         3340.20         4155.73  
    0.088       0          1537.90        2548.29         3253.81         4174.49  
    0.094       665.63          1478.35        2838.99         3706.73         4504.30  
    0.100       1139.35          1440.17        3159.97         4196.47         5167.99  
    0.106       484.90          1302.78        2328.23         3669.95         4927.66  
    0.113       0          793.80        1530.18         3063.77         4538.46  
    0.119       292.63          875.68        1924.09         3515.83         4924.97  
    0.125       558.95          1222.99        2314.66         3717.91         5181.28  
    0.131       592.81          1246.44        2323.63         3621.88         5126.98  
    0.138       597.96          1245.10        2371.75         3818.87         5180.26  
    0.144       603.56          1256.06        2405.33         3939.26         5252.17  
    0.150       612.20          1275.59        2391.85         3895.28         5213.29  
    0.156       613.86          1278.91        2389.99         3830.90         5233.17  
    0.163       611.47          1275.56        2414.50         3869.48         5399.85  
    0.169       609.17          1276.95        2433.84         3923.11         5500.00  
    0.175       604.56          1283.90        2385.17         3887.48         5500.00  
    0.181       594.78          1296.64        2296.28         3837.23         5500.00  
    0.188       580.89          1325.92        2250.88         3881.55         5500.00  
    0.194       253.94          909.13        1775.76         3016.46         4692.79  
    0.200       0          554.24        1415.18         2312.24         4081.44  
    0.206       0          526.04        1429.67         2283.13         4159.98  
    0.213       0          481.36        1450.98         2164.38         4133.71  
    0.219       0          460.46        1512.18         2403.70         3995.70  
    0.225       0          470.27        1559.53         2790.14         3995.49  
    0.231       0          501.09        1595.54         3091.49         4400.75  
    0.238       309.20          1097.54        2301.14         3532.69         4852.28  
    0.244       554.91          1568.69        2795.97         3959.46         5273.54  
    0.250       547.97          1563.16        2743.34         4084.92         5500.00  
    0.256       519.75          1509.84        2543.21         3926.43         5204.56  
    0.263       504.86          1465.98        2520.14         3924.86         5265.81  
    0.269       541.65          1454.96        2822.97         4185.86         5500.00  
    0.275       577.18          1455.62        2950.66         4180.86         5305.28  
    0.281       582.47          1436.37        2789.17         3983.47         5055.93  
    0.288       610.66          1446.39        2660.81         3953.88         4987.11  
    0.294       627.62          1502.16        2631.66         3838.88         4944.88  
    0.300       275.37          1091.12        2328.08         3364.29         4350.45  
    0.306       432.45          1583.41        2662.01         3561.68         4796.51  
    0.312       694.62          2313.05        3150.38         3968.02         5154.33  
    0.319       558.20          2456.71        3291.03         3993.36         4611.15  
    0.325       221.41          2309.42        2973.48         3876.16         4350.08  
    0.331       0          2088.96        2659.02         3725.19         4355.65  
    0.338       145.62          2299.46        3049.93         3779.55         4378.22  
    0.344       115.43          1284.97        2891.91         3507.30         4322.76  
    0.350       0          336.92        2408.09         3189.39         4309.89  
    0.356       192.69          1410.11        2750.07         3753.76         4982.05  
    0.363       341.88          2292.17        3060.75         4138.41         5500.00  
    0.369       334.01          2266.57        3077.56         4179.58         5500.00  
    0.375       334.23          2205.20        3088.12         4294.52         5500.00  
    0.381       341.68          2184.05        3014.63         3917.06         5500.00  
    0.388       345.30          2168.20        2945.46         3556.18         5331.42  
    0.394       345.21          2145.88        2927.69         3541.53         5095.45  
    0.400       344.55          2138.36        2930.17         3563.91         4986.41  
    0.406       341.89          2137.17        2933.54         3585.10         5081.72  
    0.413       337.80          2118.29        2937.28         3567.50         5186.22  
    0.419       336.78          2104.62        2930.62         3516.60         5201.01  
    0.425       337.46          2099.72        2919.37         3492.48         5078.25  
    0.431       337.41          2103.60        2916.22         3495.28         5050.02  
    0.438       337.15          2124.80        2936.16         3501.07         5198.24  
    0.444       335.55          2122.79        2941.67         3491.91         5124.58  
    0.450       335.68          2112.60        2950.91         3492.02         4925.97  
    0.456       336.57          2116.43        2951.27         3496.63         4856.95  
    0.463       336.66          2125.41        2946.99         3500.65         4871.73  
    0.469       335.85          2126.30        2929.76         3489.50         4904.77  
    0.475       336.60          2119.60        2885.22         3452.50         4947.67  
    0.481       341.07          2095.21        2859.58         3439.83         5033.20  
    0.488       344.84          2080.15        2847.09         3451.73         5095.09  
    0.494       348.21          2096.25        2826.23         3458.62         5253.98  
    0.500       353.65          2105.64        2858.90         3476.31         5404.06  
    0.506       359.37          2112.88        2901.69         3471.85         5111.51  
    0.513       363.66          2128.51        2824.42         3459.07         4742.87  
    