0.025       1845.38          2528.58        2953.75         4165.56         4965.95  
    0.031       1801.41          2512.48        2984.21         4168.50         4890.96  
    0.038       1839.87          2504.44        3030.03         4114.11         4811.80  
    0.044       1983.50          2516.79        3154.70         4411.68         5312.43  
    0.050       538.11          2197.13        2755.23         3659.46         4691.34  
    0.056       1467.63          2438.05        3206.11         4168.82         5207.98  
    0.062       1925.78          2517.88        3065.92         3966.06         5159.32  
    0.069       1929.09          2341.26        2866.90         3873.80         5016.57  
    0.075       1924.81          2348.37        2896.16         4007.91         5369.85  
    0.081       2026.17          2363.82        2985.17         4182.26         5500.00  
    0.088       2268.71          2360.03        2953.80         3920.73         5140.71  
    0.094       2148.06          2367.05        2989.08         3900.82         4951.55  
    0.100       2250.71          2752.24        3062.32         4093.05         4849.51  
    0.106       613.68          2440.58        2729.34         3647.92         4711.48  
    0.113       0          2261.04        2688.73         3458.30         4756.34  
    0.119       833.92          2218.03        2809.74         3731.43         4900.39  
    0.125       1497.81          2253.58        2893.35         3858.65         4895.25  
    0.131       1977.52          2245.00        2963.29         3357.79         4799.28  
    0.138       558.06          1957.32        2714.64         3247.32         4522.36  
    0.144       0          1816.57        2647.81         3409.33         4714.72  
    0.150       0          1626.92        2595.30         3545.88         4742.68  
    0.156       0          1552.51        2540.12         3414.13         4492.50  
    0.163       0          1489.26        2412.12         3179.46         4438.22  
    0.169       0          1343.42        2383.83         3043.30         4428.58  
    0.175       390.91          1352.75        2465.46         3116.55         5213.91  
    0.181       543.23          1352.10        2417.38         3155.80         4968.71  
    0.188       576.87          1432.89        2414.06         3276.38         4532.03  
    0.194       593.19          1503.53        2504.66         3399.41         4415.07  
    0.200       596.63          1534.56        2545.93         3822.49         4323.05  
    0.206       609.29          1557.39        2500.20         4065.83         4176.31  
    0.213       610.45          1484.72        2471.93         4001.80         4320.54  
    0.219       605.59          1417.44        2451.77         4000.37         4455.97  
    0.225       599.59          1392.68        2439.42         3839.84         4566.44  
    0.231       604.78          1382.61        2539.36         3952.72         4661.42  
    0.238       610.80          1419.56        2551.94         4163.64         5230.68  
    0.244       598.32          1401.85        2499.85         3810.89         5079.74  
    0.250       590.13          1368.68        2693.78         4047.43         4939.96  
    0.256       575.11          1342.23        2753.34         3688.52         4867.78  
    0.263       151.25          757.61        1735.78         2930.90         4179.08  
    0.269       0          542.37        1380.96         2749.55         3957.20  
    0.275       376.91          1190.90        2488.49         3407.88         4255.13  
    0.281       497.87          1478.65        2916.71         3505.10         4566.47  
    0.288       130.64          397.34        1861.42         3048.78         4494.16  
    0.294       0          386.92        1542.99         2875.89         4216.78  
    0.300       0          556.64        1518.12         2905.19         4097.66  
    0.306       409.43          1120.73        2522.80         3651.54         5124.30  
    0.312       568.78          1285.87        2778.09         3898.71         5500.00  
    0.319       534.71          1262.71        2743.86         3905.54         5500.00  
    0.325       515.27          1298.65        2681.16         3996.74         5500.00  
    0.331       556.12          1305.59        2660.24         4079.62         5500.00  
    0.338       531.13          1236.26        2694.29         3852.05         5500.00  
    0.344       527.65          1308.54        2796.82         3949.39         5500.00  
    0.350       141.06          861.00        1763.31         3287.54         4444.94  
    0.356       0          851.98        1395.62         2999.08         3996.20  
    0.363       0          801.27        1467.90         2938.61         3977.12  
    0.369       0          921.65        2078.93         3132.72         3999.74  
    0.375       700.49          1938.00        3070.01         3413.38         4373.66  
    0.381       908.57          2224.34        3203.61         3893.75         4408.02  
    0.388       832.75          2134.69        3074.39         4052.26         4562.91  
    0.394       215.22          2008.25        3227.26         3510.94         4279.91  
    0.400       0          1901.76        2951.15         3630.01         4543.74  
    0.406       379.02          1869.74        2808.34         3731.45         4814.65  
    0.413       136.87          495.40        2099.99         3065.98         4055.40  
    0.419       0          1362.75        2530.14         3466.27         4516.63  
    0.425       0          492.10        2112.84         3015.34         3968.15  
    0.431       213.50          1386.47        2567.25         3439.89         4557.64  
    0.438       390.44          1912.26        2803.45         3713.88         4925.78  
    0.444       499.87          1991.07        2778.25         3777.08         4864.85  
    0.450       139.65          534.92        2199.28         3046.24         4030.11  
    0.456       202.04          1484.97        2567.41         3423.39         4376.84  
    0.463       323.78          2101.40        2803.53         3631.59         5263.14  
    0.469       351.16          2156.94        2771.55         3647.43         4435.65  
    0.475       359.86          2148.40        2728.95         3663.51         4133.21  
    0.481       361.71          2141.99        2700.70         3666.99         4295.93  
    0.488       361.30          2195.97        2699.77         3678.63         4322.16  
    0.494       361.18          2239.05        2723.33         3652.32         4380.22  
    0.500       362.06          2255.05        2718.88         3679.57         4435.60  
    0.506       362.32          2280.96        2668.16         3713.19         4439.98  
    0.513       363.90          2234.36        2667.12         3704.80         4392.29  
    0.519       365.06          2196.83        2698.84         3678.55         4296.36  
    0.525       364.87          2210.96        2723.34         3635.02         4315.84  
    0.531       364.49          2245.56        2710.49         3619.13         4348.96  
    0.537       362.55          2264.56        2676.24         3617.64         4357.04  
    