0.025       0          1880.52        2498.62         3434.71         4540.68  
    0.031       0          1959.24        2533.26         3415.31         4533.15  
    0.038       0          1991.28        2514.20         3428.86         4447.07  
    0.044       0          1915.62        2522.02         3535.43         4462.30  
    0.050       0          1865.63        2501.76         3581.55         4508.98  
    0.056       0          1862.05        2550.94         3592.28         4646.04  
    0.062       1730.69          2547.45        3533.35         3662.28         4755.41  
    0.069       1877.92          2587.22        3136.96         3839.02         4848.26  
    0.075       1868.66          2465.21        3497.49         3687.05         4705.10  
    0.081       1814.45          2376.14        3567.67         4443.39         5437.37  
    0.088       1784.14          2431.61        3347.91         4322.44         5500.00  
    0.094       138.19          1849.78        2756.17         3242.45         4465.83  
    0.100       0          1884.26        2526.72         3276.67         4359.85  
    0.106       0          1704.00        2387.25         3510.30         4398.03  
    0.113       0          1501.79        2365.92         3572.01         4445.56  
    0.119       0          1437.79        2346.02         3454.60         4358.00  
    0.125       0          1401.95        2552.43         3386.53         4325.28  
    0.131       0          1313.38        2504.64         3343.88         4338.77  
    0.138       0          1214.39        2299.08         3430.31         4658.31  
    0.144       0          1124.69        2181.15         3455.23         4650.94  
    0.150       0          1067.85        2351.60         3748.70         4430.35  
    0.156       800.62          1490.99        2474.10         3798.32         4644.59  
    0.163       67.31          831.93        2504.07         2867.61         4299.07  
    0.169       0          760.51        2278.17         2812.84         4249.60  
    0.175       0          766.31        1974.58         3049.93         4191.67  
    0.181       0          611.21        1912.27         3124.69         4198.22  
    0.188       427.67          1014.06        2148.63         3612.50         5399.12  
    0.194       449.81          1282.49        2133.84         3676.47         5049.55  
    0.200       470.45          1469.45        2034.50         3712.61         4676.01  
    0.206       489.59          1763.85        1814.74         3696.02         4582.15  
    0.213       496.60          1644.67        1972.97         3616.52         4560.95  
    0.219       504.42          1523.15        2204.06         3617.42         4600.34  
    0.225       514.20          1500.10        2359.04         3720.69         4659.25  
    0.231       515.82          1501.10        2558.40         3857.58         4727.98  
    0.238       525.87          1612.10        2603.03         3985.27         5440.55  
    0.244       536.39          1580.79        2406.75         3859.78         5102.25  
    0.250       536.06          1580.48        2316.09         3620.04         4718.38  
    0.256       545.48          1855.76        2551.67         3361.25         4618.54  
    0.263       513.68          1588.84        2663.14         3946.60         5431.18  
    0.269       492.16          1474.17        2682.67         4009.12         5500.00  
    0.275       410.26          1443.10        2690.55         3996.10         5500.00  
    0.281       31.29          482.13        1723.28         3025.53         4117.61  
    0.288       406.66          1024.69        2327.59         3644.57         5165.49  
    0.294       478.66          1193.52        2552.86         3916.81         5008.98  
    0.300       481.01          1253.84        2446.08         3805.89         5013.24  
    0.306       458.19          1200.83        2326.11         3813.14         5151.48  
    0.312       493.42          1344.16        2321.25         3853.40         5473.86  
    0.319       530.67          1441.48        2474.11         3870.44         5500.00  
    0.325       41.38          599.01        1717.24         2774.27         4072.92  
    0.331       0          490.51        1592.11         2661.30         4007.08  
    0.338       441.08          1369.90        2540.38         3835.43         5384.58  
    0.344       456.09          1804.42        2648.39         3863.42         5500.00  
    0.350       517.88          1898.08        2704.44         3337.96         5113.49  
    0.356       346.79          1911.43        2760.91         3460.85         5014.29  
    0.363       400.67          1963.92        2795.28         4001.41         5068.32  
    0.369       242.21          2028.90        2937.55         4107.23         4984.58  
    0.375       17.71          157.74        2118.80         2869.90         4080.55  
    0.381       280.66          1950.27        2726.89         3872.72         4782.97  
    0.388       369.68          2122.43        2830.53         3926.03         4785.54  
    0.394       367.02          2212.86        2858.04         4080.72         4919.05  
    0.400       354.49          2193.30        2887.23         3930.20         5150.86  
    0.406       361.86          2151.44        2971.87         3254.43         5074.85  
    0.413       390.52          2149.03        2723.64         3383.79         5025.20  
    0.419       401.33          2167.22        2642.35         3629.77         5065.85  
    0.425       396.19          2167.75        2434.95         3764.91         5466.62  
    0.431       391.96          2095.63        2423.02         3659.18         5371.90  
    0.438       388.78          2209.14        2487.89         3761.92         5344.08  
    0.444       377.93          2149.60        2635.68         3811.19         5025.46  
    0.450       366.98          2051.64        2705.68         3833.79         5020.21  
    0.456       364.02          2033.44        2760.82         3858.97         5038.40  
    0.463       359.30          2057.93        2659.15         3694.11         4890.55  
    0.469       347.00          2153.29        2641.69         3753.23         4867.30  
    0.475       333.88          2211.79        2684.25         3806.19         4938.08  
    0.481       333.78          2209.24        2778.52         3725.68         4976.15  
    0.488       328.29          2213.22        2882.54         3750.39         5115.11  
    0.494       322.44          2224.19        2911.61         3698.90         5471.04  
    0.500       320.43          2230.34        2886.44         3656.67         5500.00  
    0.506       323.32          2240.94        2855.33         3633.53         5500.00  
    0.513       318.06          2282.07        2844.40         3658.95         5081.68  
    