0.025       0          2154.22        2757.81         3447.80         4485.69  
    0.031       0          813.33        2493.37         3375.97         4280.83  
    0.038       0          1316.51        2913.78         3543.99         4156.37  
    0.044       0          2118.02        3037.66         3526.25         4291.44  
    0.050       424.77          2270.06        3095.69         3884.13         4610.75  
    0.056       730.06          2419.49        3259.33         4318.39         4814.04  
    0.062       838.99          2353.60        3288.62         4357.16         5254.61  
    0.069       900.39          2216.26        3294.35         4180.75         4965.76  
    0.075       678.93          2212.11        3255.28         4164.39         4815.46  
    0.081       614.51          2285.24        3182.51         4183.79         4999.92  
    0.088       677.16          2359.10        3184.22         4057.48         5010.34  
    0.094       753.34          2426.22        3237.84         4065.75         4942.92  
    0.100       299.45          2350.53        2704.56         3584.50         4577.54  
    0.106       759.66          2273.54        2850.48         3799.25         5074.25  
    0.113       1157.17          2231.05        3169.58         4076.70         5223.94  
    0.119       1190.25          2227.51        3207.08         4170.61         5332.55  
    0.125       465.75          1845.43        2723.94         3683.64         4692.05  
    0.131       0          1604.86        2426.21         3443.49         4210.84  
    0.138       0          1609.46        2478.53         3547.67         4272.83  
    0.144       0          1596.41        2566.85         3441.60         4307.58  
    0.150       593.52          1658.72        2739.21         3954.84         5049.89  
    0.156       360.00          1235.97        2286.11         3589.66         4803.45  
    0.163       0          830.05        1581.82         3046.96         4517.56  
    0.169       0          810.34        1601.79         2986.58         4537.73  
    0.175       0          906.50        1790.18         3059.81         4468.90  
    0.181       0          933.12        1811.45         3084.03         4396.91  
    0.188       0          897.95        1801.14         2944.37         4389.18  
    0.194       0          888.64        1782.91         2997.35         4487.86  
    0.200       486.80          1335.30        2100.20         3454.97         4713.54  
    0.206       295.27          1069.16        1801.44         3080.19         4288.05  
    0.213       0          743.98        1494.82         2782.83         3965.14  
    0.219       444.17          1114.01        2182.44         3122.24         4429.89  
    0.225       701.04          1330.61        2571.24         3549.24         4843.43  
    0.231       689.48          1356.64        2569.88         3808.77         5282.22  
    0.238       259.41          967.08        1970.36         3117.97         4511.19  
    0.244       0          654.34        1582.80         2689.57         3900.82  
    0.250       333.50          1233.15        2321.48         2861.05         3931.41  
    0.256       503.24          1631.79        2189.03         3174.81         4043.64  
    0.263       464.76          1491.51        2216.89         3613.67         4233.65  
    0.269       450.00          1321.11        2665.74         3667.47         4654.05  
    0.275       455.88          1263.26        2786.22         3569.49         5258.06  
    0.281       173.93          891.69        2191.46         3178.10         4271.11  
    0.288       0          659.62        1745.94         2881.57         3629.29  
    0.294       0          662.32        1807.24         3025.55         3707.62  
    0.300       0          673.63        1788.56         3192.34         3510.84  
    0.306       0          713.05        1670.68         3189.55         3377.87  
    0.312       0          725.89        1646.62         3197.24         3355.82  
    0.319       0          701.59        1684.19         3297.45         3607.37  
    0.325       0          671.78        1807.78         3356.93         3908.86  
    0.331       0          666.11        1950.21         3086.21         4200.82  
    0.338       612.91          1433.86        2476.17         3759.47         4981.19  
    0.344       1037.53          2033.32        2739.10         4198.52         4980.47  
    0.350       1203.24          1910.47        2630.01         4073.78         4780.84  
    0.356       484.89          1891.27        2585.79         4039.28         4732.14  
    0.363       0          2001.86        2665.65         4095.00         4736.73  
    0.369       0          2017.39        2595.13         3997.48         4767.50  
    0.375       0          1830.23        2500.95         3811.93         4740.30  
    0.381       0          1616.60        2680.17         3781.23         4773.30  
    0.388       0          1663.70        2792.82         3772.93         4767.40  
    0.394       0          1791.09        2682.92         3711.77         4716.11  
    0.400       0          690.03        2396.60         3222.71         4315.83  
    0.406       201.57          1384.29        2673.49         3638.38         4594.08  
    0.413       334.13          2187.82        2909.85         3811.70         5018.36  
    0.419       349.91          2160.39        2907.84         3667.63         5140.74  
    0.425       357.10          2149.91        2924.28         3698.63         5148.41  
    0.431       353.33          2156.93        2943.66         3746.66         5149.41  
    0.438       345.87          2169.22        2948.95         3740.71         5152.62  
    0.444       339.92          2170.10        2942.89         3726.24         5176.32  
    0.450       334.98          2185.21        2943.54         3735.40         5326.75  
    0.456       328.81          2210.39        2942.05         3752.79         5261.26  
    0.463       324.15          2221.17        2923.01         3757.56         5231.35  
    0.469       320.71          2242.94        2903.54         3767.97         5412.09  
    