0.025       0          1745.06        2767.21         3842.80         4877.10  
    0.031       0          1776.27        2766.73         3806.90         4993.74  
    0.038       0          1798.50        2811.98         3760.46         5226.44  
    0.044       0          1768.41        2829.29         3753.24         4982.19  
    0.050       0          853.08        2287.48         3314.68         4244.28  
    0.056       0          910.56        2355.92         3430.18         4702.89  
    0.062       0          1762.02        2871.03         3926.76         4869.33  
    0.069       221.27          1752.84        2899.65         3927.61         4897.85  
    0.075       551.11          1774.22        3000.73         3980.62         5500.00  
    0.081       800.52          1801.49        2996.33         3997.24         5327.52  
    0.088       994.75          1738.46        2982.09         3934.99         5033.74  
    0.094       941.18          1547.79        2839.50         3881.40         4803.92  
    0.100       774.48          1389.26        2551.87         3850.36         4674.71  
    0.106       694.19          1304.39        2423.75         3779.07         4598.63  
    0.113       671.92          1276.90        2434.05         3729.91         4558.04  
    0.119       677.87          1286.50        2412.39         3764.34         4579.08  
    0.125       680.87          1285.55        2361.88         3815.30         4620.84  
    0.131       677.63          1286.79        2379.63         3856.76         4678.81  
    0.138       677.48          1293.70        2406.96         3856.70         4708.66  
    0.144       683.33          1325.01        2453.56         3810.36         4685.49  
    0.150       688.34          1387.13        2501.62         3803.51         4647.80  
    0.156       691.38          1468.85        2563.96         3816.85         4640.32  
    0.163       691.98          1510.51        2720.73         3789.41         4633.00  
    0.169       690.48          1501.10        2875.81         3757.11         4588.19  
    0.175       690.92          1485.58        2966.57         3768.24         4559.70  
    0.181       688.16          1480.27        3027.91         3768.98         4535.14  
    0.188       689.01          1521.76        3063.56         3813.19         4309.03  
    0.194       717.80          1581.91        3084.33         3731.60         4109.96  
    0.200       763.10          1591.03        3086.27         3834.90         4244.92  
    0.206       723.22          1540.47        3076.27         3933.54         4520.69  
    0.213       682.42          1495.65        3085.33         3712.81         4490.24  
    0.219       694.56          1476.40        3102.05         3592.61         4333.25  
    0.225       691.06          1451.76        3160.12         3443.86         4374.36  
    0.231       692.21          1434.84        3225.64         3532.53         4508.76  
    0.238       668.00          1427.36        3199.92         3742.09         4568.97  
    0.244       628.62          1402.44        3118.21         3663.71         4670.21  
    0.250       585.31          1379.05        3042.40         3609.93         4865.82  
    0.256       539.19          1377.46        2999.96         3703.38         5223.19  
    0.263       568.45          1436.56        3068.18         3782.21         5500.00  
    0.269       658.83          1698.01        3151.66         3786.70         5500.00  
    0.275       655.64          1932.41        3181.55         3870.17         5194.65  
    0.281       298.72          961.33        2578.58         3622.95         4644.59  
    0.288       0          1010.34        2502.99         3548.93         4514.75  
    0.294       0          1954.82        2887.66         3850.73         4674.76  
    0.300       0          1947.98        2773.15         3935.03         4653.06  
    0.306       0          1969.04        2829.02         3985.97         4581.44  
    0.312       0          2003.29        2902.76         3969.09         4725.57  
    0.319       112.32          2094.65        3035.77         3946.16         4805.60  
    0.325       258.39          2153.10        3008.89         3983.78         4738.26  
    0.331       316.52          2142.48        2872.84         3960.86         4838.25  
    0.338       348.94          2136.38        2903.78         3803.72         4922.47  
    0.344       364.07          2146.28        3016.03         3663.71         4900.95  
    0.350       363.38          2169.46        3134.05         3728.06         5015.11  
    0.356       361.57          2189.50        3185.28         3784.08         5079.00  
    0.363       364.07          2197.75        3193.71         3763.05         5097.24  
    0.369       365.93          2192.53        3173.07         3730.13         5029.81  
    0.375       368.66          2184.13        3166.88         3715.64         5099.58  
    0.381       370.90          2182.18        3139.37         3662.85         5162.77  
    0.388       371.40          2184.97        3095.05         3606.64         4975.41  
    0.394       372.65          2192.54        3073.63         3608.74         4902.22  
    0.400       376.53          2200.78        3038.95         3596.98         4904.61  
    0.406       383.66          2197.66        3016.71         3623.16         4912.70  
    0.413       389.68          2188.48        3034.09         3609.60         4906.92  
    0.419       390.32          2199.78        3045.85         3626.58         4882.55  
    0.425       389.38          2222.33        3049.88         3688.60         4744.52  
    0.431       384.70          2226.88        3073.06         3443.93         4348.48  
    0.438       373.31          2217.80        2849.13         3234.06         4063.18  
    