0.025       1188.34          2444.76        3237.96         4070.18         4777.34  
    0.031       1315.57          2449.85        3255.60         4126.96         4755.64  
    0.038       1453.08          2474.80        3286.01         4073.75         4802.63  
    0.044       1471.31          2473.25        3260.63         4036.32         4882.76  
    0.050       1456.62          2446.72        3242.15         4064.55         5065.00  
    0.056       1428.97          2443.63        3254.79         4134.12         5364.14  
    0.062       1395.51          2312.68        3232.75         4136.56         5153.48  
    0.069       1418.11          2038.73        3231.41         4016.55         4767.65  
    0.075       621.11          1625.94        2706.34         3610.30         4455.07  
    0.081       0          1316.48        2288.68         3297.56         4193.00  
    0.088       0          1221.42        2221.56         3151.23         4122.70  
    0.094       0          1170.05        1836.32         2850.98         3973.26  
    0.100       148.71          1125.10        1886.97         3120.44         4540.09  
    0.106       342.27          1074.45        2018.16         3370.77         5022.48  
    0.113       458.54          1064.11        1970.89         3285.32         4893.05  
    0.119       503.33          1093.92        2014.68         3256.16         4510.00  
    0.125       526.38          1083.73        1996.63         3290.27         4195.83  
    0.131       530.36          1090.46        1936.44         3275.05         4244.14  
    0.138       525.30          1137.86        1911.56         3269.92         4448.14  
    0.144       509.57          1178.27        1938.56         3534.49         4620.16  
    0.150       484.74          1213.01        1937.62         3594.83         4698.15  
    0.156       464.33          1275.17        1952.87         3460.62         4685.67  
    0.163       442.97          1354.29        2235.80         3161.06         4639.73  
    0.169       186.60          827.39        1829.75         2787.76         4188.46  
    0.175       0          353.93        1376.27         2694.24         3929.40  
    0.181       0          326.14        1392.12         2704.49         4068.85  
    0.188       0          411.12        1379.06         2780.64         4084.42  
    0.194       0          464.86        1479.22         2951.48         3803.23  
    0.200       0          498.48        1599.11         2889.49         3797.44  
    0.206       0          544.68        1562.99         2866.57         3950.35  
    0.213       0          585.99        1521.68         2928.76         3834.51  
    0.219       339.63          920.69        1800.31         3351.52         4741.19  
    0.225       256.38          796.60        1527.81         3185.82         4650.18  
    0.231       0          508.85        1148.91         2794.01         3953.31  
    0.238       274.36          1358.95        2244.31         3270.83         4178.49  
    0.244       520.94          2005.72        3006.20         3752.38         4424.28  
    0.250       236.91          861.60        2402.45         3294.11         4144.36  
    0.256       0          958.20        2400.17         3482.79         3931.91  
    0.263       154.59          1763.21        2776.28         3945.27         4452.77  
    0.269       292.55          2139.11        2801.12         3797.83         5212.76  
    0.275       329.19          2269.51        2868.20         3682.82         5148.31  
    0.281       349.38          2161.74        2953.18         3700.25         4791.50  
    0.288       354.90          2149.58        2987.70         3673.69         5165.58  
    0.294       354.50          2180.01        3082.59         3654.58         5500.00  
    0.300       349.28          2222.47        3237.04         3666.57         5500.00  
    0.306       342.86          2247.17        3203.72         3652.21         5294.61  
    0.312       339.37          2246.16        3076.93         3662.96         4986.41  
    0.319       333.71          2319.82        2758.57         3680.47         4770.21  
    