0.025       0          1729.39        2398.56         3386.37         4769.71  
    0.031       0          1869.88        2399.36         3436.75         4779.82  
    0.038       608.71          2157.55        2357.55         3864.47         4805.79  
    0.044       607.02          1501.42        2347.95         3830.12         4863.26  
    0.050       591.07          1359.19        2326.92         3526.21         5413.53  
    0.056       596.35          1367.24        2329.17         3622.45         5500.00  
    0.062       592.57          1316.65        2265.44         3673.38         5198.46  
    0.069       600.75          1300.51        2196.40         3807.37         4793.06  
    0.075       606.82          1284.99        2175.01         3903.19         4719.45  
    0.081       607.55          1283.92        2176.90         3851.12         4847.08  
    0.088       609.74          1280.18        2144.64         3901.77         4882.14  
    0.094       605.33          1273.35        2164.09         3972.38         4864.26  
    0.100       601.88          1284.38        2217.39         3848.02         4757.89  
    0.106       593.31          1301.41        2307.69         3661.17         4808.42  
    0.113       578.92          1311.45        2370.21         3793.71         4884.72  
    0.119       559.22          1316.63        2364.24         3884.28         4878.58  
    0.125       504.59          1334.28        2275.44         3964.72         5414.10  
    0.131       68.31          647.79        1493.14         2855.55         4203.86  
    0.138       0          530.50        1325.90         2784.03         4110.47  
    0.144       0          573.61        1328.14         2811.50         4286.85  
    0.150       506.56          1249.74        2476.62         3963.64         5336.50  
    0.156       80.85          725.46        1775.25         2853.40         4215.87  
    0.163       0          572.84        1646.45         2645.96         3976.74  
    0.169       0          556.44        1484.01         2642.64         4167.83  
    0.175       0          592.76        1888.32         2631.97         4286.02  
    0.181       0          747.77        2383.88         2682.54         4433.82  
    0.188       0          886.11        2508.30         2683.91         4476.68  
    0.194       0          748.99        2377.17         2561.30         4348.81  
    0.200       0          1661.31        2522.65         3448.49         4429.91  
    0.206       0          1766.86        2570.53         3570.51         4457.70  
    0.213       121.93          2144.95        2581.97         3967.36         4913.94  
    0.219       291.60          2134.50        2563.78         4047.96         5101.44  
    0.225       323.94          2103.75        2573.79         3752.01         5079.69  
    0.231       355.53          1992.22        2601.03         3924.39         5441.27  
    0.238       371.71          1984.05        2565.12         3594.07         5500.00  
    0.244       388.82          1984.66        2576.37         3674.08         5500.00  
    0.250       392.42          1983.32        2611.95         3925.26         5500.00  
    0.256       54.04          593.51        2082.36         2776.17         4129.27  
    0.263       318.24          1777.09        2471.70         3555.69         5281.22  
    0.269       50.79          595.49        2094.10         2705.16         3949.10  
    0.275       0          367.40        2048.56         2556.22         3836.64  
    0.281       316.33          1869.39        2505.82         3601.00         5274.02  
    0.288       367.30          2100.52        2581.94         3756.89         5500.00  
    0.294       365.41          2055.54        2573.92         3776.34         5500.00  
    0.300       374.77          2036.99        2555.49         3672.90         5107.55  
    0.306       377.67          2077.03        2601.04         4140.35         5199.80  
    0.312       376.31          2096.04        2614.95         4195.04         5462.08  
    0.319       372.07          2056.04        2601.05         3862.76         5500.00  
    0.325       379.12          2086.20        2607.36         3941.76         5500.00  
    0.331       52.35          619.56        2161.10         2795.83         4211.76  
    0.338       0          386.63        2066.10         2587.01         3901.12  
    0.344       0          386.21        2044.62         2567.78         3842.14  
    0.350       330.78          1808.01        2446.95         3555.81         5270.88  
    0.356       376.75          2026.00        2460.09         3620.34         5500.00  
    0.363       51.71          607.08        2089.43         2715.19         3977.58  
    0.369       0          381.35        2030.69         2573.51         3745.83  
    0.375       322.39          1783.94        2453.42         3525.95         5258.80  
    0.381       51.46          609.49        2099.83         2764.20         3865.74  
    0.388       0          391.86        2053.80         2613.94         3614.78  
    0.394       333.90          1842.28        2505.81         3418.46         5240.73  
    0.400       396.00          2068.22        2596.39         3556.40         5500.00  
    0.406       401.96          2060.19        2606.81         3576.95         5500.00  
    0.413       401.59          2052.47        2593.99         3568.16         5500.00  
    0.419       401.05          1994.88        2534.34         3618.37         5500.00  
    0.425       400.69          1959.05        2490.89         3709.38         5500.00  
    0.431       55.15          610.39        2028.00         2652.62         3959.01  
    