0.025       2050.04          2595.21        3824.78         3979.88         4834.85  
    0.031       1987.18          2559.39        3599.96         3854.96         4786.06  
    0.038       1924.32          2480.17        3285.86         4038.17         4832.94  
    0.044       1835.63          2402.63        3161.36         4020.96         4895.72  
    0.050       1905.55          2355.79        3062.61         3862.23         4900.65  
    0.056       1925.88          2323.23        2995.51         3984.60         4968.69  
    0.062       1715.32          2297.35        2857.78         4072.62         4947.09  
    0.069       1607.59          2272.82        2795.77         3936.94         4839.66  
    0.075       1584.20          2122.70        2777.20         3779.36         4829.26  
    0.081       1472.08          1843.58        2790.35         3848.39         5360.90  
    0.088       301.07          1721.88        2174.73         3036.97         4134.94  
    0.094       0          356.01        1614.51         2794.85         3399.99  
    0.100       283.72          1287.92        2502.94         3275.73         4293.33  
    0.106       74.79          1223.73        2213.23         2914.05         4594.44  
    0.113       0          233.09        1242.36         2534.15         3202.77  
    0.119       363.48          902.85        2037.28         3346.10         4276.53  
    0.125       485.12          1093.43        2199.11         3665.21         4626.78  
    0.131       526.92          1102.08        2144.07         3668.51         4614.81  
    0.138       572.98          1241.80        2107.79         3655.42         4686.21  
    0.144       594.05          1339.70        2098.11         3649.88         4810.91  
    0.150       617.69          1304.71        2064.18         3636.94         4778.78  
    0.156       644.23          1338.14        2045.64         3806.61         4739.87  
    0.163       135.56          828.55        1974.52         2815.21         4117.37  
    0.169       0          697.71        1858.28         2554.65         3937.06  
    0.175       0          654.58        1686.74         2384.15         3915.36  
    0.181       468.23          1324.16        2379.36         3681.08         5168.48  
    0.188       573.39          1494.51        2695.67         4101.79         5500.00  
    0.194       118.61          709.20        1786.83         2961.24         4242.60  
    0.200       279.66          1332.82        2320.97         3641.44         5168.54  
    0.206       73.72          603.17        1750.12         3231.34         4452.86  
    0.213       0          426.50        1696.31         3110.41         4045.57  
    0.219       0          630.44        1932.90         3398.61         3948.88  
    0.225       0          771.74        1903.48         3210.28         4148.19  
    0.231       0          810.53        1823.29         3046.52         4102.50  
    0.238       353.50          1688.88        2463.49         3505.41         4778.69  
    0.244       93.19          400.43        2033.20         2766.03         3961.31  
    0.250       0          1436.05        2280.67         3433.67         4387.97  
    0.256       0          1914.00        2417.62         3697.12         4607.33  
    0.263       0          1906.43        2452.99         3727.16         4589.90  
    0.269       0          1887.08        2471.51         3739.07         4576.51  
    0.275       0          1882.24        2660.54         3816.96         4637.68  
    0.281       0          1912.66        2817.17         3808.10         4591.38  
    0.288       0          1904.21        2878.46         3569.98         4525.18  
    0.294       0          396.34        2159.94         3049.37         4085.40  
    0.300       222.37          1617.12        2719.66         3796.86         4647.16  
    0.306       313.72          1890.55        2903.25         3958.53         4792.12  
    0.312       367.62          1935.60        2930.46         3721.85         4795.13  
    0.319       404.84          1994.03        2906.04         3707.96         4718.59  
    0.325       418.61          1992.06        2852.31         3854.37         4532.48  
    0.331       420.41          1979.35        2923.39         3912.61         5289.08  
    0.338       420.65          1978.26        3031.16         3948.54         5500.00  
    0.344       87.77          746.49        2204.93         3340.15         4318.17  
    0.350       331.16          1664.75        2795.06         3847.69         4393.86  
    0.356       416.60          1990.78        2966.67         3990.86         4576.89  
    0.363       420.06          1978.33        2908.71         3947.60         4520.20  
    0.369       427.05          1982.28        2824.68         3967.57         4503.38  
    0.375       430.76          1980.14        2779.43         3975.38         5216.88  
    0.381       433.88          1977.86        2781.54         3973.40         5244.07  
    0.388       436.66          1979.36        2764.12         3991.07         5061.21  
    0.394       438.02          1985.30        2723.37         3983.28         5400.73  
    0.400       440.87          1996.58        2636.75         3971.82         5125.63  
    