0.025       1675.61          2267.17        2916.37         4442.68         5127.43  
    0.031       1816.80          2255.18        2977.40         4582.35         5051.26  
    0.038       1760.98          2315.80        3060.23         4622.36         5045.74  
    0.044       1641.32          2353.99        3063.14         4786.56         5402.86  
    0.050       348.75          1916.12        2615.98         3367.97         4958.80  
    0.056       1128.30          2246.51        3075.72         4431.90         5351.00  
    0.062       310.62          1594.99        2559.90         3569.41         4978.37  
    0.069       0          1186.97        2333.18         3051.90         4770.33  
    0.075       577.59          1903.62        2824.79         4133.22         5338.65  
    0.081       769.69          2049.55        2926.39         4453.17         5500.00  
    0.088       796.56          2275.79        2495.44         4218.37         5500.00  
    0.094       173.01          1331.83        2353.33         3872.17         4339.88  
    0.100       0          838.78        2340.35         3683.88         4223.04  
    0.106       0          589.51        2352.58         3610.81         4375.68  
    0.113       0          115.96        940.78         2700.15         4082.29  
    0.119       401.89          466.30        2149.59         3377.21         5174.93  
    0.125       476.66          652.49        2799.44         3655.09         5500.00  
    0.131       441.46          679.40        2657.14         3679.96         5157.28  
    0.138       425.31          682.18        2698.05         3705.42         4974.62  
    0.144       436.96          679.97        2622.23         3718.98         5096.82  
    0.150       505.41          746.63        2290.45         3871.22         4813.06  
    0.156       500.68          989.35        2115.76         3995.39         5332.45  
    0.163       488.87          1179.30        2086.16         3964.43         5500.00  
    0.169       105.20          657.96        1428.61         2535.90         4245.06  
    0.175       430.74          1229.58        1449.66         2929.02         4302.63  
    0.181       580.11          1090.86        1425.67         3138.92         4337.78  
    0.188       127.06          687.32        1413.26         3038.58         4230.27  
    0.194       0          588.91        1462.33         2998.91         4144.62  
    0.200       0          579.91        1429.92         3013.94         4172.30  
    0.206       0          514.55        1248.21         2774.86         4005.92  
    0.213       0          476.14        1155.54         2742.99         3940.85  
    0.219       0          439.95        1098.68         2787.56         4000.30  
    0.225       323.86          934.43        2412.01         3800.53         5180.05  
    0.231       425.51          1045.97        2628.79         4015.27         5500.00  
    0.238       475.74          991.46        2525.22         3987.62         5393.79  
    0.244       488.43          940.91        2475.92         4027.56         5470.76  
    0.250       475.07          917.31        2538.65         4020.10         5500.00  
    0.256       456.43          1194.79        2636.33         4094.57         5500.00  
    0.263       454.88          1338.92        2597.58         4080.86         5500.00  
    0.269       471.59          1200.25        2619.05         4054.02         5500.00  
    0.275       470.23          1197.18        2542.13         4064.72         5500.00  
    0.281       442.40          1313.29        2635.98         4080.70         5500.00  
    0.288       93.94          632.34        1532.34         3045.94         4376.50  
    0.294       0          470.55        1910.30         2604.90         4108.02  
    0.300       0          486.64        2307.41         2782.16         4109.41  
    0.306       376.99          1954.84        2478.82         3471.93         4596.93  
    0.312       453.80          2357.76        2534.48         3723.75         4724.61  
    0.319       390.92          2369.13        2656.28         3922.02         4791.43  
    0.325       302.01          2378.11        2874.01         4123.92         5024.74  
    0.331       268.33          2176.71        2994.38         3765.40         5126.71  
    0.338       272.62          2013.05        3036.11         3571.58         5421.97  
    0.344       277.70          2034.38        3041.87         3505.01         5500.00  
    0.350       276.91          2110.25        3054.05         3496.37         5358.95  
    0.356       282.42          2159.27        3080.64         3501.32         5461.17  
    0.363       288.48          2239.19        3089.69         3504.25         5500.00  
    0.369       294.47          2325.43        3089.37         3512.51         5500.00  
    0.375       295.82          2384.49        3087.76         3495.53         5500.00  
    0.381       298.66          2413.71        3090.04         3499.22         5500.00  
    0.388       294.65          2313.88        3084.91         3512.20         5500.00  
    0.394       295.12          2200.70        3082.14         3531.19         5500.00  
    0.400       297.45          2209.40        3080.75         3532.86         5500.00  
    0.406       302.60          2262.75        3065.21         3513.68         5500.00  
    0.413       311.71          2161.98        3055.35         3529.01         5500.00  
    0.419       316.33          2003.97        3048.50         3510.05         5331.75  
    0.425       321.84          1937.22        3058.15         3496.49         5139.08  
    0.431       321.24          1903.26        3048.95         3506.43         5413.39  
    0.438       319.86          1864.10        2995.45         3537.75         5500.00  
    0.444       330.16          1859.61        2966.20         3526.64         5500.00  
    0.450       343.96          1851.81        2964.78         3451.27         5500.00  
    