0.025       357.88          755.05        2767.58         3740.26         4341.57  
    0.031       347.72          744.21        2793.90         3790.44         4552.04  
    0.038       333.59          760.05        2855.68         3854.16         5015.45  
    0.044       61.82          392.13        1176.25         3047.12         4142.79  
    0.050       0          313.07        1346.48         2835.59         3943.17  
    0.056       0          285.60        1491.75         2890.04         3978.18  
    0.062       0          258.58        1469.68         2955.88         3891.17  
    0.069       0          47.44        273.49         1683.49         3162.74  
    0.075       0          480.04        1419.65         2749.80         3858.25  
    0.081       0          577.21        1730.36         3038.60         3976.55  
    0.088       0          403.72        1439.93         2999.74         3842.56  
    0.094       0          536.14        1654.87         3115.40         3911.43  
    0.100       308.23          953.61        2749.25         3831.07         5207.28  
    0.106       611.93          836.82        2848.29         3948.00         4357.33  
    0.113       490.89          1130.06        2774.41         3770.97         4155.11  
    0.119       449.53          1327.40        2739.70         3854.05         4661.29  
    0.125       83.94          779.08        2537.20         3063.56         4238.06  
    0.131       0          1077.83        1972.17         3182.17         4322.72  
    0.138       0          1358.93        1837.22         3335.48         4417.32  
    0.144       0          689.18        1863.64         3322.10         4384.60  
    0.150       362.34          738.75        2719.88         3419.72         4855.43  
    0.156       401.05          815.26        2864.62         3443.88         4793.07  
    0.163       397.15          813.77        2861.63         3472.15         4833.50  
    0.169       398.20          853.07        2847.75         3503.86         4897.94  
    0.175       412.19          872.13        2840.60         3510.57         4739.12  
    0.181       422.13          880.02        2831.35         3482.30         4882.57  
    0.188       427.47          884.49        2803.20         3450.68         4893.99  
    0.194       438.28          898.36        2763.48         3449.12         4708.01  
    0.200       454.51          943.76        2731.14         3485.18         4449.84  
    0.206       467.35          994.04        2700.94         3572.34         4575.13  
    0.213       482.04          1026.03        2671.48         3615.89         4447.25  
    0.219       499.40          1096.66        2656.67         3701.68         4429.07  
    0.225       504.42          1154.72        2616.02         3868.50         4444.04  
    0.231       493.21          1225.75        2650.25         3874.67         4455.40  
    0.238       470.73          1261.12        2702.13         3874.63         4139.71  
    0.244       87.10          581.21        1570.55         2929.45         3880.94  
    0.250       248.16          1174.49        2384.13         3650.77         5189.51  
    0.256       290.51          1466.66        2839.40         3314.22         5500.00  
    0.263       363.83          1539.09        2838.66         3133.01         5167.62  
    0.269       418.03          1568.27        2660.04         3336.62         4995.47  
    0.275       451.35          1645.41        2570.52         3510.31         4821.75  
    0.281       466.16          1712.39        2566.81         3844.88         4682.61  
    0.288       469.65          1782.00        2611.91         3898.19         4491.59  
    0.294       466.90          1829.39        2642.65         3851.49         4379.23  
    0.300       456.29          1891.41        2594.45         3764.74         4361.73  
    0.306       451.87          1968.84        2604.96         3755.22         4315.57  
    0.312       445.59          1980.39        2571.21         3746.02         4263.39  
    0.319       441.58          2002.02        2511.58         3733.99         4296.54  
    0.325       444.98          2047.34        2503.07         3661.17         4345.14  
    0.331       440.03          2014.52        2544.65         3625.96         4345.20  
    0.338       427.14          1945.62        2542.11         3661.64         4344.69  
    0.344       418.79          1908.38        2515.28         3487.92         4309.79  
    0.350       420.52          1909.96        2524.55         3433.97         4302.54  
    