0.025       337.14          609.05        3097.13         3735.81         5500.00  
    0.031       340.31          580.39        2987.32         3683.43         5500.00  
    0.038       338.46          556.46        3062.84         3671.52         5500.00  
    0.044       330.56          649.27        3145.63         3653.63         5500.00  
    0.050       345.13          519.31        2889.26         3655.44         5500.00  
    0.056       51.67          73.33        813.42         2883.17         4029.33  
    0.062       240.82          498.08        2434.43         3618.18         4850.21  
    0.069       296.91          641.90        2661.31         3786.95         5083.94  
    0.075       44.46          369.36        779.48         2855.58         3976.92  
    0.081       0          527.01        1463.23         2828.82         3819.45  
    0.088       0          581.38        1497.88         2848.15         3771.32  
    0.094       0          698.69        1248.26         2819.08         3758.43  
    0.100       0          744.37        935.66         2964.97         3794.88  
    0.106       0          737.54        1078.39         3035.61         3836.61  
    0.113       0          692.75        1415.11         2943.48         3831.43  
    0.119       0          101.78        826.39         2720.29         3779.03  
    0.125       0          608.81        759.76         2635.19         3730.75  
    0.131       0          743.52        1783.34         2655.22         3713.11  
    0.138       0          772.37        2037.35         2651.16         3754.21  
    0.144       0          777.99        1984.65         2582.29         3760.26  
    0.150       0          792.16        1643.88         2423.41         3741.72  
    0.156       0          793.58        2090.12         3120.13         4544.42  
    0.163       660.38          1823.97        2919.60         4062.30         4755.38  
    0.169       686.18          1931.69        2931.78         4007.00         4772.80  
    0.175       550.22          1498.82        2736.00         3821.17         4785.69  
    0.181       452.31          737.57        2955.35         3575.20         5205.12  
    0.188       385.10          674.32        2957.53         3500.72         5213.93  
    0.194       359.76          667.54        2956.86         3522.50         5212.56  
    0.200       362.59          648.52        3107.87         3561.13         5324.21  
    0.206       362.07          661.05        3100.67         3530.78         5298.58  
    0.213       352.07          681.77        3010.08         3536.32         5279.50  
    0.219       369.11          651.07        2961.28         3540.58         5384.10  
    0.225       420.11          566.43        2906.45         3521.23         5485.55  
    0.231       389.27          665.08        2896.69         3449.37         5173.26  
    0.238       385.54          717.39        2904.68         3410.49         5144.92  
    0.244       399.69          719.99        2952.99         3417.80         5235.05  
    0.250       403.89          783.48        2945.81         3431.09         5462.85  
    0.256       393.73          864.87        2896.47         3420.48         5284.48  
    0.263       391.65          911.10        2815.23         3381.20         5071.54  
    0.269       400.59          929.75        2748.96         3346.32         5001.04  
    0.275       419.47          949.07        2689.61         3330.55         5110.34  
    0.281       439.95          1010.86        2663.72         3403.49         4656.21  
    0.288       439.50          1089.59        2583.01         3540.33         4379.45  
    0.294       436.80          1152.12        2456.16         3553.55         4302.25  
    0.300       422.58          1237.51        2413.56         3550.92         4332.43  
    0.306       402.51          1306.43        2655.33         3700.72         4590.09  
    0.312       322.00          1322.48        2683.65         3653.49         5371.36  
    0.319       348.81          1448.74        2513.56         3310.10         5192.27  
    0.325       379.28          1539.85        2491.79         3332.79         5134.97  
    0.331       404.53          1618.98        2473.70         3391.97         5039.62  
    0.338       412.32          1653.81        2460.87         3500.61         4930.65  
    0.344       411.65          1697.66        2455.32         3534.86         4929.03  
    0.350       405.90          1770.59        2461.83         3523.58         4827.22  
    0.356       402.54          1827.34        2464.16         3518.97         4780.77  
    0.363       397.62          1875.06        2503.99         3503.25         5067.57  
    0.369       390.39          1888.24        2537.40         3514.75         4979.48  
    0.375       382.66          1919.64        2560.18         3566.32         4833.27  
    0.381       377.68          1959.92        2551.39         3554.81         4900.97  
    0.388       378.91          1964.48        2549.81         3555.64         4899.54  
    0.394       380.41          1947.86        2544.36         3579.48         4866.00  
    0.400       378.96          1946.48        2532.36         3579.38         4769.48  
    0.406       379.20          1950.69        2537.87         3552.66         4851.09  
    0.413       380.00          1950.27        2554.59         3506.71         4917.97  
    0.419       381.42          1952.24        2603.99         3529.46         4930.29  
    0.425       380.45          1955.62        2599.21         3506.95         4906.31  
    0.431       379.42          1949.20        2599.44         3497.60         4901.76  
    0.438       380.63          1949.46        2612.10         3528.25         5365.01  
    0.444       380.32          1960.46        2597.39         3531.70         5033.44  
    0.450       379.69          1972.13        2581.04         3534.94         4989.08  
    0.456       381.92          1986.26        2600.05         3551.09         4876.86  
    0.463       385.43          1969.23        2593.49         3543.71         4848.84  
    0.469       386.15          1954.75        2590.49         3552.80         5403.09  
    0.475       386.92          1958.59        2589.47         3530.58         5301.99  
    0.481       385.36          1960.33        2594.09         3507.92         4913.60  
    0.488       385.01          1956.15        2590.86         3542.80         4891.01  
    0.494       383.20          1954.06        2580.01         3569.11         4983.06  
    0.500       381.83          1957.96        2604.95         3582.98         4959.67  
    0.506       380.93          1977.00        2623.47         3615.13         4836.60  
    0.513       380.18          1994.97        2629.07         3617.61         4933.89  
    0.519       380.00          2011.29        2632.64         3606.37         5074.84  
    0.525       382.55          2061.10        2714.69         3615.20         5439.97  
    0.531       383.10          2057.80        2720.02         3625.24         4850.87  
    0.537       384.30          2087.75        2663.40         3635.70         4578.36  
    0.544       385.79          2137.97        2648.57         3647.27         4734.76  
    0.550       375.67          2070.20        2674.14         3669.66         4646.64  
    0.556       372.50          2039.59        2659.24         3716.97         4535.44  
    0.562       361.06          2028.15        2629.03         3758.30         4666.75  
    0.569       342.24          2041.77        2636.27         3806.43         4657.36  
    0.575       358.07          2061.40        2625.29         3929.52         4511.33  
    0.581       345.03          2033.38        2612.74         3967.49         4411.54  
    