0.025       534.94          1029.57        2284.09         3208.04         4085.99  
    0.031       553.65          968.68        2252.47         3209.84         4432.22  
    0.038       581.08          1031.71        2158.91         3205.60         4644.10  
    0.044       589.91          1205.12        2080.95         3192.69         4602.99  
    0.050       599.09          1431.02        1903.93         3150.74         4596.34  
    0.056       216.97          932.67        1743.41         3088.49         4419.59  
    0.062       0          579.21        1663.26         3050.38         4170.50  
    0.069       0          570.01        1704.03         3087.06         4078.43  
    0.075       0          205.52        1030.28         2602.74         4023.27  
    0.081       0          402.76        1444.41         3130.18         3870.89  
    0.088       0          591.00        1898.29         3501.05         4890.05  
    0.094       0          543.98        1684.78         3066.31         4848.59  
    0.100       338.88          1134.46        2233.23         3545.14         5135.24  
    0.106       529.97          1494.11        2384.22         3942.26         5500.00  
    0.113       545.98          1676.53        2394.55         3913.26         5500.00  
    0.119       556.90          1698.86        2589.74         4057.25         5500.00  
    0.125       200.38          953.54        2011.84         3310.96         4663.87  
    0.131       369.83          1445.65        2510.22         3945.18         5031.80  
    0.138       755.15          1937.33        2889.78         4050.53         5140.72  
    0.144       926.10          1921.02        2810.86         3800.01         5041.53  
    0.150       968.11          1804.46        2784.16         3905.61         4992.28  
    0.156       734.38          1702.92        2736.11         4006.99         5034.96  
    0.163       602.62          1247.04        2411.75         3761.64         4942.19  
    0.169       580.32          1086.54        2073.51         3601.41         5040.92  
    0.175       562.80          1158.32        2060.08         3625.36         5179.14  
    0.181       553.97          1097.75        2171.03         3663.61         5153.09  
    0.188       553.60          1113.97        2150.70         3674.89         5109.31  
    0.194       559.02          1194.80        2124.78         3688.03         5082.80  
    0.200       566.90          1365.79        2148.06         3521.41         4742.48  
    0.206       204.65          888.07        1728.49         2709.84         4283.31  
    0.213       0          577.00        1534.09         2313.67         4057.23  
    0.219       327.08          1166.38        1967.14         3362.55         4967.48  
    0.225       492.15          1649.94        2172.41         3282.50         5111.32  
    0.231       512.68          1680.77        2184.97         2912.33         4897.73  
    0.238       534.44          1512.54        2287.33         3004.64         4901.75  
    0.244       538.97          1459.32        2372.08         3476.55         4964.51  
    0.250       539.34          1469.21        2359.91         3760.48         4979.70  
    0.256       527.73          1450.93        2325.08         3842.78         5150.72  
    0.263       493.42          1443.31        2180.21         3379.31         4957.81  
    0.269       483.59          1443.56        2130.28         3132.96         4920.43  
    0.275       534.96          1545.33        2177.87         3404.80         5207.02  
    0.281       579.04          1614.18        2235.17         3658.86         5438.07  
    0.288       582.78          1609.60        2252.98         3801.55         5282.98  
    0.294       570.23          1589.23        2231.58         3909.61         5184.54  
    0.300       549.49          1702.73        2210.41         4035.51         5391.40  
    0.306       542.87          1730.36        2195.57         4075.37         4643.65  
    0.312       553.40          1685.29        2192.64         4049.23         4641.22  
    0.319       593.31          1695.46        2224.71         3816.54         5287.63  
    0.325       625.74          1700.01        2221.36         3442.66         5500.00  
    0.331       597.33          1682.16        2214.30         3453.99         5500.00  
    0.338       571.72          1652.91        2195.61         3347.35         4527.04  
    0.344       568.55          1639.21        2186.99         3482.24         4017.11  
    0.350       204.08          972.28        1885.35         2730.31         3942.19  
    0.356       0          615.90        1737.01         2235.55         3842.75  
    0.363       0          573.20        1731.19         2229.00         3858.89  
    0.369       319.08          1300.68        2032.91         3151.54         4838.25  
    0.375       178.67          908.98        1983.86         3007.68         4554.15  
    0.381       0          505.59        1812.48         2403.49         3977.40  
    