0.025       387.85          1130.38        2444.95         3583.92         4381.30  
    0.031       383.33          1137.50        2384.59         3585.88         4778.40  
    0.038       382.40          1095.20        2427.55         3576.70         4841.22  
    0.044       375.84          1125.72        2394.77         3600.78         4856.72  
    0.050       354.61          875.59        2543.95         3595.07         4682.69  
    0.056       342.17          862.27        2599.45         3566.41         4614.89  
    0.062       325.71          798.66        2695.85         3536.28         4682.40  
    0.069       271.84          703.88        2641.94         3536.23         4686.27  
    0.075       238.88          1115.03        2881.72         3871.63         5445.01  
    0.081       16.00          324.25        1704.98         2982.36         4087.53  
    0.088       0          554.39        2128.96         3104.74         4178.07  
    0.094       0          768.83        1967.49         3403.89         4349.29  
    0.100       0          660.43        1834.59         3541.73         4166.35  
    0.106       0          505.47        1689.41         3110.28         4436.79  
    0.113       312.59          1417.45        2775.44         3819.35         5275.69  
    0.119       325.53          1464.06        2818.91         3465.71         4945.05  
    0.125       316.12          1556.11        3088.21         3419.47         4827.43  
    0.131       21.32          1082.91        2241.92         2813.76         4175.33  
    0.138       0          879.69        2249.06         2539.78         4025.55  
    0.144       0          926.16        2281.24         2888.46         3997.29  
    0.150       0          1134.60        2391.60         3612.36         3989.92  
    0.156       0          1107.90        2342.91         2904.32         4238.96  
    0.163       399.08          876.64        2418.07         3470.47         4631.25  
    0.169       405.69          902.09        2467.70         3484.10         4719.33  
    0.175       456.43          1062.97        2457.35         3486.77         4534.33  
    0.181       470.37          1095.33        2470.51         3578.10         4395.04  
    0.188       461.26          1135.09        2460.75         3540.72         4426.50  
    0.194       462.76          1182.09        2513.42         3612.27         4742.71  
    0.200       470.25          1156.47        2467.33         3562.65         4812.35  
    0.206       462.83          1136.57        2369.97         3721.14         4702.69  
    0.213       465.02          1127.84        2322.82         3751.91         4483.00  
    0.219       472.28          1140.39        2289.14         3788.36         4533.15  
    0.225       474.42          1243.59        2275.85         3825.09         5434.99  
    0.231       472.27          1337.35        2278.03         3804.68         4894.14  
    0.238       455.97          1433.92        2508.13         3289.41         3918.56  
    0.244       443.05          1415.06        2146.37         3255.49         3859.72  
    0.250       413.78          1366.31        2259.15         3797.70         4994.17  
    0.256       27.82          481.40        1438.02         2617.53         3960.58  
    0.263       0          359.81        1450.38         2542.92         3926.91  
    0.269       273.96          1448.04        2535.76         3876.64         4875.14  
    0.275       232.07          1467.36        2619.49         3660.40         5004.24  
    0.281       239.04          1615.10        2769.61         3337.77         4906.18  
    0.288       358.14          1742.45        2864.69         3406.80         4879.45  
    0.294       409.47          1594.22        2843.80         3435.96         4826.55  
    0.300       427.98          1598.86        2563.98         3553.35         3905.69  
    0.306       438.31          1627.23        2384.35         3566.76         3922.52  
    0.312       450.14          1624.56        2341.22         3530.53         4010.18  
    0.319       455.91          1678.60        2389.17         3492.52         4042.92  
    0.325       466.00          1720.54        2446.55         3538.84         4104.15  
    0.331       481.39          1756.38        2428.22         3824.66         4121.19  
    0.338       504.54          1773.35        2438.88         3555.03         4245.75  
    