0.025       297.98          856.76        2395.35         3811.84         5500.00  
    0.031       289.18          848.11        2399.83         3820.88         5500.00  
    0.038       279.88          826.34        2398.18         3842.16         5500.00  
    0.044       280.79          793.82        2378.97         3871.37         5500.00  
    0.050       286.93          762.41        2351.92         3879.65         5500.00  
    0.056       293.24          738.60        2320.25         3879.94         5500.00  
    0.062       299.45          723.57        2314.96         3912.26         5500.00  
    0.069       303.46          718.71        2359.97         3962.55         5394.98  
    0.075       302.44          717.59        2383.19         4008.23         5255.95  
    0.081       297.60          719.47        2376.00         4013.79         5328.33  
    0.088       301.65          733.61        2335.57         4017.68         5464.22  
    0.094       310.52          732.04        2222.74         4043.91         4876.15  
    0.100       313.46          716.21        2232.57         4022.90         4416.75  
    0.106       305.44          749.31        2217.76         3950.07         4488.30  
    0.113       283.03          882.83        2201.37         3915.13         4738.83  
    0.119       253.35          960.97        2255.29         3921.82         5238.60  
    0.125       235.12          831.88        2375.32         3939.91         5500.00  
    0.131       229.30          715.14        2463.00         3880.04         5500.00  
    0.138       226.51          822.54        2538.77         3883.58         5500.00  
    0.144       227.45          965.89        2622.28         3951.22         5500.00  
    0.150       98.11          562.49        2570.50         3312.70         4660.24  
    0.156       131.71          1304.58        2696.47         3522.03         4870.18  
    0.163       232.14          1806.59        2671.14         3990.05         5500.00  
    0.169       100.01          1287.26        2197.75         3398.31         4908.45  
    0.175       0          1260.60        2024.03         3152.52         4507.65  
    0.181       0          1444.04        2221.57         3398.41         4637.32  
    0.188       0          631.49        1863.81         2812.32         4005.26  
    0.194       193.41          949.11        1907.86         2937.32         4070.77  
    0.200       326.32          1232.26        2213.22         3482.30         4466.77  
    0.206       318.35          865.54        2281.13         3586.49         4357.04  
    0.213       349.59          774.12        2265.19         3784.13         4166.47  
    0.219       392.14          767.58        2219.19         3833.70         4032.10  
    0.225       411.53          828.10        2239.77         3741.90         4129.79  
    0.231       413.17          853.73        2280.96         3734.18         4238.08  
    0.238       408.01          841.16        2307.70         3753.17         4246.05  
    0.244       401.85          830.35        2312.20         3737.47         4220.91  
    0.250       397.33          819.32        2294.81         3694.45         4187.91  
    0.256       397.12          804.31        2272.39         3562.28         4165.99  
    0.263       410.47          814.20        2251.61         3389.85         4123.14  
    0.269       461.48          795.07        2231.50         3255.43         4088.70  
    0.275       211.20          598.55        1941.39         2612.75         4072.78  
    0.281       0          424.24        1590.07         2204.81         4030.41  
    0.288       0          387.03        1480.76         2151.25         3997.60  
    0.294       0          405.03        1507.16         2149.96         3979.00  
    0.300       0          431.02        1556.79         2174.74         3955.70  
    0.306       258.13          1054.00        1890.19         3186.27         4309.85  
    0.312       193.60          923.12        1956.49         2882.46         4240.78  
    0.319       0          483.73        1925.79         2061.72         3947.59  
    0.325       0          486.87        2020.44         2265.42         3895.84  
    0.331       275.18          824.46        2040.96         3235.11         3957.56  
    0.338       476.77          1490.60        1957.72         3842.67         4026.51  
    