0.025       569.41          991.13        2310.92         3342.01         4430.32  
    0.031       588.00          1000.09        2133.41         3209.56         4630.65  
    0.038       589.47          1042.55        2099.59         3216.81         4612.21  
    0.044       629.06          1071.02        2057.71         3199.43         4594.92  
    0.050       655.93          1040.72        1630.74         3147.85         4621.22  
    0.056       98.39          680.85        1542.41         3049.30         4188.48  
    0.062       0          593.12        1547.61         3098.78         4092.57  
    0.069       498.58          816.14        2216.64         3873.40         4132.79  
    0.075       87.44          127.73        927.82         2482.97         3925.53  
    0.081       0          0        616.15         1811.23         3528.84  
    0.088       502.11          1205.46        1384.24         2985.89         4533.36  
    0.094       560.56          1376.11        2313.83         3322.75         4722.39  
    0.100       539.06          1311.33        2368.20         3819.85         5063.51  
    0.106       552.71          1335.79        2165.97         3837.37         5443.79  
    0.113       554.91          1526.42        2564.23         4002.91         5500.00  
    0.119       557.22          1398.22        2671.52         4137.39         5500.00  
    0.125       83.21          702.43        1963.69         3256.21         4600.04  
    0.131       630.46          1690.98        2683.06         3985.25         5066.28  
    0.138       910.19          1888.94        2809.40         3853.55         5130.45  
    0.144       931.85          1790.13        2772.69         3850.88         4931.97  
    0.150       718.18          1642.89        2724.97         3959.07         4810.54  
    0.156       626.26          1075.20        2541.34         3929.19         5394.82  
    0.163       573.98          979.61        2115.17         3638.91         5099.21  
    0.169       564.86          1032.41        2085.97         3620.98         5174.79  
    0.175       550.52          1022.12        2198.11         3665.22         5340.74  
    0.181       543.73          1048.80        2168.36         3667.50         5124.20  
    0.188       552.01          1089.68        2138.33         3683.64         5016.35  
    0.194       562.33          1166.68        2183.37         3582.97         4741.31  
    0.200       557.50          1217.19        2261.95         3703.44         4481.56  
    0.206       83.02          669.46        1460.78         2512.76         4076.12  
    0.213       0          531.81        1261.01         2281.46         4001.44  
    0.219       384.55          1409.88        2032.89         2979.52         4884.43  
    0.225       453.36          1453.09        2131.55         2909.01         4917.25  
    0.231       528.44          1368.87        2258.59         2972.12         4902.75  
    0.238       543.81          1360.20        2372.95         3452.53         4906.20  
    0.244       544.43          1374.16        2330.57         3714.22         4900.80  
    0.250       537.87          1382.36        2269.54         3816.85         4897.33  
    0.256       510.86          1454.04        2131.33         3262.29         4776.05  
    0.263       497.29          1455.38        1990.32         3101.93         4988.97  
    0.269       528.34          1480.77        2081.48         3348.79         5156.18  
    0.275       588.51          1523.88        2112.82         3597.76         5125.97  
    0.281       594.10          1533.71        2126.99         3763.24         5129.98  
    0.288       582.06          1537.73        2128.94         3897.58         5445.14  
    0.294       570.46          1563.70        2139.46         4000.54         5500.00  
    0.300       567.09          1597.49        2142.15         3926.88         4405.82  
    0.306       568.44          1601.75        2144.73         4086.89         4213.21  
    0.312       580.08          1612.59        2158.56         3954.88         4933.83  
    0.319       649.52          1622.05        2153.01         3323.02         5434.38  
    0.325       619.73          1623.99        2157.18         3380.86         5500.00  
    0.331       590.64          1608.44        2136.69         3186.32         4168.24  
    0.338       582.36          1613.42        2139.11         3244.83         3990.22  
    