0.025       0          286.70        887.90         2454.71         3550.42  
    0.031       213.37          637.43        2044.81         3461.34         4523.46  
    0.038       264.60          718.05        2405.35         3982.76         5345.64  
    0.044       259.06          704.14        2455.53         4143.90         5500.00  
    0.050       263.92          696.57        2545.08         4396.88         5500.00  
    0.056       273.05          685.86        2702.68         4473.71         4908.32  
    0.062       279.43          680.31        2717.64         4394.18         5333.38  
    0.069       280.87          677.75        2640.83         4439.84         5500.00  
    0.075       281.61          675.61        2795.94         4485.22         5500.00  
    0.081       279.24          673.45        2770.59         4478.91         5202.70  
    0.088       277.96          666.86        2674.70         4463.53         5178.30  
    0.094       284.90          659.45        2700.91         4451.07         5432.98  
    0.100       63.04          387.08        1160.85         3144.26         4717.22  
    0.106       0          325.45        791.70         2745.39         4496.99  
    0.113       0          321.22        786.52         2587.30         4400.67  
    0.119       0          280.08        755.19         2500.52         4339.77  
    0.125       196.96          612.83        2023.48         3940.54         5242.98  
    0.131       235.42          961.65        2168.51         4343.43         5500.00  
    0.138       231.12          1390.94        2087.00         4395.18         5500.00  
    0.144       50.81          508.66        1716.05         3142.69         4620.07  
    0.150       181.81          1220.75        2455.74         3978.76         5252.21  
    0.156       51.20          524.10        1748.16         2924.43         4660.07  
    0.163       0          287.63        1822.02         2754.93         4453.71  
    0.169       0          360.32        2012.76         2648.52         4540.98  
    0.175       119.82          896.56        2199.44         4009.00         5294.15  
    0.181       307.99          1032.32        2228.18         3857.29         5500.00  
    0.188       77.23          536.83        1317.39         2602.37         4197.33  
    0.194       0          412.81        1056.08         2162.24         3646.90  
    0.200       0          355.22        988.03         2196.54         3506.88  
    0.206       0          316.80        826.48         2386.18         3611.36  
    0.213       237.40          580.71        2009.49         3351.98         5093.02  
    0.219       310.73          672.31        2416.60         3364.73         5367.86  
    0.225       338.07          648.25        2566.94         3410.63         5268.33  
    0.231       421.39          610.76        2547.44         3509.52         5225.43  
    0.238       476.33          514.42        2395.32         3533.62         5191.21  
    0.244       443.83          712.07        2607.61         3565.13         5183.90  
    0.250       416.57          797.55        2803.00         3554.28         5215.60  
    0.256       414.20          791.16        3049.64         3549.62         5184.81  
    0.263       446.30          749.98        2905.65         3570.73         5130.69  
    0.269       461.63          829.34        2847.58         3616.01         5102.85  
    0.275       485.22          899.25        2733.28         3647.61         5100.90  
    0.281       508.91          948.85        2634.10         3686.49         5112.94  
    0.288       498.13          1028.06        2602.23         3645.39         5202.49  
    0.294       484.82          1092.18        2550.30         3503.06         5292.72  
    0.300       484.60          1174.17        2495.59         3365.53         5332.99  
    0.306       475.79          1240.78        2455.07         3300.04         5464.65  
    0.312       479.58          1335.00        2455.93         3624.83         5500.00  
    0.319       370.37          1328.66        2415.30         3535.57         5500.00  
    0.325       299.89          1249.24        2479.01         3524.04         5500.00  
    0.331       309.41          1184.82        2540.75         3604.46         5422.79  
    0.338       337.26          1101.14        2526.51         3677.20         5374.08  
    0.344       403.77          1525.84        2643.76         3720.11         5470.66  
    0.350       500.02          1611.60        2697.57         3739.35         4952.09  
    0.356       450.87          1601.22        2505.68         3815.29         5040.96  
    0.363       442.34          1636.91        2302.51         3798.22         5414.18  
    0.369       460.56          1719.19        2250.56         3702.95         5500.00  
    0.375       465.27          1769.82        2252.56         3689.41         5500.00  
    0.381       460.55          1820.07        2289.02         3710.04         5500.00  
    0.388       454.58          1875.86        2298.45         3739.39         5500.00  
    0.394       448.54          1923.28        2289.00         3800.86         5500.00  
    0.400       448.19          1963.27        2302.88         4123.81         5500.00  
    0.406       445.96          1989.45        2208.62         4100.30         5500.00  
    0.413       445.52          1996.03        2259.39         4084.48         5500.00  
    0.419       442.59          1998.87        2303.06         4215.10         5500.00  
    