0.025       319.24          773.37        2308.94         4501.70         4720.61  
    0.031       321.73          794.22        2249.69         4533.58         4596.06  
    0.038       326.49          1002.04        1747.25         4488.22         4539.57  
    0.044       329.49          1087.36        1559.04         4346.87         4541.37  
    0.050       77.08          496.16        1243.89         3516.12         4546.28  
    0.056       0          261.83        1235.41         3117.25         4569.52  
    0.062       0          217.69        1421.02         3375.62         4592.46  
    0.069       0          48.83        550.39         2470.84         4173.27  
    0.075       0          206.08        1437.71         3218.39         4587.85  
    0.081       0          266.98        1537.43         3351.13         4648.72  
    0.088       0          282.37        1538.00         3292.15         4503.11  
    0.094       0          303.69        1647.86         3367.10         4456.51  
    0.100       0          330.24        1621.70         3140.45         4385.73  
    0.106       254.55          1436.78        2410.45         3590.65         4811.69  
    0.113       77.57          413.86        1796.48         2770.78         3906.96  
    0.119       0          0        1544.51         2505.31         3699.31  
    0.125       268.43          1269.44        2385.12         3489.98         4579.50  
    0.131       369.84          1614.27        2700.09         3815.69         4913.85  
    0.138       941.92          1675.05        2789.39         3812.97         4992.00  
    0.144       1160.90          1789.97        2957.31         3868.71         5164.40  
    0.150       274.45          1242.77        2161.60         3558.35         4713.43  
    0.156       0          540.74        1942.29         3560.65         4561.74  
    0.163       0          405.71        2000.11         3576.67         4501.46  
    0.169       0          96.57        790.77         2874.50         3835.93  
    0.175       306.23          447.61        2182.01         3702.39         4456.02  
    0.181       390.49          686.66        2661.84         3922.51         4840.49  
    0.188       375.82          759.37        2529.18         3941.96         4921.20  
    0.194       370.23          788.03        2389.29         4071.36         4959.70  
    0.200       377.49          803.27        2426.96         4210.32         4948.61  
    0.206       394.25          822.77        2447.84         4323.44         4920.09  
    0.213       408.11          873.64        2385.15         4211.37         4902.43  
    0.219       418.26          914.02        2313.64         3928.87         4960.40  
    0.225       428.30          945.05        2278.09         3533.37         4998.89  
    0.231       435.75          964.11        2225.86         3318.37         4979.47  
    0.238       443.31          1027.13        2178.09         3404.08         4893.05  
    0.244       447.80          1149.53        2101.26         3226.42         4789.80  
    0.250       444.42          1256.64        2024.75         3311.73         4726.69  
    0.256       406.90          1301.51        1945.07         3667.37         4713.32  
    0.263       384.35          1369.16        2059.00         3825.39         4873.73  
    0.269       404.11          1416.90        2274.28         3585.84         4806.68  
    0.275       414.60          1463.31        2367.93         3660.03         4961.51  
    0.281       420.42          1473.24        2404.83         3199.41         4784.76  
    0.288       423.47          1492.28        2397.22         3064.35         4775.90  
    0.294       419.07          1534.78        2429.20         2945.18         4682.72  
    0.300       412.36          1607.80        2351.33         2996.05         4640.89  
    0.306       418.46          1700.89        2326.93         3482.71         4617.93  
    0.312       98.28          732.64        1926.78         2577.71         4546.18  
    0.319       327.67          1503.18        2149.48         3999.88         5272.56  
    0.325       419.62          1821.76        2212.09         4585.24         5500.00  
    0.331       420.37          1840.60        2181.25         4648.70         5500.00  
    0.338       416.43          1903.75        2157.63         4628.57         5500.00  
    0.344       400.26          1955.83        2038.00         4620.57         5500.00  
    0.350       356.82          1970.11        2077.56         4635.03         5059.40  
    0.356       327.76          1948.42        2178.67         4639.85         5023.88  
    0.363       330.66          1952.21        2256.68         4542.10         5000.97  
    