0.025       334.33          759.68        2202.05         4361.70         4592.16  
    0.031       333.92          807.49        1869.58         4331.09         4708.21  
    0.038       304.83          927.55        1465.69         4257.31         4788.31  
    0.044       244.65          900.10        1780.75         4194.55         4736.35  
    0.050       202.48          731.47        2366.66         4330.15         4976.47  
    0.056       188.97          680.60        2532.16         4362.07         5364.01  
    0.062       217.00          718.02        2490.58         4320.05         5344.41  
    0.069       270.98          873.74        2466.22         4247.90         5129.79  
    0.075       300.60          1190.78        2625.09         4132.20         4978.89  
    0.081       258.61          1414.51        2652.96         4044.20         4959.82  
    0.088       198.52          1315.52        2616.96         4149.82         5131.97  
    0.094       196.06          1287.03        2681.22         4263.74         5108.01  
    0.100       217.18          1458.93        2678.98         4185.52         5056.77  
    0.106       91.14          1147.07        2308.53         3385.45         4836.22  
    0.113       481.80          1381.77        2501.76         3922.41         4685.68  
    0.119       331.03          1190.63        2192.18         3583.93         4585.65  
    0.125       0          731.27        1825.04         2883.58         4442.72  
    0.131       222.68          736.08        2273.85         3618.70         4625.40  
    0.138       397.10          770.60        2498.96         4188.14         4782.51  
    0.144       352.86          736.43        2289.75         4209.69         4780.83  
    0.150       389.92          700.06        2200.23         4213.43         4823.74  
    0.156       486.11          735.91        2365.77         4264.20         4863.24  
    0.163       488.75          872.70        2540.45         4303.14         4879.06  
    0.169       471.61          981.86        2600.16         4297.78         4907.97  
    0.175       469.45          1039.02        2627.51         4361.12         4909.74  
    0.181       460.84          1065.06        2653.77         4416.22         4899.50  
    0.188       463.67          1084.11        2644.39         4453.88         5038.40  
    0.194       478.40          1102.56        2621.52         4406.86         5351.05  
    0.200       486.22          1115.55        2602.12         4263.18         5500.00  
    0.206       488.46          1163.01        2577.91         4230.86         5500.00  
    0.213       488.43          1203.48        2552.86         4271.01         5500.00  
    0.219       484.21          1232.74        2526.04         4368.41         4864.74  
    0.225       474.25          1260.48        2403.51         3630.92         4482.34  
    0.231       448.99          1279.06        2272.67         3696.47         4679.61  
    0.238       427.31          1330.92        2288.17         3774.88         4766.47  
    0.244       431.38          1412.33        2316.22         3271.92         4627.30  
    0.250       435.68          1463.02        2306.70         2855.67         4486.79  
    0.256       430.24          1492.54        2274.76         2826.46         4445.87  
    0.263       436.03          1535.94        2238.53         3019.06         4441.66  
    0.269       450.90          1584.10        2228.58         3214.67         4423.01  
    0.275       458.46          1635.85        2224.17         3682.32         4397.81  
    