0.025       413.38          1370.81        2638.55         3936.07         5500.00  
    0.031       417.68          1402.69        2602.90         3992.16         5500.00  
    0.038       415.46          1415.85        2592.93         3934.42         5500.00  
    0.044       404.85          1385.40        2579.85         3861.70         5221.18  
    0.050       395.60          1273.38        2629.96         3849.78         5458.61  
    0.056       50.98          162.53        340.92         877.38         2960.10  
    0.062       0          400.75        2207.55         2327.08         3852.54  
    0.069       0          408.07        2471.22         3078.96         4211.86  
    0.075       0          391.84        2337.17         3111.68         4784.29  
    0.081       362.95          1480.25        2610.64         3723.23         5019.47  
    0.088       481.85          2103.04        2683.74         3801.07         5120.56  
    0.094       464.12          2129.57        2622.71         3789.71         5143.31  
    0.100       59.46          704.12        2453.12         3639.02         4944.45  
    0.106       0          458.45        2231.49         3258.69         4808.90  
    0.113       381.38          1731.55        2788.51         4243.02         5053.22  
    0.119       375.20          1443.30        2818.12         4421.93         5447.24  
    0.125       619.97          1435.21        2805.40         4340.92         5234.18  
    0.131       530.09          1612.54        2766.44         4264.20         4998.94  
    0.138       66.07          553.60        1972.86         3163.80         4425.63  
    0.144       0          459.98        2288.84         2659.15         4449.24  
    0.150       0          440.31        1630.96         2627.08         4118.67  
    0.156       0          432.26        1471.89         2602.87         3939.54  
    0.163       0          458.95        1374.42         2573.91         3979.07  
    0.169       0          465.07        1471.44         2559.07         4005.42  
    0.175       393.29          1220.70        2262.28         3929.10         4379.92  
    0.181       475.16          1196.87        2223.15         3438.76         4435.22  
    0.188       464.11          1148.70        2139.53         3289.85         4579.88  
    0.194       446.72          1114.35        2105.55         3486.04         4537.51  
    0.200       404.69          1202.18        2160.30         3611.90         4521.74  
    0.206       388.30          1219.94        2181.57         3653.82         4601.20  
    0.213       371.60          1196.43        2123.40         3643.63         4794.80  
    0.219       343.45          1224.73        2096.44         3425.90         4895.09  
    0.225       312.72          1362.31        2058.28         3901.79         4864.75  
    0.231       39.90          357.52        1861.07         2338.22         4704.59  
    0.238       319.61          1460.15        2091.87         2916.98         4819.81  
    0.244       400.03          1514.01        2176.56         3043.40         4941.75  
    0.250       417.81          1503.73        2190.93         3175.62         4852.11  
    0.256       418.84          1522.14        2198.04         3243.34         4901.00  
    0.263       415.14          1524.67        2198.53         3240.59         4922.43  
    0.269       411.63          1518.76        2223.59         3155.59         4718.27  
    0.275       400.68          1547.07        2221.75         3149.40         4708.36  
    0.281       406.89          1637.19        2226.87         3228.25         4713.66  
    0.288       414.43          1811.54        2273.93         3312.71         4725.46  
    