0.025       555.22          1462.41        1913.14         3694.32         4907.79  
    0.031       580.05          1483.44        2076.68         3703.94         4892.35  
    0.038       611.23          1517.66        2205.45         3686.01         4849.74  
    0.044       639.43          1528.33        2251.54         3657.93         4759.03  
    0.050       652.54          1509.49        2309.36         3674.42         4688.82  
    0.056       610.16          1436.00        2359.93         3709.30         4662.67  
    0.062       544.68          1388.03        2403.61         3728.73         4664.18  
    0.069       524.92          1277.33        2425.05         3718.29         4615.11  
    0.075       538.79          1126.98        2412.82         3683.75         4709.53  
    0.081       503.20          784.66        2340.29         3673.71         4787.60  
    0.088       134.86          185.36        1149.65         2739.39         4025.56  
    0.094       317.35          510.69        1951.27         3412.00         4557.27  
    0.100       121.37          195.31        1184.13         2761.50         4131.53  
    0.106       0          528.12        1638.10         3016.90         4181.85  
    0.113       0          709.74        1808.81         3306.95         4523.98  
    0.119       436.40          1244.06        2520.48         4235.79         5252.66  
    0.125       587.02          1431.68        2632.74         3928.18         5225.53  
    0.131       577.29          1673.41        2669.05         4449.96         5395.03  
    0.138       674.42          1822.79        2751.79         4110.87         4994.96  
    0.144       716.20          1856.55        2718.52         3769.20         4847.33  
    0.150       589.68          1867.82        2737.67         3800.68         5324.26  
    0.156       149.58          789.30        2058.34         3758.63         4429.46  
    0.163       0          440.00        1585.58         3617.20         4498.26  
    0.169       324.48          955.24        2066.96         3578.11         4807.32  
    0.175       455.33          1214.08        2344.90         3627.50         4703.87  
    0.181       475.70          1266.90        2335.10         3643.65         4637.99  
    0.188       521.01          1310.70        2307.35         3637.09         4630.58  
    0.194       603.41          1376.95        2258.88         3482.76         4622.62  
    0.200       685.08          1625.68        2363.28         3098.15         4575.63  
    0.206       195.42          955.57        1822.01         2626.77         4304.89  
    0.213       400.17          1228.82        2223.28         3673.00         5142.54  
    0.219       524.91          1447.07        2400.04         4059.83         5006.24  
    0.225       503.28          1467.87        2270.40         3992.28         4920.69  
    0.231       506.17          1434.40        2133.42         3978.10         5350.67  
    0.238       526.82          1258.96        2033.40         3971.71         5500.00  
    0.244       147.64          665.73        1447.52         2731.48         4419.60  
    0.250       0          412.41        1395.94         2016.16         4049.42  
    0.256       0          874.75        1600.43         2008.80         4592.60  
    0.263       0          974.15        1662.03         2130.28         4472.65  
    0.269       0          648.40        1440.50         2248.61         4165.93  
    0.275       362.66          1125.25        2032.86         3506.52         5111.49  
    0.281       499.28          1371.04        2275.56         3969.25         5500.00  
    0.288       499.28          1411.58        2249.94         3957.21         5500.00  
    0.294       496.41          1479.70        2251.43         3890.24         5377.96  
    0.300       495.22          1558.51        2257.02         3858.15         5453.33  
    0.306       495.87          1619.04        2269.76         3861.56         5500.00  
    0.312       496.63          1666.91        2283.92         3997.40         5500.00  
    0.319       494.27          1719.70        2277.08         4085.04         5500.00  
    0.325       492.87          1787.74        2292.47         4009.81         5500.00  
    0.331       488.39          1852.66        2342.50         3863.16         5361.84  
    0.338       480.41          1899.43        2412.42         3808.99         5447.16  
    0.344       478.52          1924.67        2437.46         3794.87         5500.00  
    0.350       470.82          1929.89        2338.92         3766.77         5500.00  
    0.356       460.69          1938.49        2254.16         3762.24         5390.79  
    0.363       450.44          1953.95        2373.29         3767.29         5223.28  
    0.369       445.48          1955.62        2527.73         3850.70         5206.97  
    0.375       449.29          1943.01        2456.11         3884.19         5362.60  
    0.381       411.97          2006.00        2472.05         3955.91         5330.41  
    0.388       332.15          2044.84        2597.04         3966.12         5281.05  
    0.394       276.96          2048.79        2649.76         3945.07         5276.15  
    0.400       292.35          2071.19        2638.65         3934.21         5175.54  
    0.406       83.74          575.39        2292.16         2997.83         4299.21  
    0.413       0          1697.86        2318.83         3594.25         4151.45  
    0.419       0          2260.73        2379.02         3866.41         4074.17  
    0.425       0          2157.97        2352.37         3863.65         4076.72  
    0.431       0          2127.51        2567.67         3857.05         4626.23  
    0.438       0          588.16        2248.26         2970.18         4128.06  
    0.444       0          1509.16        2449.68         3507.60         5046.41  
    0.450       0          2076.62        2558.58         3808.68         5236.31  
    0.456       0          2075.12        2518.84         3815.33         5041.45  
    0.463       0          574.30        2196.55         2945.42         4098.81  
    0.469       0          1524.31        2383.54         3377.10         4624.81  
    0.475       0          582.97        2274.38         2892.54         4077.18  
    0.481       540.31          1530.21        2457.92         3484.08         4615.26  
    0.488       206.64          2108.45        2572.61         3904.81         5175.80  
    0.494       0          582.55        2229.67         3040.56         4354.39  
    0.500       787.56          1558.32        2591.74         3544.72         4745.45  
    0.506       597.37          2162.84        2727.51         3825.12         4995.99  
    0.513       113.27          2135.40        2617.34         3845.45         5053.95  
    0.519       280.18          2135.42        2670.83         3949.01         5115.49  
    0.525       375.67          2136.27        2708.33         4000.26         5138.72  
    