0.025       318.41          744.97        2288.90         4502.93         4691.76  
    0.031       320.21          827.17        2045.00         4500.03         4561.01  
    0.038       320.00          1057.51        1590.33         4463.59         4534.20  
    0.044       314.41          1091.83        1543.81         4209.12         4550.84  
    0.050       27.40          371.73        1216.26         3174.35         4551.75  
    0.056       0          249.71        1310.90         3163.21         4581.17  
    0.062       0          240.12        1601.98         3460.76         4576.53  
    0.069       0          20.92        407.73         2302.96         4029.89  
    0.075       0          256.44        1568.13         3332.80         4665.39  
    0.081       0          285.08        1548.67         3285.65         4567.99  
    0.088       0          296.67        1631.57         3317.74         4452.75  
    0.094       0          316.68        1657.77         3382.08         4436.34  
    0.100       0          327.14        1683.80         2837.36         4357.20  
    0.106       293.33          1655.22        2576.12         3676.36         4897.63  
    0.113       28.06          155.59        1643.14         2597.85         3749.34  
    0.119       0          0        1616.24         2554.82         3764.01  
    0.125       320.04          1546.05        2610.99         3683.72         4776.24  
    0.131       652.72          1604.19        2728.20         3813.60         4946.30  
    0.138       1106.63          1725.76        2829.77         3813.87         5015.73  
    0.144       1163.41          1836.95        3187.48         4021.14         5458.24  
    0.150       101.70          1086.55        2031.79         3517.80         4609.53  
    0.156       0          410.85        1985.46         3620.18         4613.70  
    0.163       0          390.40        1997.84         3568.35         4624.22  
    0.169       346.85          675.50        2715.62         3826.14         4739.10  
    0.175       372.56          697.81        2705.54         3988.10         4750.40  
    0.181       361.35          749.54        2662.66         3917.03         4896.66  
    0.188       357.00          775.26        2445.84         3971.85         4936.80  
    0.194       360.49          792.01        2373.67         4140.37         4964.95  
    0.200       372.11          800.88        2449.97         4260.64         4932.68  
    0.206       387.39          812.10        2434.67         4347.25         4903.95  
    0.213       404.52          832.13        2338.01         4119.61         4903.03  
    0.219       419.85          876.60        2292.15         3729.28         4980.63  
    0.225       429.66          920.37        2252.31         3342.39         4998.86  
    0.231       436.54          941.62        2205.45         3259.79         4959.82  
    0.238       443.17          1036.76        2154.98         3439.39         4810.25  
    0.244       440.88          1173.60        2064.23         3156.82         4764.62  
    0.250       428.96          1286.07        1990.47         3416.54         4702.93  
    0.256       376.09          1304.84        1919.56         3810.64         4725.39  
    0.263       374.86          1389.06        2177.63         3722.70         4770.47  
    0.269       389.70          1456.42        2351.50         3710.39         5078.85  
    0.275       397.53          1476.07        2414.22         3825.43         5465.77  
    0.281       411.89          1483.34        2453.36         3054.21         4794.87  
    0.288       412.43          1486.51        2419.74         2917.14         4747.31  
    0.294       403.53          1517.30        2451.91         2819.68         4635.13  
    0.300       390.51          1604.33        2316.37         3069.86         4642.05  
    0.306       398.60          1688.21        2302.57         3832.38         4590.34  
    0.312       34.88          522.46        1852.39         2393.67         4528.21  
    0.319       0          407.99        1822.97         2243.26         4535.34  
    