0.025       311.26          841.20        2531.42         3646.48         4176.39  
    0.031       330.93          877.18        2574.49         3644.86         4122.29  
    0.038       333.22          927.56        2566.02         3660.81         4032.02  
    0.044       317.11          1020.06        2346.69         3621.09         3973.74  
    0.050       301.09          1164.17        2154.76         3502.94         4097.04  
    0.056       277.97          1273.07        2077.60         3520.18         4105.68  
    0.062       227.97          1286.28        2626.28         3762.06         4011.60  
    0.069       216.18          1348.71        2897.68         3748.08         3973.37  
    0.075       222.20          1382.54        3028.05         4035.94         5445.60  
    0.081       7.92          274.66        1430.58         3137.79         3918.17  
    0.088       0          244.75        1356.17         2997.17         3835.96  
    0.094       243.29          1303.52        2747.13         3739.23         5440.73  
    0.100       8.98          47.80        1683.65         2618.24         3466.06  
    0.106       0          1455.81        2398.30         3343.00         4750.87  
    0.113       423.88          1490.98        2469.76         3579.53         4798.26  
    0.119       757.11          1603.44        2493.76         3682.30         4978.98  
    0.125       485.23          1605.87        2520.31         3536.46         4878.96  
    0.131       321.76          1663.74        2820.51         3496.12         4865.33  
    0.138       310.70          1737.84        2795.85         3539.23         5037.48  
    0.144       11.05          409.49        1906.82         3509.06         3776.86  
    0.150       363.83          719.52        2656.74         3604.56         5140.66  
    0.156       407.74          831.98        2571.87         3656.09         4583.92  
    0.163       500.62          829.76        2354.93         3651.64         4401.09  
    0.169       556.02          810.55        2327.98         3611.47         4474.86  
    0.175       457.37          890.76        2547.16         3633.37         4496.41  
    0.181       412.44          917.88        2702.41         3661.05         4562.35  
    0.188       398.86          960.71        2764.11         3620.23         4820.30  
    0.194       397.12          984.39        2762.18         3565.46         4631.04  
    0.200       398.89          1048.34        2666.37         3499.03         4350.08  
    0.206       391.32          1115.44        2582.65         3448.66         4138.00  
    0.213       380.99          1142.47        2614.83         3458.93         4003.42  
    0.219       369.05          1217.71        2676.01         3507.32         3892.74  
    0.225       366.49          1377.09        2622.03         3721.29         5442.64  
    0.231       361.00          1415.63        2589.93         3681.91         5500.00  
    0.238       353.49          1428.63        2600.21         3504.27         4707.47  
    0.244       356.00          1433.64        2599.34         3401.98         4402.10  
    0.250       353.95          1461.33        2576.78         3551.63         4067.63  
    0.256       357.26          1477.35        2516.59         3457.09         3980.72  
    0.263       370.13          1504.85        2487.23         3519.12         4049.20  
    0.269       393.99          1544.40        2487.00         3585.92         4026.06  
    0.275       421.32          1576.65        2465.67         3690.40         4004.47  
    0.281       439.69          1631.56        2443.97         3852.90         3871.75  
    0.288       442.65          1727.25        2446.69         3809.05         4223.34  
    0.294       447.19          1718.18        2429.78         3807.55         4252.93  
    0.300       448.15          1761.92        2424.45         3839.29         4363.59  
    0.306       448.42          1817.79        2419.85         3812.37         4178.13  
    0.312       445.99          1797.20        2397.92         3795.42         4101.80  
    0.319       439.29          1767.13        2409.62         3820.54         4016.61  
    0.325       430.17          1796.90        2414.93         3758.80         4275.63  
    0.331       420.64          1756.94        2338.65         3735.81         4375.63  
    0.338       404.48          1490.48        2363.02         3741.12         4297.28  
    0.344       344.79          1428.05        2346.48         3712.90         4340.56  
    