0.025       275.97          728.32        2324.55         3152.44         4686.54  
    0.031       274.99          818.56        2313.48         3155.77         4620.35  
    0.038       273.65          933.59        2313.91         3230.20         4614.07  
    0.044       272.90          992.22        2311.68         3264.81         4556.90  
    0.050       273.68          999.55        2310.89         3257.02         4631.80  
    0.056       275.64          997.45        2324.11         3260.83         4703.95  
    0.062       277.96          978.58        2344.59         3271.31         4639.47  
    0.069       281.32          922.13        2361.72         3280.08         4562.57  
    0.075       285.16          863.38        2324.33         3261.65         4563.87  
    0.081       287.20          929.81        2271.01         3261.13         4633.42  
    0.088       287.64          1135.61        2247.64         3299.74         4666.15  
    0.094       289.64          1116.91        2310.88         3348.90         4664.77  
    0.100       78.35          293.05        846.00         2482.73         3698.04  
    0.106       207.29          1391.99        2500.92         3051.06         4557.03  
    0.113       76.61          723.82        2284.86         3307.21         4382.97  
    0.119       0          311.02        2037.02         3263.92         4135.30  
    0.125       226.66          1089.16        2267.27         3521.83         4762.05  
    0.131       297.78          1592.83        2318.24         3586.14         4983.60  
    0.138       316.50          1855.72        2226.29         3528.08         5017.74  
    0.144       320.44          1900.21        2908.91         4310.42         5373.73  
    0.150       110.30          1864.89        3067.46         4202.31         5500.00  
    0.156       8.98          1784.63        2308.83         3378.95         4854.45  
    0.163       0          1405.13        2008.79         3180.94         4519.14  
    0.169       297.24          1739.15        2807.99         3220.35         4530.86  
    0.175       392.12          1362.44        2636.82         3358.73         4590.24  
    0.181       367.48          941.83        2462.55         3498.21         4734.32  
    0.188       353.43          848.99        2447.29         3432.43         4869.64  
    0.194       348.53          899.36        2444.99         3423.39         4925.73  
    0.200       346.06          991.19        2399.01         3456.62         4843.06  
    0.206       339.14          1007.88        2370.86         3448.17         4818.00  
    0.213       338.32          1029.28        2384.81         3436.17         4829.65  
    0.219       338.22          1030.89        2400.51         3424.84         4791.03  
    0.225       342.06          1047.36        2371.96         3410.54         4738.12  
    0.231       348.77          1015.49        2294.89         3341.21         4806.69  
    0.238       370.14          1004.60        2190.23         3262.33         4913.67  
    0.244       393.17          1035.02        2167.79         3239.34         4978.76  
    0.250       390.29          1182.40        2218.17         3268.01         5363.02  
    0.256       391.41          1317.99        2258.68         3377.13         5500.00  
    0.263       395.01          1368.25        2250.61         3192.21         5500.00  
    0.269       405.02          1412.31        2239.84         3029.67         5500.00  
    0.275       392.46          1448.77        2232.93         3107.93         4974.08  
    0.281       361.86          1643.38        2237.09         3113.21         4502.53  
    0.288       359.27          1659.92        2269.85         3054.23         4528.55  
    0.294       379.64          1585.53        2288.57         3310.89         4880.63  
    0.300       390.17          1518.98        2312.46         3571.57         5072.69  
    0.306       391.83          1497.26        2360.39         3601.00         4954.15  
    0.312       392.25          1501.13        2346.37         3371.43         4883.22  
    0.319       391.34          1548.62        2284.63         3231.91         4934.21  
    0.325       381.06          1582.81        2282.34         3058.54         5036.54  
    0.331       367.84          1605.71        2303.22         2949.42         5121.34  
    0.338       356.64          1687.62        2317.69         2925.54         5131.15  
    0.344       352.43          1730.29        2327.52         2886.29         5123.74  
    0.350       351.12          1701.28        2334.30         2948.16         5095.28  
    0.356       354.36          1679.38        2336.74         3042.21         5114.34  
    0.363       357.27          1664.55        2337.27         3085.44         5124.41  
    