0.025       326.23          846.24        2800.44         3806.33         4420.85  
    0.031       328.92          834.48        2840.40         3824.24         4442.53  
    0.038       328.87          822.04        2810.20         3843.71         4453.58  
    0.044       322.96          810.25        2755.25         3826.38         4454.78  
    0.050       323.53          800.30        2751.26         3829.42         4458.83  
    0.056       326.73          820.61        2776.12         3975.48         4430.29  
    0.062       317.92          828.80        2753.14         3972.75         4414.94  
    0.069       275.99          790.29        2755.30         3920.25         4435.20  
    0.075       220.12          797.19        2713.69         3825.20         4561.49  
    0.081       231.90          771.32        2660.25         3811.30         4628.37  
    0.088       89.98          607.17        2571.41         3173.38         4442.49  
    0.094       0          482.10        2386.71         2955.71         4323.39  
    0.100       0          376.60        2565.17         2901.91         4258.09  
    0.106       202.28          951.49        2721.65         3550.79         4761.46  
    0.113       319.18          1586.61        2741.69         3945.67         5081.02  
    0.119       115.61          872.51        2539.08         3798.72         5074.19  
    0.125       246.54          1276.67        2700.46         3823.98         5025.03  
    0.131       363.64          1741.54        2889.24         3903.37         5027.65  
    0.138       357.69          1702.74        2889.05         3864.12         5004.21  
    0.144       423.38          1633.18        2918.74         3840.45         4978.19  
    0.150       165.16          917.83        2061.54         3307.64         4585.08  
    0.156       0          507.58        1386.25         2928.56         4214.50  
    0.163       264.28          744.70        2236.63         3624.61         4125.56  
    0.169       397.40          895.70        2758.54         3820.94         4270.57  
    0.175       401.27          930.54        2751.41         3723.55         4321.21  
    0.181       419.41          989.99        2729.55         3728.19         4283.01  
    0.188       432.64          1035.58        2707.47         3710.20         4275.01  
    0.194       442.68          1063.85        2683.13         3661.63         4240.04  
    0.200       453.91          1074.69        2656.81         3585.48         4243.06  
    0.206       464.73          1103.97        2643.51         3520.91         4230.17  
    0.213       472.23          1159.66        2628.69         3460.19         4204.06  
    0.219       476.27          1229.29        2596.99         3376.36         4178.87  
    0.225       474.91          1288.53        2543.89         3272.12         4121.00  
    0.231       462.55          1363.09        2467.78         3200.11         4116.91  
    0.238       428.03          1447.25        2556.73         3175.22         4166.44  
    0.244       343.33          1478.50        2256.22         3458.91         4401.83  
    0.250       288.68          1523.93        2059.77         3543.19         4641.47  
    0.256       284.18          1576.01        2596.55         3312.69         5214.75  
    0.263       103.30          828.91        2182.01         2990.52         4083.81  
    0.269       273.24          1238.00        2512.74         3142.63         4702.30  
    0.275       424.38          1681.52        2900.69         3467.97         4988.01  
    0.281       443.74          1681.11        2789.35         3884.64         5211.61  
    0.288       456.95          1692.32        2737.60         4048.68         5025.28  
    0.294       462.08          1746.63        2749.32         4010.42         4929.40  
    0.300       463.36          1795.71        2754.92         4006.61         4557.53  
    0.306       461.01          1841.18        2787.61         4007.17         4338.97  
    0.312       465.13          1871.34        2791.09         3978.99         4307.57  
    0.319       469.35          1868.18        2772.92         3907.89         4230.79  
    0.325       466.39          1888.32        2744.89         3911.33         4194.45  
    0.331       451.36          1876.76        2716.36         3970.14         4199.85  
    0.338       456.11          1649.68        2668.41         3964.06         4220.57  
    0.344       166.79          865.92        2633.36         3156.18         4054.76  
    