0.025       366.24          1078.23        2369.47         3582.05         4797.32  
    0.031       364.27          1055.56        2402.49         3579.39         4821.98  
    0.038       357.26          1069.33        2389.36         3590.58         4855.32  
    0.044       341.84          936.38        2493.75         3600.90         4757.12  
    0.050       327.66          846.00        2571.17         3575.21         4624.47  
    0.056       308.34          799.77        2669.22         3548.69         4642.06  
    0.062       273.49          722.40        2669.27         3531.33         4696.65  
    0.069       234.99          792.55        2792.92         3757.16         5241.46  
    0.075       72.88          449.76        2240.61         3254.52         4493.24  
    0.081       0          284.14        2164.73         2967.05         4111.13  
    0.088       0          608.79        2060.21         3283.27         4307.45  
    0.094       0          678.09        1875.22         3547.59         4322.24  
    0.100       0          486.41        1603.28         3202.08         4332.72  
    0.106       222.93          1135.76        2435.12         3623.65         5124.00  
    0.113       319.46          1535.81        2940.13         3949.76         5500.00  
    0.119       102.64          720.87        2100.03         3375.51         4633.28  
    0.125       0          717.49        1979.16         2942.15         4177.26  
    0.131       0          889.38        2213.08         2662.51         4070.57  
    0.138       0          898.92        2272.24         2814.21         4013.01  
    0.144       0          1030.57        2352.33         3200.79         3993.30  
    0.150       0          1059.08        2367.91         2956.35         4146.24  
    0.156       258.70          955.20        2417.11         3324.67         4526.49  
    0.163       382.96          912.40        2458.13         3512.43         4620.45  
    0.169       405.77          935.82        2451.44         3480.68         4587.59  
    0.175       437.18          958.19        2448.81         3537.99         4476.92  
    0.181       449.19          974.00        2444.79         3539.18         4427.40  
    0.188       448.68          1003.77        2464.76         3575.16         4629.78  
    0.194       449.38          1012.56        2453.39         3560.99         4786.55  
    0.200       445.34          1030.23        2386.44         3651.34         4734.68  
    0.206       453.51          1066.48        2334.82         3747.38         4599.74  
    0.213       465.99          1076.17        2300.18         3787.61         4473.93  
    0.219       471.32          1102.58        2282.74         3812.88         5151.65  
    0.225       467.71          1166.35        2278.45         3792.43         5043.09  
    0.231       456.77          1239.94        2369.00         3556.55         4178.38  
    0.238       448.26          1275.47        2226.96         3323.72         3861.92  
    0.244       428.34          1289.46        2184.69         3654.52         4031.94  
    0.250       137.32          707.02        1612.41         2936.55         3947.50  
    0.256       0          385.49        1332.01         2418.99         3890.00  
    0.263       0          310.06        1401.02         2521.00         3965.35  
    0.269       143.71          1030.50        2181.96         3345.96         4772.15  
    0.275       130.14          1429.39        2678.03         3432.58         4971.14  
    0.281       273.27          1613.17        2823.06         3383.88         4873.56  
    0.288       391.78          1626.78        2885.96         3501.60         4827.94  
    0.294       417.05          1605.81        2695.29         3593.35         4164.03  
    0.300       431.11          1623.51        2443.56         3658.01         3903.58  
    0.306       442.23          1635.35        2334.33         3627.08         3988.49  
    