0.025       262.35          678.42        2380.73         3940.61         5135.73  
    0.031       253.29          684.42        2432.38         4073.16         5397.24  
    0.038       246.11          684.85        2482.06         4287.27         5500.00  
    0.044       245.58          679.26        2671.96         4456.89         5500.00  
    0.050       248.33          671.00        2797.05         4431.18         5500.00  
    0.056       251.84          667.45        2722.22         4428.21         5500.00  
    0.062       254.44          664.96        2736.21         4469.59         5500.00  
    0.069       255.62          662.28        2918.48         4492.76         5500.00  
    0.075       254.96          655.19        2754.09         4476.56         5198.30  
    0.081       256.00          640.80        2713.23         4469.96         5381.45  
    0.088       262.74          623.99        2750.97         4466.65         5500.00  
    0.094       74.80          387.15        1317.42         3255.49         4790.75  
    0.100       0          293.40        769.07         2682.94         4462.49  
    0.106       0          274.47        755.79         2543.04         4363.72  
    0.113       0          248.36        717.37         2481.82         4344.26  
    0.119       167.54          476.36        1791.31         3820.88         5175.28  
    0.125       227.78          936.02        2117.26         4361.01         5500.00  
    0.131       63.63          467.91        1892.04         3167.21         4704.75  
    0.138       0          227.44        1642.01         2760.68         4361.91  
    0.144       165.37          1102.36        2312.82         3898.41         5175.59  
    0.150       64.98          586.66        1940.44         3026.82         4742.55  
    0.156       0          275.59        1830.40         2725.52         4487.91  
    0.163       0          295.20        1401.76         2413.65         4539.15  
    0.169       191.68          873.63        1964.51         3497.37         5232.77  
    0.175       75.32          544.23        1382.25         2870.24         4377.37  
    0.181       0          386.34        1065.16         2278.77         3801.57  
    0.188       0          374.10        1039.07         2155.05         3564.74  
    0.194       0          297.66        927.37         2262.04         3536.09  
    0.200       0          263.39        610.44         2383.76         3640.11  
    0.206       202.33          555.39        1840.81         3154.29         4984.98  
    0.213       295.87          676.87        2489.38         3361.90         5338.95  
    0.219       358.33          664.84        2599.31         3473.45         5245.47  
    0.225       428.42          641.56        2515.89         3535.56         5215.35  
    0.231       426.46          719.68        2575.51         3552.60         5191.54  
    0.238       405.36          782.21        2728.38         3569.53         5198.36  
    0.244       397.96          789.94        2967.46         3549.40         5215.24  
    0.250       400.65          783.65        2953.68         3569.07         5176.19  
    0.256       417.44          808.79        2822.33         3599.06         5137.31  
    0.263       436.60          872.53        2729.10         3636.73         5126.08  
    0.269       460.98          908.07        2630.15         3667.10         5127.66  
    0.275       473.29          953.95        2580.99         3677.59         5149.33  
    0.281       462.57          1022.95        2545.22         3578.35         5232.08  
    0.288       458.65          1095.56        2506.95         3406.20         5280.38  
    0.294       456.53          1174.75        2481.77         3262.35         5344.68  
    0.300       450.06          1253.19        2482.23         3281.72         5462.49  
    0.306       424.51          1316.41        2496.28         3648.10         5500.00  
    0.312       337.96          1254.22        2487.38         3563.61         5418.68  
    0.319       312.93          1172.50        2502.17         3565.24         5468.05  
    0.325       340.31          1082.00        2515.52         3627.27         5373.24  
    0.331       361.00          1403.67        2453.13         3676.15         5450.19  
    0.338       460.37          1638.88        2452.47         3679.46         5190.12  
    0.344       465.83          1630.99        2426.96         3732.97         4853.66  
    0.350       440.01          1663.78        2334.88         3826.64         5293.88  
    0.356       122.65          804.73        1931.85         2737.51         4251.33  
    0.363       335.02          1443.14        2150.33         3297.88         5009.37  
    0.369       461.57          1843.55        2313.71         3713.33         5500.00  
    0.375       455.55          1879.87        2324.35         3727.43         5500.00  
    