0.025       306.56          1804.59        2730.76         4100.18         5500.00  
    0.031       18.91          418.79        1874.18         2849.75         4186.36  
    0.038       0          357.61        1526.06         2439.23         4061.67  
    0.044       0          389.88        1046.11         2441.22         4299.50  
    0.050       352.60          866.70        2425.60         4298.49         5426.93  
    0.056       391.25          935.02        2559.39         4391.64         5500.00  
    0.062       396.68          989.38        2580.63         4201.08         5500.00  
    0.069       403.01          1125.52        2604.79         3772.03         5500.00  
    0.075       407.71          1310.66        2566.28         3720.77         5500.00  
    0.081       403.27          1088.49        2787.22         3833.12         5500.00  
    0.088       406.75          1061.41        2893.05         3539.42         5500.00  
    0.094       409.48          1124.82        2759.46         3760.40         5500.00  
    0.100       406.09          1201.71        2607.31         3467.63         5500.00  
    0.106       405.33          1508.50        2482.94         3376.85         5170.80  
    0.113       398.25          1279.68        2469.45         3350.07         4866.97  
    0.119       389.05          862.62        2601.32         3367.21         4942.03  
    0.125       392.26          743.73        2897.88         3344.23         4948.88  
    0.131       24.21          443.97        1381.50         2790.33         4311.17  
    0.138       0          349.58        1512.49         2748.66         4091.60  
    0.144       302.58          1369.94        2625.59         3922.91         5412.41  
    0.150       311.58          1355.57        2546.19         3959.95         5500.00  
    0.156       307.42          1116.42        2363.96         3658.40         4997.04  
    0.163       311.71          1372.51        2542.27         3569.36         4914.56  
    0.169       19.24          85.75        1250.87         2738.10         3369.37  
    0.175       0          1185.38        2328.03         3447.58         4812.89  
    0.181       0          1102.70        2166.48         3472.54         4780.57  
    0.188       0          1108.06        2159.98         3433.85         4395.98  
    0.194       0          1101.06        2088.89         3338.30         4391.16  
    0.200       1065.29          1207.86        2364.76         3553.72         4647.46  
    0.206       877.40          1388.42        2409.22         3726.24         4676.11  
    0.213       53.07          876.86        2032.02         2884.49         4237.50  
    0.219       312.69          943.16        2734.39         3563.85         5338.22  
    0.225       316.23          877.20        2588.86         3380.28         5235.24  
    0.231       345.23          840.68        2555.44         3417.74         5244.42  
    0.238       370.63          816.14        2541.32         3451.76         5249.48  
    0.244       383.37          783.45        2634.55         3474.77         5154.35  
    0.250       386.58          745.45        2852.74         3494.65         5063.70  
    0.256       474.18          747.87        2703.22         3468.58         5094.46  
    0.263       494.26          788.73        2652.65         3429.61         5140.47  
    0.269       487.75          872.96        2689.11         3435.91         5181.46  
    0.275       477.43          946.31        2656.94         3476.31         5015.78  
    0.281       477.72          981.22        2589.35         3493.64         4996.42  
    0.288       488.33          1055.65        2632.07         3452.65         4970.80  
    0.294       480.83          1228.48        2559.87         3437.90         4948.17  
    0.300       478.77          1277.53        2451.84         3511.72         4956.00  
    0.306       473.05          1279.18        2366.64         3513.62         4974.76  
    0.312       467.52          1306.96        2358.62         3509.96         4759.91  
    0.319       458.16          1319.76        2483.87         3547.14         4545.61  
    0.325       448.71          1341.44        2554.93         3735.43         4610.04  
    0.331       396.33          1381.76        2568.71         3863.45         4862.37  
    0.338       325.82          1612.72        2459.48         3962.35         4951.05  
    0.344       361.79          1690.54        2363.53         4143.41         4712.14  
    0.350       381.04          2037.56        2715.82         3168.20         4677.25  
    0.356       499.95          2032.88        3073.96         3757.88         5449.18  
    0.363       455.13          1928.91        2873.43         3576.95         5500.00  
    0.369       440.29          1766.76        2355.46         3637.33         4976.56  
    0.375       444.21          1814.02        2338.18         3641.28         4852.26  
    0.381       445.13          1877.11        2348.99         3680.73         4780.13  
    0.388       440.98          1908.97        2313.22         3614.77         4685.90  
    0.394       439.67          1966.69        2292.77         3647.06         4678.54  
    0.400       434.94          2064.76        2272.50         3698.90         4737.90  
    0.406       430.46          2028.69        2330.36         3757.83         4833.35  
    0.413       427.25          2054.97        2367.55         3817.09         4824.31  
    0.419       425.71          1945.98        2377.38         3742.85         4968.14  
    0.425       443.90          1890.50        2400.27         3649.03         4877.57  
    0.431       450.13          1930.05        2368.61         3640.60         4715.15  
    0.438       434.19          2171.73        2473.21         3890.49         4818.67  
    0.444       437.94          2279.07        2380.85         4302.51         5458.44  
    0.450       27.03          549.42        2290.44         2959.56         4354.22  
    