0.025       318.55          645.05        2355.86         3550.74         4388.73  
    0.031       317.03          673.42        2479.39         3519.48         4290.29  
    0.038       315.33          746.44        2633.55         3478.35         4184.62  
    0.044       321.63          782.09        2517.52         3448.62         4210.74  
    0.050       323.08          776.48        2374.17         3427.38         4284.78  
    0.056       318.85          764.75        2407.67         3409.91         4279.37  
    0.062       314.84          789.72        2424.31         3382.36         4236.28  
    0.069       303.28          799.44        2422.71         3402.88         4237.12  
    0.075       263.29          781.59        2417.98         3473.84         4231.65  
    0.081       218.96          866.65        2718.31         3499.76         4180.44  
    0.088       203.60          984.28        2954.92         3777.59         4879.81  
    0.094       92.91          592.32        1902.17         3476.91         4763.99  
    0.100       131.47          657.92        2029.21         3666.82         4876.22  
    0.106       111.42          468.90        1318.76         2381.07         4038.37  
    0.113       0          410.31        1078.60         2001.19         3568.66  
    0.119       0          748.02        1954.51         3053.90         4191.52  
    0.125       0          761.05        1931.58         3180.58         4167.21  
    0.131       0          911.10        1803.04         2864.99         4448.65  
    0.138       0          1033.82        1675.29         2550.00         4689.40  
    0.144       273.41          1264.95        2050.36         3167.39         4769.58  
    0.150       388.03          1564.70        2403.38         3728.78         4800.55  
    0.156       287.50          1364.86        2277.24         3660.34         4686.74  
    0.163       317.01          1049.06        2307.22         3532.21         4608.05  
    0.169       368.47          968.07        2420.87         3476.41         4599.18  
    0.175       407.83          1104.30        2353.85         3493.96         4572.58  
    0.181       193.98          798.49        2010.44         3187.19         4187.81  
    0.188       226.59          973.29        2160.99         3411.84         4254.06  
    0.194       411.42          1338.20        2492.26         3877.25         4691.43  
    0.200       400.09          1276.79        2531.60         3902.34         4990.85  
    0.206       384.80          1337.34        2648.77         3814.52         5343.38  
    0.213       377.40          1385.06        2667.86         3610.74         5414.81  
    0.219       380.59          1428.11        2585.10         3628.53         5427.80  
    0.225       380.68          1462.49        2518.30         3717.30         4970.15  
    0.231       378.04          1480.86        2461.46         3445.64         4125.49  
    0.238       377.86          1512.49        2408.62         3264.10         3804.64  
    0.244       382.64          1535.29        2373.57         3330.93         3824.88  
    0.250       390.37          1545.80        2352.11         3374.04         3837.68  
    0.256       396.75          1573.61        2373.89         3431.33         3890.30  
    0.263       405.18          1605.34        2494.65         3596.24         3837.99  
    0.269       422.70          1618.00        2538.52         3735.11         3840.14  
    0.275       441.19          1590.32        2466.32         3627.56         3991.57  
    0.281       448.14          1589.30        2449.29         3519.60         4076.04  
    0.288       449.64          1654.54        2492.09         3710.55         4014.35  
    0.294       454.60          1705.47        2480.24         3784.26         4035.40  
    0.300       455.38          1702.42        2423.15         3655.15         4166.39  
    0.306       440.30          1646.83        2391.39         3653.03         4140.16  
    0.312       417.91          1610.12        2333.69         3717.61         4047.84  
    0.319       391.86          1785.58        2308.12         3726.84         4823.44  
    0.325       347.61          1822.52        2336.06         3670.53         5235.96  
    0.331       304.56          1687.84        2358.75         3605.51         4841.33  
    