0.025       0          562.38        1076.09         2865.17         4195.62  
    0.031       0          584.03        1285.02         2831.10         4131.70  
    0.038       0          580.25        1466.03         2695.60         4253.54  
    0.044       276.27          1093.42        1954.60         3026.56         4592.80  
    0.050       466.99          1462.31        2388.97         3509.45         4854.64  
    0.056       446.23          1441.92        2455.32         3641.31         4945.60  
    0.062       443.65          1420.94        2492.70         3807.90         5110.10  
    0.069       443.25          1357.00        2558.02         3896.96         5241.70  
    0.075       449.80          952.41        2641.23         3573.97         5163.76  
    0.081       198.56          289.64        1428.19         2927.50         3967.18  
    0.088       253.49          413.28        1821.06         3054.58         4272.62  
    0.094       449.12          789.38        2837.82         3689.71         5133.18  
    0.100       449.09          843.64        2767.96         3836.46         5118.83  
    0.106       449.52          950.78        2699.27         3728.75         5342.84  
    0.113       439.76          1114.69        2581.83         3639.19         5405.01  
    0.119       432.47          1422.74        2642.92         3936.14         5426.42  
    0.125       188.88          949.33        2050.30         3453.23         4834.76  
    0.131       251.30          820.51        2181.57         3680.18         4984.67  
    0.138       464.45          968.11        2753.11         4476.26         5500.00  
    0.144       486.71          1508.22        2705.45         4325.97         5195.88  
    0.150       496.70          2005.04        2677.73         4161.74         4954.49  
    0.156       508.56          1929.46        2727.41         4124.31         4956.40  
    0.163       496.28          1840.32        2751.90         4035.69         4936.21  
    0.169       457.44          1736.67        2717.78         4007.34         4914.06  
    0.175       397.63          1481.97        2655.29         4053.78         5114.20  
    0.181       371.80          976.07        2616.48         3964.47         5272.36  
    0.188       363.36          722.76        2550.08         3708.03         5088.47  
    0.194       349.67          797.49        2512.10         3625.54         4925.28  
    0.200       347.56          944.72        2493.61         3615.21         4878.66  
    0.206       352.28          1043.66        2476.19         3542.69         4797.14  
    0.213       155.21          937.09        1780.07         3197.98         4336.62  
    0.219       0          860.16        1564.17         2917.72         4017.35  
    0.225       0          838.17        2054.49         2695.98         4058.15  
    0.231       0          714.22        2168.51         2567.22         4126.42  
    0.238       0          577.03        2010.26         2457.71         4014.71  
    0.244       254.63          981.57        2115.05         2674.78         4803.80  
    0.250       427.23          1381.35        2280.29         2943.42         5168.72  
    0.256       367.77          1510.83        2319.47         3097.35         4799.73  
    0.263       335.71          1604.12        2266.25         3239.36         4784.79  
    0.269       332.62          1654.74        2205.94         3350.04         4832.47  
    0.275       343.29          1750.85        2237.66         3078.10         4858.90  
    0.281       368.91          1735.20        2243.47         2949.09         4870.61  
    0.288       391.07          1613.16        2209.87         3228.57         4784.93  
    0.294       398.58          1551.33        2194.01         3363.60         4756.71  
    0.300       402.11          1562.67        2195.63         3383.55         4725.10  
    0.306       409.74          1607.52        2222.29         3408.67         4653.01  
    0.312       417.77          1688.44        2271.72         3386.36         4725.04  
    0.319       426.90          1733.86        2290.42         3403.00         4724.24  
    0.325       429.22          1734.14        2285.15         3429.62         4591.87  
    0.331       425.19          1765.69        2334.90         3388.88         4408.68  
    0.338       421.68          1802.12        2348.32         3412.59         4385.25  
    0.344       421.46          1746.07        2317.34         3474.33         4765.17  
    0.350       425.47          1689.22        2307.09         3462.68         5288.42  
    0.356       424.99          1701.15        2341.81         3408.00         5500.00  
    0.363       423.02          1750.87        2381.40         3351.62         5230.70  
    0.369       421.71          1782.51        2323.20         3323.34         4828.17  
    0.375       416.39          1926.47        2171.22         3274.70         4672.65  
    0.381       180.36          1125.12        1959.88         3118.80         4041.93  
    0.388       0          422.58        1867.74         3016.83         3915.01  
    0.394       0          430.51        1872.08         3014.13         4168.95  
    