0.025       268.06          818.62        2540.02         3647.86         4135.99  
    0.031       281.14          847.09        2575.67         3650.99         4089.55  
    0.038       278.66          896.62        2516.18         3671.04         3961.82  
    0.044       262.94          1024.84        2249.88         3580.48         4014.67  
    0.050       247.44          1204.09        2012.24         3484.21         4094.48  
    0.056       219.72          1260.72        2265.14         3565.45         4075.80  
    0.062       198.70          1311.02        2708.40         3802.49         4050.75  
    0.069       197.36          1361.92        2969.34         3690.43         4039.40  
    0.075       22.84          337.97        1571.87         3126.31         3967.96  
    0.081       0          212.16        1368.04         3083.71         3870.09  
    0.088       0          219.86        1350.86         2970.21         3792.19  
    0.094       198.62          1233.19        2510.89         3636.71         5301.50  
    0.100       25.97          157.93        1664.36         2572.75         3578.43  
    0.106       0          1335.18        2335.14         3314.31         4615.44  
    0.113       668.12          1571.41        2482.59         3625.76         4801.84  
    0.119       630.28          1587.14        2490.58         3661.97         5419.53  
    0.125       366.36          1629.98        2705.74         3491.47         4937.93  
    0.131       293.99          1682.80        2606.80         3522.63         4854.01  
    0.138       33.39          195.33        559.12         2000.28         3708.55  
    0.144       271.29          657.99        2315.90         3347.73         5275.52  
    0.150       362.91          784.04        2680.98         3643.34         5500.00  
    0.156       393.62          809.67        2484.43         3639.93         4574.55  
    0.163       417.77          817.38        2358.50         3625.22         4478.36  
    0.169       421.74          816.38        2427.84         3592.79         4551.02  
    0.175       404.61          838.54        2600.19         3668.86         4474.64  
    0.181       400.45          906.92        2793.03         3672.74         5380.13  
    0.188       394.18          946.49        2815.57         3630.54         5500.00  
    0.194       391.15          960.53        2824.41         3560.83         4725.41  
    0.200       388.48          1025.30        2674.32         3497.46         4152.36  
    0.206       378.23          1089.59        2606.11         3484.08         3916.63  
    0.213       368.14          1118.06        2716.75         3453.03         3729.61  
    0.219       358.33          1273.45        2702.11         3543.29         3783.88  
    0.225       41.31          461.74        1543.71         2708.06         3770.71  
    0.231       300.33          1280.70        2450.11         3600.15         5299.66  
    0.238       346.11          1405.55        2585.03         3457.15         4551.06  
    0.244       348.35          1428.29        2561.87         3675.72         4046.26  
    0.250       348.51          1460.20        2520.18         3529.60         3824.39  
    0.256       351.99          1494.49        2479.76         3666.48         3817.58  
    0.263       361.41          1506.56        2464.09         3754.16         3827.37  
    0.269       379.49          1520.88        2464.11         3793.42         3844.66  
    0.275       407.89          1527.55        2461.08         3817.40         3839.17  
    0.281       427.92          1579.63        2451.77         3806.71         3861.00  
    0.288       436.66          1650.97        2443.36         3784.82         4148.77  
    0.294       444.25          1624.00        2431.20         3788.15         4136.19  
    0.300       448.51          1701.61        2415.56         3810.96         5341.53  
    0.306       449.84          1717.63        2401.82         3791.21         4135.97  
    0.312       447.61          1683.78        2408.76         3787.85         3973.54  
    