0.025       388.74          1265.69        2471.56         3706.13         4626.16  
    0.031       389.13          1238.37        2475.51         3706.22         4652.00  
    0.038       397.93          1149.04        2449.37         3703.87         4724.98  
    0.044       421.77          979.42        2456.00         3700.08         4753.80  
    0.050       434.26          881.53        2499.14         3659.70         4580.99  
    0.056       433.94          829.95        2531.38         3577.73         4545.18  
    0.062       420.86          819.99        2503.64         3545.84         4627.93  
    0.069       377.19          871.99        2475.56         3584.60         4650.98  
    0.075       282.37          885.13        2459.96         3654.43         4827.41  
    0.081       237.51          906.18        2438.50         3656.23         4907.85  
    0.088       256.71          876.45        2450.89         3680.21         4853.22  
    0.094       115.57          362.24        1361.44         2917.20         4246.92  
    0.100       112.19          605.99        1642.66         3104.54         4421.20  
    0.106       290.88          1149.29        2482.94         3754.34         4953.45  
    0.113       404.50          1126.61        2452.23         3777.02         4943.46  
    0.119       189.39          460.44        1416.65         2974.47         4251.21  
    0.125       246.13          521.04        1534.79         3024.36         4299.11  
    0.131       380.78          1320.03        2640.06         3301.95         4710.15  
    0.138       345.15          1581.48        2845.78         3677.48         4576.20  
    0.144       363.41          1534.40        2795.23         4127.08         4512.74  
    0.150       353.65          1549.09        2959.13         3731.45         4652.69  
    0.156       343.12          1587.81        3100.59         4086.63         4785.57  
    0.163       337.04          1554.90        3020.07         4179.67         4804.49  
    0.169       348.32          1492.89        2824.75         3894.92         4871.27  
    0.175       372.77          1479.19        2786.14         4025.59         5253.78  
    0.181       365.32          1500.52        2879.59         4114.09         5500.00  
    0.188       315.20          1501.08        2948.46         4083.25         5500.00  
    0.194       274.68          1509.85        2874.83         4046.94         5500.00  
    0.200       284.26          1702.29        2858.17         4074.54         5413.58  
    0.206       234.04          1989.25        2952.08         4060.53         5178.63  
    0.213       403.89          2056.78        2949.45         4060.76         5071.77  
    0.219       502.94          2036.11        2708.24         4006.59         5046.20  
    0.225       405.60          1784.51        2528.83         3762.95         4965.08  
    0.231       308.92          1545.42        2493.90         3488.74         4836.58  
    0.238       351.48          1483.89        2443.95         3325.07         4760.09  
    0.244       405.69          1440.60        2393.44         3422.64         4832.26  
    0.250       380.71          1428.58        2386.64         3652.60         4891.62  
    0.256       384.96          1477.88        2396.70         3820.50         4976.76  
    0.263       410.54          1536.34        2417.80         3750.52         4658.29  
    0.269       432.77          1570.53        2462.04         3644.18         5008.20  
    0.275       442.87          1610.62        2501.13         3564.88         5124.02  
    0.281       447.63          1649.71        2594.10         3728.59         4781.31  
    0.288       453.53          1680.31        2681.83         3785.88         4709.50  
    0.294       460.23          1758.61        2560.67         3758.55         4638.23  
    0.300       473.41          1774.96        2397.38         3552.00         4381.79  
    0.306       481.12          1721.04        2358.55         3516.20         4180.91  
    0.312       483.38          1676.17        2346.05         3742.78         4315.29  
    0.319       483.69          1674.94        2330.47         3593.62         4351.68  
    0.325       486.02          1685.74        2318.30         3370.25         4290.68  
    0.331       495.29          1685.49        2335.02         3423.47         4277.36  
    0.338       514.96          1690.49        2336.96         3457.13         4324.64  
    0.344       509.60          1687.26        2316.08         3379.67         4320.21  
    0.350       500.65          1712.41        2282.94         3345.07         4279.50  
    0.356       492.85          1749.59        2270.39         3360.77         4292.48  
    0.363       475.04          1793.03        2263.11         3317.29         4293.82  
    0.369       456.50          1808.95        2284.46         3284.51         4267.60  
    0.375       433.54          1819.84        2324.47         3221.62         4271.93  
    0.381       366.32          1857.67        2329.87         3220.76         4394.50  
    