0.025       441.21          759.90        2350.41         3164.48         5432.45  
    0.031       444.93          707.99        2351.16         3151.91         5357.21  
    0.038       433.44          684.12        2345.46         3136.58         5292.46  
    0.044       437.70          690.45        2370.91         3167.96         5344.43  
    0.050       425.67          743.66        2412.63         3227.02         5455.42  
    0.056       414.26          729.65        2411.49         3219.56         5500.00  
    0.062       418.91          681.48        2410.60         3295.74         5500.00  
    0.069       352.26          525.16        2423.04         3465.39         5500.00  
    0.075       381.76          630.66        2385.17         3509.48         5500.00  
    0.081       434.10          844.59        2398.46         3353.89         5500.00  
    0.088       437.78          956.13        2468.37         3275.43         5500.00  
    0.094       167.56          660.96        2360.05         2838.94         4157.76  
    0.100       0          454.11        2231.22         2855.84         3752.24  
    0.106       264.03          1593.04        2671.63         3975.57         4932.24  
    0.113       424.19          2262.95        2888.21         4200.63         5264.22  
    0.119       437.34          2162.46        2739.81         3768.40         5060.47  
    0.125       455.24          2151.16        2699.11         3595.41         5055.01  
    0.131       176.42          1144.46        2555.64         3245.78         5061.93  
    0.138       0          554.22        2481.49         3106.86         5025.95  
    0.144       341.79          635.88        2489.24         3272.99         5054.76  
    0.150       485.27          797.75        2426.66         3270.01         5059.16  
    0.156       445.08          904.62        2376.96         3231.56         5084.55  
    0.163       454.85          952.34        2368.12         3263.02         5350.47  
    0.169       470.70          1010.70        2378.56         3243.10         5500.00  
    0.175       488.37          1084.46        2376.49         3203.82         5500.00  
    0.181       497.75          1239.78        2356.70         3102.61         5500.00  
    0.188       485.06          1374.33        2333.97         2991.73         5500.00  
    0.194       462.81          1483.83        2303.34         3150.14         5500.00  
    0.200       432.99          1420.34        2297.15         3280.33         5221.16  
    0.206       407.75          1176.50        2318.21         3325.87         4896.34  
    0.213       387.26          889.99        2326.26         3270.81         4845.97  
    0.219       419.77          1033.28        2286.47         3201.75         5027.08  
    0.225       170.55          726.39        2213.10         3289.18         4264.17  
    0.231       0          469.15        2260.00         3234.04         4209.05  
    0.238       304.26          1413.53        2384.28         3187.74         5119.17  
    0.244       484.65          1900.48        2394.21         3354.12         5500.00  
    0.250       481.90          1756.71        2342.76         3472.13         5225.97  
    0.256       483.91          1698.06        2331.25         3497.67         5329.74  
    0.263       491.82          1682.56        2328.44         3501.90         5500.00  
    0.269       502.84          1685.37        2338.86         3459.55         5253.21  
    0.275       502.61          1807.46        2445.68         3373.62         5346.67  
    0.281       498.97          1673.82        2342.19         3427.72         5161.90  
    0.288       484.77          1540.42        2344.38         3534.19         4982.23  
    