0.025       0          380.64        849.60         2451.89         4380.16  
    0.031       0          371.23        850.01         2532.64         4412.11  
    0.038       313.59          782.93        2233.66         4029.91         5292.76  
    0.044       390.44          940.43        2588.51         4191.80         5500.00  
    0.050       396.64          1120.58        2585.49         3798.71         5500.00  
    0.056       400.36          1228.67        2591.94         3747.54         5500.00  
    0.062       400.65          1029.45        2799.78         3799.25         5500.00  
    0.069       403.14          955.59        2890.12         3560.20         5500.00  
    0.075       404.02          984.39        2757.12         3700.04         5500.00  
    0.081       402.03          1041.47        2580.79         3476.69         5500.00  
    0.088       400.70          1069.42        2319.75         3360.02         5095.61  
    0.094       395.69          871.23        2384.10         3345.98         4885.60  
    0.100       386.74          677.24        2574.02         3359.33         4917.50  
    0.106       393.89          584.07        2981.07         3234.71         4951.61  
    0.113       75.97          446.79        1865.55         2828.40         4371.05  
    0.119       0          331.86        1533.69         2772.85         4098.48  
    0.125       237.39          1222.86        2507.94         3811.95         5225.05  
    0.131       278.22          1243.75        2476.20         3882.07         5089.74  
    0.138       52.67          229.70        701.75         2586.11         3870.76  
    0.144       221.48          1001.99        2072.02         3284.41         4663.61  
    0.150       185.31          1420.56        2947.49         3475.50         4924.89  
    0.156       31.51          280.75        1634.37         2598.45         3802.32  
    0.163       0          884.44        1990.54         3261.32         4497.24  
    0.169       0          1119.28        2161.30         3420.76         4400.96  
    0.175       0          1144.36        2138.91         3364.29         4445.75  
    0.181       0          220.40        1362.50         2500.53         3727.30  
    0.188       0          0        1035.51         2322.56         3706.00  
    0.194       276.44          883.84        2363.92         3790.47         5162.95  
    0.200       289.74          887.71        2690.05         3565.52         5248.85  
    0.206       272.41          823.91        2558.38         3382.78         5224.31  
    0.213       300.54          804.03        2528.82         3410.62         5253.97  
    0.219       324.49          809.29        2533.28         3416.20         5247.68  
    0.225       357.30          816.58        2678.60         3438.78         5146.03  
    0.231       398.98          822.17        2860.29         3453.28         5068.76  
    0.238       413.74          820.63        2749.71         3425.77         5096.06  
    0.244       427.54          819.02        2688.58         3395.57         5145.42  
    0.250       441.58          862.88        2695.44         3386.78         5145.78  
    0.256       451.14          918.50        2629.87         3397.28         5024.74  
    0.263       458.39          956.54        2560.37         3388.80         4984.89  
    0.269       464.10          1015.19        2530.45         3360.73         4958.76  
    0.275       464.29          1125.41        2456.69         3358.48         4938.25  
    0.281       463.71          1178.37        2376.89         3388.25         4950.93  
    0.288       460.22          1222.62        2323.08         3393.62         4942.53  
    0.294       454.90          1249.51        2316.80         3388.78         4731.26  
    0.300       445.88          1260.44        2378.46         3414.19         4522.13  
    0.306       440.71          1285.62        2443.23         3596.33         4581.36  
    0.312       381.73          1317.37        2454.91         3779.04         4737.25  
    0.319       339.05          1495.57        2328.80         3902.21         4814.29  
    0.325       352.37          1552.87        2359.93         3969.22         4716.28  
    0.331       368.45          1666.14        2458.22         3438.41         4716.46  
    0.338       388.66          1724.69        2555.10         3344.87         4729.73  
    0.344       417.27          1707.01        2374.79         3464.18         4924.57  
    0.350       431.69          1715.08        2307.71         3495.54         4900.12  
    0.356       438.49          1739.31        2320.91         3515.94         4809.32  
    0.363       437.81          1749.29        2320.75         3524.96         4728.91  
    0.369       432.74          1745.55        2309.12         3500.23         4676.07  
    0.375       429.44          1752.39        2309.67         3503.15         4683.82  
    0.381       424.92          1776.26        2313.13         3514.94         4691.52  
    0.388       422.42          1789.60        2314.51         3555.09         4764.62  
    0.394       421.72          1814.76        2326.09         3587.51         4821.16  
    0.400       423.55          1799.26        2358.42         3567.69         4940.89  
    0.406       436.96          1778.56        2374.46         3529.87         4839.22  
    0.413       440.77          1790.84        2360.28         3555.43         4735.62  
    