0.025       322.02          712.86        2597.78         3777.71         4589.74  
    0.031       324.23          688.59        2583.20         3719.82         4466.29  
    0.038       327.34          660.67        2554.48         3709.64         4326.09  
    0.044       338.96          643.35        2547.50         3760.41         4375.86  
    0.050       126.61          475.66        2402.37         2964.79         4021.15  
    0.056       0          398.77        2365.66         2667.63         3789.21  
    0.062       0          408.97        2436.35         3008.68         3805.15  
    0.069       0          366.10        2476.45         3045.50         3818.85  
    0.075       0          355.94        2496.74         2739.67         3859.76  
    0.081       0          354.56        2543.77         2614.96         3902.12  
    0.088       0          355.32        2423.27         2684.20         3986.07  
    0.094       0          397.78        2291.24         2761.81         4044.73  
    0.100       0          432.40        2192.01         2769.34         4046.64  
    0.106       268.99          1368.83        2483.83         3588.83         4965.09  
    0.113       436.15          2126.04        2869.31         4380.79         5153.26  
    0.119       473.52          2304.43        2998.70         4531.02         5299.06  
    0.125       180.29          1597.18        2747.22         3526.73         4815.12  
    0.131       0          1010.58        2496.75         2989.81         4503.08  
    0.138       0          837.46        2537.78         3330.73         4503.89  
    0.144       295.97          976.27        2637.09         3662.20         4844.49  
    0.150       457.51          975.76        2641.54         3660.53         4783.85  
    0.156       458.04          985.92        2600.62         3567.17         4527.40  
    0.163       481.10          1073.16        2567.85         3554.11         4473.85  
    0.169       488.77          1151.98        2569.50         3498.75         4469.27  
    0.175       478.43          1283.51        2564.52         3561.30         4359.86  
    0.181       509.63          1244.64        2442.13         3594.96         4325.26  
    0.188       530.04          1188.45        2347.11         3689.07         4411.39  
    0.194       510.52          1335.42        2312.05         3808.52         5025.56  
    0.200       506.04          1436.50        2351.60         3892.71         5447.81  
    0.206       499.12          1458.60        2498.22         3911.37         5500.00  
    0.213       180.83          839.67        1921.94         3085.15         4538.17  
    0.219       284.98          1055.09        2207.14         3456.26         4942.61  
    0.225       437.52          1400.32        2535.17         3804.91         5204.61  
    0.231       157.84          1142.37        1899.65         2785.21         4382.19  
    0.238       0          644.17        1521.90         2269.49         3972.00  
    0.244       273.83          1092.73        2017.38         3366.81         4932.41  
    0.250       446.37          1557.12        2328.37         3969.77         5114.70  
    0.256       456.68          1678.08        2454.06         3907.94         4821.12  
    0.263       466.34          1753.67        2574.41         3885.65         4812.37  
    0.269       464.49          1816.22        2539.30         3991.71         4999.32  
    0.275       447.02          1871.06        2470.50         4038.07         4866.77  
    0.281       426.83          1919.60        2472.62         3980.00         4746.79  
    0.288       415.44          1972.87        2505.20         3976.30         4879.78  
    0.294       404.25          2030.74        2518.62         3982.39         5299.07  
    0.300       392.54          2063.93        2526.93         3916.32         5500.00  
    0.306       387.91          2070.13        2546.53         3869.25         5500.00  
    0.312       395.65          2051.52        2555.61         3841.64         5309.86  
    0.319       398.99          2047.01        2556.98         3836.15         5286.06  
    0.325       365.29          2071.61        2655.20         3829.40         5439.87  
    0.331       127.03          970.82        2352.74         3184.10         4411.22  
    0.338       0          285.90        2181.25         2914.26         3769.19  
    