0.025       324.63          706.28        2688.61         3538.21         4555.71  
    0.031       325.98          703.40        2729.23         3516.83         4547.08  
    0.038       328.67          703.35        2839.59         3472.99         4543.73  
    0.044       333.45          717.67        2862.65         3443.27         4566.48  
    0.050       342.01          759.35        2759.31         3425.64         4547.36  
    0.056       141.07          531.74        1685.21         3420.77         3914.66  
    0.062       0          363.47        1256.02         3432.42         3530.85  
    0.069       227.27          530.05        2267.01         3452.40         4265.70  
    0.075       364.73          665.41        2843.18         3457.11         4662.62  
    0.081       360.80          671.22        2590.77         3438.19         4495.02  
    0.088       149.55          467.11        1404.88         3181.99         3870.97  
    0.094       0          313.15        1464.47         2906.67         3478.27  
    0.100       0          122.51        1064.83         2655.03         3458.67  
    0.106       0          0        382.17         2269.91         3439.08  
    0.113       154.64          310.53        1816.40         2930.15         4656.77  
    0.119       106.35          457.75        1522.59         3243.68         4458.80  
    0.125       0          367.08        1334.89         3029.96         3816.67  
    0.131       0          329.55        1883.45         3097.36         3897.33  
    0.138       0          337.05        1924.00         3140.30         3967.06  
    0.144       0          393.44        1901.40         3071.90         3965.70  
    0.150       0          446.94        1927.32         3037.92         4029.16  
    0.156       0          398.37        1921.16         2957.29         4055.33  
    0.163       320.12          1224.57        2404.88         3423.99         4901.76  
    0.169       625.90          1804.79        2729.26         3835.11         5500.00  
    0.175       654.73          1756.97        2675.23         3904.20         5500.00  
    0.181       258.37          1678.55        2293.34         3365.86         4692.30  
    0.188       240.44          1730.23        2643.29         3556.65         4944.53  
    0.194       165.36          980.07        2244.45         3695.24         4358.50  
    0.200       0          443.87        1077.99         3350.23         3581.87  
    0.206       283.10          594.80        2135.48         3434.77         4720.75  
    0.213       509.75          654.07        3179.28         3524.12         4455.23  
    0.219       216.67          569.57        1884.76         3476.14         3765.77  
    0.225       0          503.74        1507.16         3471.70         3773.47  
    0.231       0          468.12        1756.43         3452.50         3757.56  
    0.238       0          448.72        1568.64         3404.27         3746.24  
    0.244       0          454.07        1431.60         3447.38         3755.65  
    0.250       285.45          926.31        2654.78         3672.82         3937.76  
    0.256       495.26          1187.27        3342.95         3641.98         4136.48  
    0.263       506.59          1128.08        2999.04         3503.90         4132.92  
    0.269       510.33          1146.03        2732.82         3484.12         4012.19  
    0.275       510.81          1217.19        2599.77         3444.87         3936.58  
    0.281       514.91          1267.06        2480.99         3374.05         3866.21  
    0.288       511.77          1284.68        2364.87         3316.01         3830.43  
    0.294       501.09          1315.85        2256.08         3260.27         3832.21  
    0.300       480.46          1375.75        2132.72         3186.95         3845.96  
    0.306       453.70          1432.16        2093.78         3186.29         3889.05  
    0.312       180.53          864.68        1758.28         2864.20         3692.44  
    0.319       0          475.41        1539.56         2694.77         3562.13  
    0.325       0          493.71        1554.79         2729.72         3516.33  
    0.331       297.20          1140.27        2261.72         3270.02         4674.85  
    0.338       204.39          942.73        2074.66         3119.50         4498.84  
    0.344       290.66          1191.32        2193.43         3388.51         4349.56  
    0.350       485.98          1668.98        2518.23         3823.70         4375.94  
    0.356       476.11          1686.11        2470.09         3829.62         4060.26  
    0.363       453.51          1713.21        2485.73         3818.50         4007.07  
    0.369       432.15          1749.64        2529.94         3786.80         4059.42  
    0.375       419.30          1782.81        2521.15         3787.53         4086.92  
    0.381       411.41          1812.95        2404.20         3824.63         4066.95  
    0.388       411.47          1879.02        2356.99         3870.98         3962.95  
    0.394       407.11          1927.05        2328.75         3875.83         3956.14  
    