0.025       316.82          659.83        2580.00         3694.32         4407.83  
    0.031       315.08          652.84        2558.14         3703.10         4331.34  
    0.038       314.55          651.65        2544.44         3747.26         4297.69  
    0.044       131.60          273.33        1250.53         3025.08         4007.56  
    0.050       0          0        341.36         2435.38         3562.23  
    0.056       0          0        351.61         2439.00         3622.51  
    0.062       0          0        314.59         2474.68         3611.37  
    0.069       0          141.64        1620.83         2656.51         3719.64  
    0.075       0          254.48        2589.33         2686.23         3903.21  
    0.081       0          274.02        2473.20         2663.18         3975.90  
    0.088       0          350.69        2336.57         2738.47         4041.57  
    0.094       0          415.10        2223.95         2769.57         4055.72  
    0.100       240.44          1296.43        2452.03         3536.62         4896.08  
    0.106       414.44          2103.40        2827.83         4351.42         5150.46  
    0.113       442.89          2281.45        2995.00         4525.89         5144.37  
    0.119       193.18          1654.10        2784.09         3652.49         4790.50  
    0.125       0          1043.09        2541.86         3003.29         4493.64  
    0.131       402.91          905.40        2560.01         3502.84         4570.64  
    0.138       544.10          1039.19        2657.58         3865.90         5117.08  
    0.144       448.69          1073.05        2684.29         3760.04         5038.44  
    0.150       460.75          1067.10        2574.00         3644.50         4484.81  
    0.156       487.73          1143.18        2568.27         3746.11         4241.48  
    0.163       499.47          1164.28        2600.30         3853.45         4272.20  
    0.169       504.66          1184.54        2486.26         3879.99         4392.85  
    0.175       571.75          1138.61        2339.45         3892.00         4404.44  
    0.181       592.16          1079.38        2267.63         3890.17         5033.93  
    0.188       240.42          747.76        1663.70         2924.56         4561.71  
    0.194       0          518.23        1228.71         2176.57         3901.88  
    0.200       0          517.78        1232.79         2177.94         3914.38  
    0.206       287.81          965.10        1788.94         3218.53         4838.61  
    0.213       478.30          1307.42        2198.91         3942.22         5500.00  
    0.219       195.00          824.94        1724.12         2922.62         4583.42  
    0.225       0          871.63        1490.91         2153.57         3964.06  
    0.231       0          1021.43        1520.69         2180.33         3964.95  
    0.238       258.41          1221.96        1936.48         3221.42         4850.91  
    0.244       453.39          1497.75        2249.49         3936.43         5036.74  
    0.250       455.81          1596.76        2241.71         3934.18         4590.09  
    0.256       457.28          1675.05        2264.99         3939.08         4560.33  
    0.263       455.77          1733.68        2244.40         3954.36         4532.56  
    0.269       444.08          1797.98        2239.05         3956.81         4394.94  
    0.275       425.18          1857.87        2296.52         3917.13         4363.33  
    0.281       410.70          1898.89        2357.91         3907.23         4400.26  
    0.288       402.33          1942.81        2382.20         3913.81         4496.60  
    