0.025       327.74          834.59        2844.47         3816.23         4440.43  
    0.031       330.55          824.92        2822.49         3840.98         4453.37  
    0.038       324.69          815.75        2771.21         3837.89         4452.73  
    0.044       323.71          803.90        2742.83         3812.47         4455.70  
    0.050       325.71          807.46        2777.27         3946.03         4441.90  
    0.056       322.34          832.19        2764.48         3978.29         4423.41  
    0.062       300.77          799.20        2749.64         3931.52         4419.37  
    0.069       220.11          805.89        2727.46         3836.47         4516.12  
    0.075       219.14          799.10        2666.81         3792.28         4619.71  
    0.081       78.79          262.88        1128.51         3077.36         4253.84  
    0.088       0          354.99        1720.52         2844.99         4230.23  
    0.094       0          412.90        2298.66         3091.43         4325.71  
    0.100       214.71          829.12        2576.66         3720.34         4840.88  
    0.106       316.38          1450.32        2737.57         3947.43         5051.97  
    0.113       340.41          1967.52        2497.00         3847.22         5091.09  
    0.119       379.02          1786.91        2561.75         3785.25         5039.71  
    0.125       372.28          1689.53        2835.06         3890.20         5024.23  
    0.131       353.98          1731.54        2900.38         3879.07         5014.76  
    0.138       390.85          1653.91        2894.37         3842.87         4988.96  
    0.144       480.98          1599.32        2950.56         3975.11         4928.32  
    0.150       171.92          887.29        1913.86         3302.83         4429.46  
    0.156       287.55          811.54        2323.43         3647.90         4754.99  
    0.163       403.20          931.52        2754.32         3800.95         4580.23  
    0.169       395.64          963.47        2747.72         3714.22         4341.50  
    0.175       413.45          1022.55        2738.92         3722.28         4296.30  
    0.181       432.34          1055.40        2712.75         3713.97         4284.61  
    0.188       447.55          1070.60        2689.69         3684.35         4249.75  
    0.194       461.54          1080.31        2661.61         3633.50         4235.55  
    0.200       473.36          1102.26        2646.76         3572.74         4229.41  
    0.206       480.88          1169.05        2639.50         3511.08         4200.97  
    0.213       485.14          1239.91        2608.90         3420.27         4182.30  
    0.219       483.88          1283.99        2567.48         3309.20         4128.63  
    0.225       473.48          1309.83        2493.42         3225.90         4097.37  
    0.231       456.58          1361.57        2515.57         3195.34         4175.65  
    0.238       356.86          1400.45        2229.69         3403.91         4297.34  
    0.244       282.08          1435.60        2030.78         3565.30         4521.48  
    0.250       268.92          1503.38        2138.64         3454.33         5204.43  
    0.256       89.78          706.37        1833.75         3013.62         4021.72  
    0.263       0          378.82        1704.83         2892.36         3290.83  
    0.269       269.71          1232.82        2568.06         3252.91         4764.99  
    0.275       425.28          1660.13        2826.58         3787.69         5500.00  
    0.281       443.45          1656.32        2711.16         3957.31         4809.36  
    0.288       451.43          1701.71        2696.99         3913.65         4513.12  
    0.294       447.97          1748.42        2697.13         3878.49         4422.84  
    0.300       443.70          1778.66        2717.61         3866.68         4292.49  
    0.306       448.23          1828.65        2726.10         3837.67         4333.81  
    0.312       451.55          1838.32        2710.14         3795.69         4323.38  
    