0.025       422.01          807.91        2356.11         3166.90         5452.63  
    0.031       419.70          760.60        2356.24         3146.42         5295.01  
    0.038       407.90          741.77        2345.28         3133.64         5281.20  
    0.044       417.21          752.37        2395.06         3194.00         5379.89  
    0.050       405.63          794.25        2440.60         3254.73         5496.73  
    0.056       412.29          776.59        2434.61         3211.64         5500.00  
    0.062       420.40          813.00        2426.50         3356.14         5500.00  
    0.069       435.19          887.62        2438.18         3504.89         5500.00  
    0.075       426.31          935.50        2371.72         3481.39         5500.00  
    0.081       434.31          933.39        2427.39         3270.69         5095.81  
    0.088       434.77          979.96        2494.26         3276.00         5330.71  
    0.094       12.13          466.72        1020.81         2577.03         3365.79  
    0.100       0          449.01        2241.87         3075.95         4240.51  
    0.106       414.87          2249.54        2928.75         4105.93         5146.77  
    0.113       422.34          2241.69        2847.52         3992.13         5139.15  
    0.119       447.43          2120.92        2682.83         3652.04         5041.40  
    0.125       460.66          2170.82        2711.55         3569.02         5066.67  
    0.131       12.86          556.20        2470.59         3064.75         5043.95  
    0.138       0          590.69        2505.76         3148.07         5022.52  
    0.144       522.23          702.86        2491.25         3352.48         5103.43  
    0.150       443.97          883.83        2394.02         3223.67         5059.21  
    0.156       445.42          928.03        2368.35         3237.27         5060.48  
    0.163       458.05          979.72        2368.17         3276.27         5487.74  
    0.169       472.88          1028.62        2386.70         3224.11         5500.00  
    0.175       490.78          1083.88        2374.02         3193.12         5500.00  
    0.181       501.95          1235.72        2350.56         3048.84         5500.00  
    0.188       479.20          1337.22        2326.88         2962.13         5500.00  
    0.194       458.09          1489.26        2286.06         3254.00         5500.00  
    0.200       419.16          1325.79        2298.23         3279.23         4975.15  
    0.206       392.49          1065.16        2327.70         3336.37         4757.90  
    0.213       368.88          822.95        2330.55         3233.79         4870.80  
    0.219       441.63          1155.94        2270.71         3193.72         5084.18  
    0.225       12.38          456.18        2190.75         3340.79         5488.57  
    0.231       0          489.77        2318.98         3197.65         4419.23  
    0.238       481.66          1921.57        2426.39         3204.67         5468.99  
    0.244       479.46          1831.79        2367.49         3438.62         5500.00  
    0.250       483.38          1702.28        2325.85         3486.40         5014.46  
    0.256       484.08          1694.60        2334.05         3503.41         5486.07  
    