0.025       0          604.50        1345.34         2947.18         4158.95  
    0.031       0          610.95        1377.01         2832.69         4110.70  
    0.038       0          542.00        1417.41         2834.61         4461.76  
    0.044       331.84          1146.05        2117.90         3219.58         4719.47  
    0.050       436.17          1360.80        2369.34         3517.91         4909.74  
    0.056       434.02          1357.62        2413.39         3685.09         4964.44  
    0.062       439.81          1357.67        2493.51         3923.14         5361.42  
    0.069       444.41          1336.56        2621.30         3954.16         5500.00  
    0.075       443.87          1108.62        2771.67         3319.87         5203.98  
    0.081       431.62          945.29        2694.90         3052.35         5121.59  
    0.088       434.75          907.54        2822.17         3857.13         5403.77  
    0.094       440.69          860.22        2835.92         3963.54         5097.85  
    0.100       441.50          875.40        2745.64         3801.48         5093.41  
    0.106       438.97          1128.95        2688.19         3621.69         5406.92  
    0.113       422.68          1357.75        2610.73         3682.37         5353.58  
    0.119       108.24          685.48        1829.93         3136.71         4611.18  
    0.125       0          434.45        1463.43         2872.09         4338.74  
    0.131       328.44          871.76        2374.64         3958.97         5196.00  
    0.138       461.25          1023.66        2764.95         4253.23         5056.69  
    0.144       479.44          1649.13        2693.12         4081.72         4947.05  
    0.150       486.99          1912.96        2687.88         4141.30         4956.09  
    0.156       481.42          1851.38        2739.60         4077.76         4958.68  
    0.163       448.07          1787.27        2737.45         4014.95         4912.51  
    0.169       390.59          1612.45        2678.69         4005.55         4897.47  
    0.175       359.84          1077.98        2637.43         4091.49         5343.86  
    0.181       344.23          777.09        2581.41         3869.51         5268.05  
    0.188       333.52          783.48        2515.42         3637.95         4997.93  
    0.194       330.75          900.70        2494.95         3649.00         4913.95  
    0.200       332.17          985.04        2384.66         3562.42         4832.08  
    0.206       333.12          979.59        2354.61         3480.80         4735.46  
    0.213       223.04          953.43        2672.24         3696.89         5295.30  
    0.219       47.84          245.68        1405.84         2774.81         4285.60  
    0.225       145.41          663.96        1948.33         3310.12         4701.94  
    0.231       319.06          734.68        2271.77         3307.40         4702.58  
    0.238       376.55          989.19        2245.31         3048.22         4853.04  
    0.244       403.93          1162.88        2241.04         2787.48         5355.21  
    0.250       384.81          1327.92        2214.08         3024.74         5500.00  
    0.256       333.21          1499.28        2199.77         3239.89         4942.05  
    0.263       314.32          1507.09        2183.46         3283.22         4791.79  
    0.269       314.35          1513.37        2181.21         3210.18         4825.99  
    0.275       327.61          1518.61        2183.49         2852.94         4870.57  
    0.281       362.26          1506.97        2175.04         2867.63         4819.77  
    0.288       385.36          1485.59        2161.46         3138.22         4701.20  
    0.294       389.01          1490.52        2152.32         3281.28         4747.61  
    0.300       389.83          1523.62        2142.64         3356.87         4629.19  
    0.306       394.61          1560.49        2160.05         3350.91         4655.84  
    0.312       403.01          1610.68        2186.23         3347.82         4732.19  
    0.319       417.55          1650.19        2211.06         3380.47         4646.26  
    0.325       425.44          1661.19        2225.05         3380.44         4495.76  
    0.331       425.15          1659.45        2247.39         3368.71         4360.26  
    0.338       422.89          1665.69        2253.77         3461.97         4534.18  
    0.344       423.98          1632.22        2249.94         3507.16         5268.30  
    0.350       427.26          1629.14        2247.09         3459.88         5500.00  
    