0.025       432.36          1424.09        2628.89         3925.64         5200.99  
    0.031       437.65          1441.60        2607.03         3919.68         5354.16  
    0.038       445.93          1487.33        2596.96         3946.86         5500.00  
    0.044       442.17          1482.30        2578.97         3913.22         5055.86  
    0.050       431.78          1392.60        2588.11         3833.25         5077.09  
    0.056       208.80          896.11        2517.28         3184.18         4700.17  
    0.062       0          492.82        2466.49         2744.30         4003.10  
    0.069       0          467.03        2493.35         3015.23         4122.95  
    0.075       0          409.69        2398.71         3122.71         4469.53  
    0.081       213.72          1148.31        2498.24         3452.30         4886.17  
    0.088       465.63          2104.07        2653.23         3803.77         5083.63  
    0.094       501.21          2331.83        2668.13         3909.00         5199.75  
    0.100       239.58          1398.48        2571.03         3796.38         5079.92  
    0.106       0          490.30        2373.85         3454.79         4842.82  
    0.113       227.91          1251.02        2625.38         3872.71         4909.66  
    0.119       564.91          1817.23        2878.57         4434.87         5275.58  
    0.125       747.95          1542.67        2813.35         4398.04         5300.58  
    0.131       706.99          1552.62        2796.63         4318.56         5111.60  
    0.138       514.11          1750.97        2849.82         4261.22         5310.97  
    0.144       208.25          1134.48        2747.09         3516.20         4976.99  
    0.150       0          476.48        2440.29         2727.25         4384.18  
    0.156       0          485.36        2138.10         2633.21         4126.90  
    0.163       0          487.12        1804.24         2619.41         3977.79  
    0.169       0          492.11        1659.91         2628.11         4021.88  
    0.175       0          478.29        1690.22         2647.27         4064.29  
    0.181       0          477.99        1747.59         2599.43         4157.26  
    0.188       0          485.95        1926.84         2597.14         4312.78  
    0.194       234.54          1230.70        2200.83         3003.51         4422.47  
    0.200       436.17          1783.78        2393.26         3635.22         4445.71  
    0.206       401.86          1506.36        2433.04         3785.47         4558.99  
    0.213       382.24          1323.52        2441.55         3695.82         4745.74  
    0.219       362.00          1258.44        2438.63         3584.99         4833.49  
    0.225       333.22          1304.49        2290.01         3568.98         4883.01  
    0.231       155.32          807.06        2010.38         3056.83         4753.62  
    0.238       0          332.09        1886.47         2481.35         4589.40  
    0.244       212.57          1029.34        2085.37         2771.76         4743.95  
    0.250       426.12          1704.02        2266.03         3105.07         4929.23  
    0.256       431.66          1734.07        2285.72         3220.28         4927.31  
    0.263       424.18          1694.95        2293.90         3262.06         4945.87  
    0.269       417.02          1634.58        2282.06         3228.06         4844.61  
    0.275       413.98          1618.51        2264.10         3172.78         4694.68  
    0.281       412.50          1703.01        2265.33         3157.88         4681.51  
    0.288       411.85          1825.41        2362.41         3224.09         4688.64  
    0.294       422.74          1906.97        2471.32         3320.39         4703.18  
    0.300       432.27          1953.26        2593.03         3453.75         4714.19  
    0.306       428.73          1969.15        2755.27         3699.37         4719.82  
    0.312       415.57          1953.89        2814.67         3890.36         4704.32  
    0.319       407.99          1950.94        2722.55         3729.15         4672.66  
    0.325       412.56          1963.76        2714.73         3530.28         4631.40  
    0.331       202.94          1175.44        2397.28         3311.99         4613.33  
    