0.025       381.27          1239.85        2452.71         3693.76         4606.12  
    0.031       376.47          1200.81        2462.40         3708.53         4652.55  
    0.038       376.90          1102.44        2439.63         3705.00         4706.18  
    0.044       382.11          951.32        2438.47         3697.34         4772.95  
    0.050       379.51          830.73        2507.87         3669.20         4528.04  
    0.056       379.14          824.42        2537.67         3574.75         4572.23  
    0.062       362.25          794.40        2516.59         3537.27         4643.23  
    0.069       339.85          842.97        2464.64         3585.25         4627.82  
    0.075       269.79          836.76        2470.42         3649.07         4859.46  
    0.081       227.39          803.06        2422.61         3669.63         4921.66  
    0.088       257.45          850.06        2469.58         3648.91         4848.06  
    0.094       17.56          57.68        549.75         2447.48         3863.27  
    0.100       146.21          1000.46        2344.14         3636.72         4767.17  
    0.106       298.04          1153.38        2482.43         3757.16         4969.10  
    0.113       372.19          1113.14        2441.60         3776.15         4948.73  
    0.119       471.71          620.05        2402.15         3780.68         4871.84  
    0.125       32.34          39.50        731.64         2386.39         3682.25  
    0.131       313.70          1663.74        1895.82         3254.20         4667.08  
    0.138       311.44          1591.78        2753.99         4416.65         4765.90  
    0.144       363.81          1532.93        2821.34         4306.54         4488.87  
    0.150       338.01          1549.44        2896.57         3987.34         4766.57  
    0.156       339.96          1603.41        3103.49         3999.61         4685.06  
    0.163       321.07          1543.01        3106.78         3964.79         4633.69  
    0.169       338.57          1467.23        2708.70         3820.12         4787.78  
    0.175       373.22          1463.07        2764.05         3964.81         4836.20  
    0.181       365.53          1489.30        2816.12         4082.70         4868.69  
    0.188       315.02          1489.09        2987.69         4064.28         5457.49  
    0.194       264.56          1499.95        2843.41         3991.88         5225.08  
    0.200       280.99          1564.99        2748.11         3982.83         5122.21  
    0.206       294.02          2040.71        2986.03         4016.73         5056.67  
    0.213       19.92          1661.47        2831.37         4005.66         5119.87  
    0.219       0          1402.90        2616.96         4017.85         4687.12  
    0.225       0          93.68        1471.45         2617.16         3721.08  
    0.231       0          0        1379.72         2463.43         3535.70  
    0.238       270.08          1292.52        2329.11         3261.84         4656.70  
    0.244       339.57          1386.05        2357.82         3370.30         4846.75  
    0.250       311.81          1387.04        2357.30         3654.05         4893.12  
    0.256       297.06          1395.60        2363.12         3907.81         5197.55  
    0.263       396.92          1432.92        2380.21         3791.59         4285.15  
    0.269       435.34          1452.60        2381.22         3165.13         4579.20  
    0.275       444.65          1484.74        2357.79         3191.11         4809.52  
    0.281       447.73          1492.56        2369.60         3401.12         4808.54  
    0.288       450.67          1528.44        2403.42         3467.59         4758.24  
    0.294       446.58          1539.69        2303.66         3493.74         4731.21  
    0.300       461.07          1553.69        2285.95         3580.69         4405.37  
    0.306       468.32          1559.71        2267.97         3280.67         4176.15  
    0.312       479.16          1588.94        2275.47         3887.71         4270.06  
    0.319       482.93          1604.59        2271.50         3662.05         4306.21  
    0.325       479.57          1643.27        2236.05         3268.18         4261.41  
    0.331       496.15          1657.62        2247.83         3252.70         4191.24  
    0.338       511.08          1672.49        2269.48         3496.66         4247.69  
    