0.025       266.46          760.75        2342.29         3415.52         4291.43  
    0.031       259.62          753.78        2381.00         3413.20         4291.84  
    0.038       252.67          754.07        2412.74         3384.53         4231.83  
    0.044       239.61          798.35        2408.40         3380.72         4230.83  
    0.050       219.73          791.13        2420.13         3450.00         4239.59  
    0.056       201.52          844.38        2453.64         3539.16         4216.42  
    0.062       190.42          955.05        2895.92         3927.14         4104.93  
    0.069       48.50          398.36        1573.71         3284.01         4067.99  
    0.075       149.54          795.04        2440.25         3867.41         5130.70  
    0.081       211.09          999.35        2868.96         4194.56         5500.00  
    0.088       55.28          257.26        1308.80         3075.41         4478.64  
    0.094       0          0        756.24         2775.99         4069.82  
    0.100       0          544.93        1667.55         3106.05         4089.34  
    0.106       517.06          1313.46        2268.78         4326.68         5139.73  
    0.113       179.62          1167.46        1870.78         3109.60         4904.47  
    0.119       0          713.96        1542.52         2504.25         4727.57  
    0.125       214.71          1282.47        2186.80         3403.60         4808.59  
    0.131       267.43          1548.98        2329.11         3720.33         4713.85  
    0.138       276.33          1201.88        2294.13         3576.26         4618.97  
    0.144       335.57          1048.11        2436.10         3486.15         4684.96  
    0.150       378.74          1076.43        2347.08         3446.55         4577.71  
    0.156       394.26          1228.08        2293.73         3534.86         4605.11  
    0.163       395.51          1267.84        2378.94         3658.53         4544.58  
    0.169       390.59          1223.48        2438.45         3784.64         4615.15  
    0.175       388.77          1225.96        2477.31         3939.20         5280.88  
    0.181       100.21          599.18        1613.87         2972.03         4311.87  
    0.188       269.95          1097.98        2092.25         2967.31         4744.77  
    0.194       93.78          631.92        1649.94         2537.61         3972.90  
    0.200       0          379.61        1441.39         2385.26         3709.05  
    0.206       274.02          1182.53        2176.10         2763.98         3763.86  
    0.213       364.97          1486.12        2428.29         2613.83         3790.24  
    0.219       364.72          1528.25        2399.65         2786.20         3772.75  
    0.225       368.63          1542.05        2342.96         3040.10         3753.57  
    0.231       374.42          1562.75        2264.63         3239.36         3755.95  
    0.238       381.15          1594.32        2336.80         3465.05         3695.62  
    0.244       396.33          1613.52        2421.89         3556.31         3808.16  
    0.250       419.96          1609.01        2410.10         3588.15         3908.41  
    0.256       434.57          1583.38        2406.96         3486.55         4000.47  
    0.263       438.42          1580.64        2423.38         3619.45         4005.41  
    0.269       445.24          1611.58        2438.89         3716.59         4004.62  
    