0.025       331.56          891.00        2353.63         3829.15         5255.81  
    0.031       318.23          898.27        2379.14         3812.34         5291.36  
    0.038       303.54          870.05        2397.90         3817.01         5433.91  
    0.044       299.94          835.22        2400.58         3836.40         5500.00  
    0.050       310.55          794.72        2385.21         3862.68         5500.00  
    0.056       330.37          749.13        2359.61         3883.25         5500.00  
    0.062       345.91          742.99        2328.48         3874.09         5500.00  
    0.069       357.78          742.73        2309.40         3903.94         5500.00  
    0.075       363.54          743.48        2347.39         3943.44         5431.01  
    0.081       366.36          745.95        2383.25         4001.46         5290.17  
    0.088       361.80          728.03        2376.99         4016.87         5293.45  
    0.094       374.69          709.99        2357.10         4014.03         5438.99  
    0.100       376.60          655.83        2204.44         4037.44         4873.44  
    0.106       456.08          578.44        2216.04         4064.08         4444.36  
    0.113       441.62          675.50        2219.44         3974.65         4464.19  
    0.119       366.99          902.49        2198.15         3919.48         4575.73  
    0.125       307.31          1009.43        2241.70         3915.44         4878.01  
    0.131       268.87          882.99        2320.79         3945.07         5332.19  
    0.138       256.21          704.50        2437.37         3882.29         5500.00  
    0.144       245.12          808.00        2497.64         3863.44         5500.00  
    0.150       241.99          963.04        2591.56         3893.66         5500.00  
    0.156       245.09          1031.16        2593.57         3963.38         5500.00  
    0.163       247.09          1833.67        2399.90         3841.72         5208.61  
    0.169       243.88          1872.49        2448.84         3880.89         5024.86  
    0.175       84.31          581.45        2004.05         2826.10         4392.06  
    0.181       0          897.39        1963.98         2896.65         4365.61  
    0.188       0          1435.35        2182.81         3344.98         4589.54  
    0.194       669.18          1716.69        2275.50         3468.58         4711.81  
    0.200       673.46          1618.35        2270.35         3446.85         4660.85  
    0.206       168.76          520.73        1226.89         2570.41         3815.43  
    0.213       233.65          578.34        1747.01         3068.96         4035.30  
    0.219       386.17          873.56        2297.20         3679.79         4302.18  
    0.225       416.33          870.41        2280.03         3739.79         4221.60  
    0.231       425.16          880.40        2316.31         3722.25         4239.76  
    0.238       422.79          881.70        2344.90         3733.02         4266.20  
    0.244       417.89          869.35        2334.15         3765.53         4261.82  
    0.250       414.22          865.58        2329.40         3753.91         4241.83  
    0.256       412.09          873.06        2312.97         3723.94         4206.47  
    0.263       413.46          857.30        2288.09         3643.81         4180.73  
    0.269       430.15          891.75        2260.47         3467.20         4141.55  
    0.275       454.76          925.08        2245.39         3414.02         4097.54  
    0.281       161.53          634.69        2018.96         2618.71         4078.49  
    0.288       0          429.38        1671.37         2211.98         4038.35  
    0.294       0          384.67        1523.96         2150.89         4000.87  
    0.300       0          395.43        1552.43         2148.89         3991.51  
    0.306       0          418.68        1620.48         2182.93         3953.89  
    0.312       280.51          1177.44        1962.37         3335.35         4954.13  
    0.319       442.89          1600.66        2135.81         3968.10         4663.92  
    0.325       462.50          1871.94        2061.47         3956.29         5052.71  
    0.331       470.51          2002.62        2032.71         3907.47         5500.00  
    0.338       164.18          1007.12        2054.76         3870.35         4451.22  
    0.344       300.93          1290.25        2009.85         3830.81         4017.90  
    0.350       458.33          1805.32        2126.84         3821.10         5007.27  
    0.356       445.02          1837.01        2204.05         3821.21         5500.00  
    0.363       430.34          1810.24        2160.26         3785.65         5500.00  
    0.369       414.11          1789.75        2047.10         3717.41         5500.00  
    