0.025       338.17          549.14        3076.41         3671.36         5500.00  
    0.031       333.22          614.81        3121.84         3659.78         5500.00  
    0.038       341.04          565.65        2980.91         3654.30         5500.00  
    0.044       153.32          213.47        1501.32         3150.26         4531.05  
    0.050       165.17          304.80        1775.71         3341.11         4745.25  
    0.056       299.43          595.24        2716.89         3803.53         5500.00  
    0.062       133.02          459.50        1341.76         3185.68         4536.81  
    0.069       0          455.61        1065.63         2787.22         3808.67  
    0.075       0          573.68        1550.00         2850.92         3790.29  
    0.081       0          659.02        1331.19         2830.11         3759.97  
    0.088       0          731.97        1080.96         2917.66         3782.85  
    0.094       0          731.85        1114.72         3027.05         3824.73  
    0.100       0          696.47        1373.82         2985.79         3834.17  
    0.106       0          668.32        1328.71         2819.90         3793.55  
    0.113       0          680.69        1338.55         2692.02         3742.24  
    0.119       0          723.83        1725.21         2665.40         3716.16  
    0.125       0          763.47        2004.30         2657.48         3739.20  
    0.131       0          777.65        2006.65         2605.31         3760.56  
    0.138       0          787.42        1775.87         2474.66         3748.95  
    0.144       0          794.29        1935.13         2874.98         4270.65  
    0.150       433.93          1473.15        2661.99         3741.92         4732.98  
    0.156       709.32          1954.42        2961.26         4032.77         4770.99  
    0.163       572.91          1630.50        2796.58         3869.08         4779.60  
    0.169       453.45          994.25        2877.32         3654.65         5054.38  
    0.175       384.07          684.36        2975.42         3515.49         5238.73  
    0.181       351.65          683.85        2956.78         3513.59         5209.86  
    0.188       343.25          669.48        3058.16         3550.69         5277.47  
    0.194       341.53          668.75        3114.26         3544.60         5302.40  
    0.200       337.74          675.66        3041.02         3533.02         5276.83  
    0.206       340.20          670.63        2973.85         3540.03         5318.31  
    0.213       353.90          652.72        2924.16         3528.22         5434.39  
    0.219       356.71          681.10        2898.94         3473.63         5331.19  
    0.225       353.55          734.79        2903.36         3420.60         5186.19  
    0.231       358.44          766.37        2938.44         3414.27         5232.26  
    0.238       364.62          822.26        2952.61         3427.80         5402.06  
    0.244       367.19          887.35        2914.20         3425.38         5358.16  
    0.250       373.24          922.75        2841.33         3394.46         5140.67  
    0.256       389.57          942.31        2765.52         3355.66         5011.28  
    0.263       419.52          973.55        2703.68         3333.88         5117.85  
    0.269       442.80          1031.21        2668.65         3379.04         4871.08  
    0.275       449.79          1083.74        2607.04         3509.40         4446.98  
    0.281       453.71          1124.63        2480.60         3574.26         4310.88  
    0.288       437.67          1172.66        2393.36         3559.88         4295.73  
    0.294       410.56          1201.28        2539.36         3651.32         4437.74  
    0.300       352.37          1216.95        2625.92         3676.75         5082.61  
    0.306       348.90          1328.01        2492.69         3426.76         5366.02  
    0.312       389.09          1455.59        2434.73         3335.04         5308.58  
    0.319       410.26          1533.56        2442.29         3419.57         5323.99  
    0.325       420.46          1589.10        2436.53         3488.84         5127.86  
    0.331       420.87          1631.14        2441.47         3541.10         4975.90  
    0.338       415.54          1701.76        2445.21         3550.46         4847.48  
    0.344       410.10          1786.76        2443.60         3548.01         4735.11  
    0.350       405.40          1855.23        2462.60         3538.77         4951.51  
    0.356       398.26          1890.17        2491.09         3528.56         5001.69  
    0.363       389.99          1913.71        2513.06         3534.23         4768.85  
    0.369       383.34          1942.57        2523.74         3529.32         4757.39  
    0.375       381.67          1955.49        2525.13         3522.07         4841.26  
    0.381       382.68          1949.60        2521.21         3533.07         4830.44  
    0.388       381.70          1940.87        2511.83         3550.75         4756.99  
    0.394       380.86          1937.18        2504.25         3549.12         4743.63  
    0.400       381.55          1937.66        2505.80         3534.74         4852.26  
    0.406       382.90          1941.08        2535.25         3540.11         4933.55  
    0.413       382.76          1945.28        2556.68         3536.80         4912.90  
    0.419       381.43          1948.37        2562.96         3521.91         4887.17  
    0.425       381.83          1953.20        2572.09         3526.46         5231.59  
    0.431       382.03          1963.64        2566.87         3531.00         5202.63  
    0.438       381.26          1976.37        2554.11         3540.67         4999.95  
    0.444       382.42          1987.83        2564.47         3554.86         4873.02  
    0.450       385.58          1983.04        2561.91         3552.47         4714.25  
    0.456       387.42          1976.57        2555.00         3559.59         5141.51  
    0.463       387.83          1980.34        2562.85         3563.52         5500.00  
    0.469       386.75          1979.69        2574.95         3555.01         5146.60  
    0.475       385.71          1968.78        2582.96         3562.51         4843.00  
    0.481       384.33          1959.86        2584.37         3582.73         4911.67  
    0.488       382.55          1961.14        2603.06         3594.43         4956.51  
    0.494       381.52          1969.08        2629.32         3602.43         4812.03  
    0.500       380.84          1981.39        2648.98         3607.14         4761.02  
    0.506       380.78          2004.11        2697.79         3608.50         4849.46  
    