0.025       520.06          1301.45        2378.66         3709.27         4987.47  
    0.031       541.73          1352.78        2334.87         3697.38         4977.37  
    0.038       575.37          1450.43        2297.23         3661.76         4920.77  
    0.044       602.48          1544.63        2298.38         3591.52         4838.87  
    0.050       624.61          1612.20        2354.12         3556.90         4754.88  
    0.056       611.35          1576.50        2459.89         3634.13         4755.74  
    0.062       543.43          1471.57        2527.55         3719.31         4772.28  
    0.069       505.01          1317.15        2515.13         3733.42         4722.31  
    0.075       499.51          901.51        2472.84         3704.88         4718.21  
    0.081       230.05          289.65        1506.02         3000.19         4183.01  
    0.088       0          0        681.18         2460.36         3710.98  
    0.094       0          0        700.12         2503.84         3734.14  
    0.100       0          0        705.49         2468.29         3726.24  
    0.106       0          385.69        1560.55         3012.89         4079.99  
    0.113       0          723.82        2207.62         3399.19         4486.18  
    0.119       331.98          1216.25        2178.28         3372.92         4716.05  
    0.125       588.71          1479.04        2310.01         3510.09         4937.06  
    0.131       260.98          926.13        2134.92         3216.53         4987.20  
    0.138       342.51          1286.01        2417.97         3914.94         5250.35  
    0.144       687.49          1911.39        2848.78         4242.99         5159.25  
    0.150       692.72          1900.59        2828.27         3783.00         4924.68  
    0.156       514.56          1890.03        2879.42         3848.33         5257.63  
    0.163       179.42          1128.82        2443.30         3729.82         5241.88  
    0.169       247.08          676.69        2283.01         3605.51         5077.17  
    0.175       456.63          1034.06        2524.51         3638.66         4985.23  
    0.181       455.78          1204.12        2485.43         3672.11         4791.79  
    0.188       479.16          1257.59        2441.21         3704.92         4739.91  
    0.194       524.56          1298.99        2399.95         3689.17         4724.74  
    0.200       604.91          1485.93        2284.59         3438.06         4673.96  
    0.206       305.73          1119.42        1933.08         2956.42         4442.60  
    0.213       294.98          1071.54        2151.54         3336.75         4602.28  
    0.219       528.47          1446.07        2527.26         3800.15         4846.43  
    0.225       497.24          1514.13        2478.59         3704.61         4860.96  
    0.231       490.29          1596.06        2481.65         3813.20         5225.89  
    0.238       506.71          1462.41        2478.96         3926.92         5500.00  
    0.244       473.10          1262.38        2509.35         3933.04         5500.00  
    0.250       395.87          1283.84        2396.37         3877.43         5500.00  
    0.256       362.64          1481.58        2045.57         3485.32         5221.62  
    0.263       168.85          1047.82        1767.77         2527.12         4682.82  
    0.269       280.37          1055.25        2005.43         3140.28         4996.00  
    0.275       519.15          1457.34        2313.58         4049.71         5500.00  
    0.281       512.67          1453.80        2333.85         3928.80         5500.00  
    0.288       517.30          1508.01        2316.44         3922.37         5500.00  
    0.294       513.50          1641.00        2288.79         3812.29         5032.03  
    0.300       501.95          1782.89        2329.48         3743.81         4583.67  
    0.306       497.52          1799.60        2368.54         3777.40         4915.30  
    0.312       497.12          1765.52        2378.53         3844.74         5195.13  
    0.319       497.43          1794.14        2411.07         3974.09         5340.52  
    0.325       499.17          1859.30        2456.33         4013.63         5500.00  
    0.331       493.38          1886.21        2488.34         3905.54         5320.15  
    0.338       482.32          1900.66        2524.06         3808.43         5132.49  
    0.344       471.36          1917.79        2551.92         3795.02         5195.49  
    0.350       464.27          1928.46        2611.39         3807.52         5393.96  
    0.356       455.57          1929.00        2595.18         3821.60         5500.00  
    0.363       443.31          1934.80        2545.15         3797.91         5322.03  
    0.369       433.90          1947.43        2628.91         3793.39         4987.55  
    0.375       432.44          1945.71        2620.73         3860.91         4955.13  
    0.381       412.86          1989.70        2529.61         3961.25         5125.41  
    0.388       364.48          2048.71        2559.24         4026.55         5139.03  
    0.394       307.59          2059.72        2658.73         4022.06         5189.48  
    0.400       292.38          2068.22        2685.29         3978.59         5230.22  
    0.406       308.13          2093.15        2666.04         3961.49         5173.63  
    0.413       207.07          2158.96        2652.26         3972.03         5141.51  
    0.419       53.47          1033.39        2439.07         3284.40         4528.09  
    0.425       0          0        2269.97         2762.42         4017.03  
    0.431       0          0        2228.45         2717.70         3954.67  
    0.438       171.60          1114.54        2433.82         3273.66         4400.35  
    0.444       265.86          2101.16        2670.05         3865.25         5198.74  
    0.450       321.34          2089.59        2646.40         3822.97         5315.65  
    0.456       386.90          2094.07        2560.61         3810.07         5060.44  
    0.463       491.53          2111.18        2552.49         3803.35         4953.41  
    0.469       622.08          2120.87        2611.55         3718.36         4921.87  
    0.475       629.55          2172.49        2637.17         3682.08         4941.55  
    0.481       708.52          2199.70        2601.23         3770.03         5107.61  
    0.488       733.07          2157.64        2576.70         3867.91         5010.78  
    0.494       631.56          2121.02        2659.41         3960.84         4960.98  
    0.500       659.83          2124.89        2755.40         3991.37         5070.46  
    0.506       726.63          2155.43        2751.77         3869.60         5013.70  
    0.513       689.36          2150.14        2759.74         3838.14         5004.64  
    0.519       694.27          2130.87        2752.72         3929.58         5087.49  
    0.525       676.82          2118.10        2713.61         3994.23         5145.29  
    0.531       605.04          2136.28        2704.56         3972.89         5093.49  
    0.537       562.06          2184.30        2595.97         3945.84         4964.13  
    