0.025       344.95          741.81        2797.73         3793.38         4513.32  
    0.031       334.22          758.87        2850.79         3848.54         4898.93  
    0.038       77.89          413.67        1276.77         3095.34         4178.45  
    0.044       0          310.37        1173.33         2832.60         3942.38  
    0.050       0          284.86        1310.45         2871.99         3982.77  
    0.056       0          258.19        1394.37         2946.76         3900.85  
    0.062       0          59.44        333.87         1754.23         3204.95  
    0.069       0          451.72        1334.26         2665.80         3803.94  
    0.075       0          581.97        1733.95         3037.50         3980.03  
    0.081       0          504.69        1517.70         3003.18         3848.69  
    0.088       0          565.18        1695.07         3109.11         3900.74  
    0.094       0          612.62        1238.52         3046.64         3969.27  
    0.100       0          705.98        1827.38         2960.53         4006.55  
    0.106       0          607.05        1881.15         2963.29         3993.89  
    0.113       0          494.13        1625.18         2840.39         3932.90  
    0.119       0          613.10        2237.36         2870.29         4065.61  
    0.125       0          1041.42        1992.56         3167.96         4309.27  
    0.131       0          1350.54        1835.72         3342.52         4433.70  
    0.138       0          769.45        1861.58         3331.07         4395.45  
    0.144       322.30          775.69        2667.40         3420.77         4798.89  
    0.150       394.90          855.78        2875.41         3450.81         4911.54  
    0.156       392.98          867.01        2867.19         3474.40         4902.52  
    0.163       403.55          882.90        2851.25         3504.67         4930.85  
    0.169       421.05          891.84        2841.19         3509.97         4739.62  
    0.175       432.33          894.32        2831.41         3482.54         4797.50  
    0.181       438.84          896.35        2804.69         3451.24         4850.93  
    0.188       448.50          908.92        2765.64         3449.84         4739.87  
    0.194       458.81          960.06        2732.59         3486.28         4475.33  
    0.200       465.99          1007.04        2702.45         3570.09         4562.69  
    0.206       486.85          1042.50        2672.11         3631.10         4436.81  
    0.213       515.97          1107.13        2658.94         3742.87         4393.04  
    0.219       533.99          1148.42        2624.80         3906.35         4547.44  
    0.225       539.06          1199.48        2661.84         3922.81         5286.76  
    0.231       127.01          707.33        1569.38         3014.21         4316.18  
    0.238       0          827.48        1233.13         2733.58         3895.50  
    0.244       0          442.88        1239.51         2657.57         3892.84  
    0.250       0          70.23        1268.15         2825.31         3245.77  
    0.256       282.89          1060.38        2292.25         3036.54         4628.38  
    0.263       432.44          1463.38        2580.72         3294.14         4999.02  
    0.269       471.36          1578.50        2556.66         3698.73         4752.55  
    0.275       479.33          1652.78        2555.53         3926.89         4567.58  
    0.281       479.50          1728.83        2618.14         3942.92         4346.04  
    0.288       475.39          1784.71        2673.17         3874.47         4270.75  
    0.294       465.27          1861.42        2614.70         3778.61         4295.11  
    0.300       459.46          1956.96        2618.75         3804.68         4256.91  
    0.306       451.63          1983.18        2592.95         3833.00         4171.66  
    0.312       445.19          1964.63        2525.29         3855.93         4238.73  
    