0.025       329.16          731.74        2691.97         3542.99         4625.66  
    0.031       332.56          726.73        2730.57         3553.66         4691.89  
    0.038       338.18          724.36        2846.87         3514.93         4649.82  
    0.044       347.28          738.49        2893.23         3471.28         4668.18  
    0.050       358.92          809.08        2788.53         3441.52         4570.35  
    0.056       141.62          560.25        1939.41         3429.12         3854.56  
    0.062       0          377.51        1566.02         3447.94         3484.27  
    0.069       0          400.99        1779.96         3225.59         3513.29  
    0.075       0          400.20        1018.80         3011.04         3517.74  
    0.081       0          451.13        1056.13         3051.61         3490.87  
    0.088       0          427.32        1547.35         3084.96         3544.78  
    0.094       0          328.82        1842.67         3045.88         3556.71  
    0.100       0          113.53        1049.86         2762.46         3498.95  
    0.106       0          233.54        1334.34         3103.54         3647.38  
    0.113       0          406.01        1555.21         3065.42         3585.81  
    0.119       0          442.81        1452.90         3027.58         3669.04  
    0.125       0          392.15        1708.61         3058.51         3875.12  
    0.131       0          334.50        1861.59         3044.70         3942.79  
    0.138       0          337.21        1902.51         3085.58         3990.97  
    0.144       0          400.73        1906.14         3066.65         3991.94  
    0.150       0          470.72        1934.68         3031.65         4034.51  
    0.156       0          428.26        1940.74         2961.80         4066.79  
    0.163       309.31          1261.69        2430.37         3424.52         4940.53  
    0.169       634.41          1807.37        2725.15         3798.16         5500.00  
    0.175       696.01          1760.78        2667.44         3896.36         5500.00  
    0.181       266.19          1652.77        2217.28         3352.15         4745.14  
    0.188       0          866.28        1857.26         2980.65         4175.61  
    0.194       0          413.58        1763.21         3231.91         3981.07  
    0.200       265.87          616.71        2420.22         3484.59         4438.51  
    0.206       433.67          750.14        2846.75         3530.30         4554.94  
    0.213       472.11          722.72        2825.23         3552.57         4268.55  
    0.219       503.57          618.02        2955.87         3635.56         4027.96  
    0.225       492.10          805.32        2944.58         3657.98         4224.32  
    0.231       461.51          1193.22        2849.23         3641.76         4585.28  
    0.238       438.83          1436.07        2853.71         3668.94         4879.89  
    0.244       439.95          1533.61        2950.27         3663.18         5105.66  
    0.250       456.05          1530.80        2874.10         3639.68         4841.67  
    0.256       483.94          1452.96        2695.35         3613.62         4613.27  
    0.263       526.01          1331.25        2572.73         3554.09         4483.66  
    0.269       537.31          1232.66        2537.91         3506.03         4320.04  
    0.275       520.44          1246.36        2524.76         3436.81         4215.58  
    0.281       514.37          1292.79        2478.83         3351.33         4120.17  
    0.288       505.76          1307.90        2403.15         3279.52         4019.93  
    0.294       489.62          1334.06        2332.26         3200.65         3964.12  
    0.300       464.10          1399.68        2218.10         3110.02         3974.85  
    0.306       435.14          1484.35        2188.98         3006.38         4024.60  
    0.312       165.36          858.37        1834.35         2825.96         3777.53  
    0.319       0          443.54        1610.66         2749.43         3534.99  
    0.325       290.74          1147.67        2288.16         3085.42         4716.99  
    0.331       481.39          1602.14        2717.40         3327.84         5500.00  
    0.338       495.44          1646.93        2769.38         3589.08         5500.00  
    0.344       498.07          1730.31        2776.53         3819.42         5500.00  
    0.350       487.69          1771.38        2710.28         3879.87         4884.80  
    0.356       475.10          1774.82        2673.55         3889.38         4296.49  
    0.363       459.16          1769.19        2660.62         3881.10         4156.40  
    0.369       444.53          1782.51        2633.94         3852.10         4136.40  
    0.375       430.97          1814.76        2604.94         3861.27         4067.52  
    0.381       420.97          1846.14        2516.60         3907.90         4009.16  
    0.388       426.76          1907.88        2593.99         3717.64         4051.64  
    0.394       427.44          1953.37        2824.18         3329.49         4139.11  
    0.400       420.76          1962.80        2635.39         3325.78         4159.54  
    0.406       380.70          1958.74        2398.14         3586.44         4098.24  
    0.413       326.28          1918.11        2451.84         3842.13         4178.61  
    