0.025       313.77          698.98        2313.20         3151.99         4670.08  
    0.031       312.14          776.01        2302.74         3155.64         4627.62  
    0.038       309.81          911.46        2299.78         3211.91         4605.63  
    0.044       307.79          990.47        2301.86         3263.30         4572.60  
    0.050       307.27          1003.91        2297.14         3259.11         4595.04  
    0.056       308.81          998.48        2304.88         3257.49         4678.27  
    0.062       310.23          980.60        2328.60         3268.79         4653.20  
    0.069       312.31          926.06        2351.67         3277.59         4574.61  
    0.075       316.57          855.29        2331.23         3265.06         4556.34  
    0.081       319.78          891.67        2279.56         3256.91         4615.72  
    0.088       322.36          1088.67        2241.87         3286.58         4658.07  
    0.094       343.01          1140.04        2275.66         3331.88         4662.70  
    0.100       168.95          721.15        2216.91         3331.01         4825.95  
    0.106       166.93          1193.14        2754.74         3528.67         4989.74  
    0.113       147.81          1052.74        2553.82         3486.27         4557.61  
    0.119       0          383.74        1997.95         3275.74         4164.52  
    0.125       0          422.02        2198.82         3431.02         4667.73  
    0.131       174.53          1076.80        2272.58         3567.83         5044.59  
    0.138       365.76          1812.69        2230.54         3529.69         5016.74  
    0.144       187.03          1108.48        2043.99         3331.01         4805.99  
    0.150       0          177.86        1870.74         3120.80         4506.30  
    0.156       0          656.67        1806.22         3095.54         4533.94  
    0.163       0          1284.22        1907.58         3165.47         4546.27  
    0.169       237.45          1646.88        2611.71         3218.62         4508.59  
    0.175       429.50          1516.02        2763.60         3317.02         4572.49  
    0.181       390.70          999.67        2452.17         3466.48         4695.70  
    0.188       366.26          859.60        2452.61         3460.28         4844.93  
    0.194       362.19          890.99        2446.04         3416.81         4920.64  
    0.200       359.09          983.52        2416.20         3452.47         4871.31  
    0.206       357.65          1036.61        2378.63         3455.94         4819.77  
    0.213       358.67          1051.06        2383.67         3439.85         4827.56  
    0.219       362.87          1060.20        2403.29         3429.25         4801.70  
    0.225       370.28          1069.56        2390.94         3417.22         4750.25  
    0.231       383.08          1078.35        2331.74         3366.27         4778.15  
    0.238       402.56          1097.56        2267.64         3292.00         4862.94  
    0.244       425.09          1144.31        2248.69         3260.05         4902.93  
    0.250       426.38          1219.59        2268.83         3266.75         4957.62  
    0.256       421.03          1304.23        2289.03         3318.75         5266.03  
    0.263       425.62          1364.45        2260.94         3197.92         5500.00  
    0.269       433.73          1415.96        2226.28         3026.37         5500.00  
    0.275       431.40          1485.65        2209.08         3143.62         5133.52  
    0.281       391.82          1722.37        2199.62         3370.97         4597.99  
    0.288       364.17          1862.04        2254.40         3378.30         4519.87  
    0.294       384.99          1824.87        2310.51         3555.63         5084.93  
    0.300       411.58          1716.35        2361.63         3766.24         5341.68  
    0.306       418.84          1604.17        2490.04         3812.43         5067.96  
    0.312       417.14          1602.86        2536.19         3482.75         4901.83  
    0.319       412.86          1630.30        2381.35         3151.62         4908.97  
    0.325       398.82          1620.54        2268.96         3078.75         5011.52  
    0.331       378.17          1590.46        2262.90         2988.21         5104.85  
    0.338       360.76          1654.09        2287.11         2990.93         5134.23  
    0.344       352.61          1732.97        2324.05         2987.08         5125.21  
    0.350       351.75          1710.21        2327.83         2981.56         5103.24  
    0.356       357.34          1674.92        2318.30         3034.19         5106.36  
    0.363       365.15          1645.77        2322.05         3092.80         5124.41  
    0.369       369.49          1700.04        2331.77         3119.85         5094.01  
    0.375       370.30          1744.25        2330.55         3144.16         5058.16  
    0.381       365.24          1690.65        2250.97         3149.24         5033.19  
    