0.025       0          346.05        759.08         4360.96         4612.96  
    0.031       293.34          715.07        1979.88         4349.99         4684.17  
    0.038       338.53          1044.38        1292.67         4297.09         4806.84  
    0.044       266.07          1040.59        1465.97         4199.29         4807.62  
    0.050       215.81          754.48        2282.43         4280.36         4696.13  
    0.056       180.18          462.38        2559.39         4398.94         5388.87  
    0.062       206.19          662.35        2536.44         4327.73         5500.00  
    0.069       263.22          659.21        2444.42         4318.01         5500.00  
    0.075       307.91          1200.16        2633.89         4251.29         5500.00  
    0.081       292.08          1413.73        2730.28         4017.25         5063.37  
    0.088       39.08          318.73        1590.26         2813.29         4392.47  
    0.094       158.47          1129.34        2537.38         4031.27         5337.30  
    0.100       216.93          1474.97        2842.66         4304.85         5500.00  
    0.106       230.66          1817.33        2800.62         4517.70         5500.00  
    0.113       31.41          1112.85        2117.18         3100.82         4756.92  
    0.119       781.83          1621.33        2691.24         4366.02         4870.95  
    0.125       122.41          1085.48        2028.59         3113.03         4475.17  
    0.131       0          545.07        1128.18         2832.63         4529.83  
    0.138       359.86          775.38        2292.10         4032.89         4752.79  
    0.144       501.86          795.53        2400.40         4292.47         4710.99  
    0.150       528.71          885.25        2193.90         4271.74         4740.41  
    0.156       471.93          945.16        2345.94         4275.75         4816.62  
    0.163       445.43          1043.09        2510.40         4315.21         4844.06  
    0.169       447.65          1067.93        2570.88         4288.79         4883.91  
    0.175       466.57          1097.23        2567.28         4349.64         4890.98  
    0.181       461.29          1111.07        2624.49         4432.88         4867.83  
    0.188       457.63          1126.19        2633.70         4452.30         4904.33  
    0.194       484.77          1143.07        2581.87         4408.39         5201.35  
    0.200       501.89          1156.42        2584.63         4248.29         5465.73  
    0.206       494.68          1178.09        2581.09         4165.43         5500.00  
    0.213       493.19          1231.39        2549.02         4184.40         5500.00  
    0.219       490.82          1247.60        2489.61         4095.56         4745.71  
    0.225       479.54          1298.32        2277.64         3807.03         4590.87  
    0.231       461.03          1298.35        2163.12         3838.53         4724.03  
    0.238       423.64          1330.77        2225.40         3747.95         4849.71  
    0.244       438.49          1390.05        2300.82         3732.38         4704.75  
    0.250       443.68          1460.02        2301.76         3361.94         4489.61  
    0.256       441.89          1470.20        2287.38         3124.35         4444.74  
    0.263       447.81          1501.89        2247.57         3171.67         4457.95  
    0.269       458.83          1563.98        2243.57         3291.69         4437.69  
    0.275       465.29          1638.64        2248.22         3567.41         4420.04  
    0.281       464.84          1721.08        2240.12         4206.29         4387.78  
    0.288       463.54          1732.54        2209.07         4385.81         4461.64  
    0.294       458.46          1717.53        2189.62         4430.38         5120.61  
    