0.025       422.13          2331.58        2766.02         3642.87         5500.00  
    0.031       422.52          2330.82        2759.67         3652.85         5500.00  
    0.038       421.46          2315.59        2747.30         3610.12         5500.00  
    0.044       423.07          2299.67        2741.23         3609.20         5500.00  
    0.050       424.83          2284.18        2750.25         3622.16         5500.00  
    0.056       424.09          2281.81        2774.55         3637.28         5500.00  
    0.062       422.61          2278.96        2785.26         3658.32         5500.00  
    0.069       420.57          2267.86        2774.63         3583.49         5500.00  
    0.075       417.08          2253.10        2752.83         3439.99         5500.00  
    0.081       417.21          2245.59        2744.45         3463.77         5500.00  
    0.088       422.13          2246.46        2737.58         3546.96         5500.00  
    0.094       428.85          2253.69        2728.25         3566.49         5500.00  
    0.100       432.43          2253.88        2724.26         3573.37         5500.00  
    0.106       432.52          2257.18        2727.74         3576.62         5283.07  
    0.113       434.85          2262.61        2738.53         3595.56         5400.89  
    0.119       438.56          2267.40        2745.17         3603.92         5500.00  
    0.125       438.37          2275.42        2743.65         3561.95         5500.00  
    0.131       436.32          2272.53        2744.01         3542.42         5500.00  
    0.138       136.63          1013.46        2418.18         2983.44         4119.40  
    0.144       0          442.30        2269.89         2721.62         3490.32  
    0.150       0          448.24        2259.66         2713.11         3520.86  
    0.156       0          454.73        2250.13         2700.31         3553.04  
    0.163       0          462.55        2244.57         2688.70         3542.55  
    0.169       0          469.83        2272.97         2701.21         3506.86  
    0.175       0          471.49        2265.45         2694.36         3482.19  
    0.181       0          466.49        2233.29         2680.45         3460.21  
    0.188       0          462.44        2229.34         2677.74         3469.09  
    0.194       0          449.04        2226.28         2688.98         3532.33  
    0.200       0          431.68        2220.43         2698.03         3647.20  
    0.206       0          425.73        2201.79         2689.73         3703.18  
    0.213       0          422.66        2161.62         2679.83         3651.21  
    0.219       0          433.65        2158.86         2689.19         3597.68  
    0.225       0          435.30        2176.49         2690.30         3611.55  
    0.231       0          422.14        2179.60         2676.37         3648.04  
    