0.025       357.20          2260.06        2787.05         3553.84         4379.46  
    0.031       355.48          2233.86        2806.91         3556.95         4350.30  
    0.038       355.76          2204.83        2833.07         3608.79         4390.76  
    0.044       361.66          2206.75        2835.85         3650.39         4408.63  
    0.050       365.57          2212.33        2850.05         3670.99         4390.11  
    0.056       367.50          2216.18        2851.25         3674.54         4429.04  
    0.062       368.71          2216.07        2846.34         3627.78         4450.07  
    0.069       368.54          2208.45        2808.05         3566.10         4396.54  
    0.075       368.14          2219.07        2792.99         3555.00         4364.08  
    0.081       369.65          2204.15        2775.00         3567.30         4361.10  
    0.088       371.56          2210.37        2746.57         3558.28         4328.65  
    0.094       372.11          2237.22        2773.50         3587.97         4132.56  
    0.100       372.38          2245.21        2799.97         3635.89         4169.48  
    0.106       373.10          2243.79        2788.77         3667.66         4197.83  
    0.113       372.80          2241.93        2783.49         3687.44         4189.76  
    0.119       374.98          2245.93        2790.49         3684.97         4245.04  
    0.125       375.50          2261.31        2814.80         3618.34         4196.52  
    0.131       373.65          2263.09        2811.46         3541.36         4167.33  
    0.138       372.71          2254.28        2789.43         3455.14         4109.24  
    0.144       374.11          2246.62        2790.15         3482.64         4146.81  
    0.150       375.84          2257.73        2792.67         3564.27         4195.16  
    0.156       374.71          2254.57        2790.88         3593.72         4166.45  
    0.163       373.93          2245.25        2752.67         3580.25         4078.71  
    0.169       374.52          2239.58        2741.42         3527.81         4026.98  
    0.175       374.24          2237.83        2771.34         3507.89         4086.67  
    0.181       373.96          2229.81        2789.24         3507.46         4067.29  
    0.188       374.13          2226.44        2781.05         3564.64         3835.31  
    0.194       372.98          2233.01        2765.82         3472.67         3863.11  
    0.200       370.69          2234.83        2744.30         3304.61         4066.38  
    0.206       369.29          2253.88        2755.14         3351.89         4141.61  
    0.213       366.61          2276.65        2774.21         3407.04         4153.46  
    0.219       363.82          2302.43        2789.85         3464.16         4172.45  
    0.225       360.76          2299.54        2795.26         3517.74         4186.87  
    0.231       355.35          2286.67        2789.46         3539.01         4151.23  
    0.238       348.80          2281.20        2790.86         3537.49         4219.28  
    0.244       346.65          2277.91        2797.07         3458.16         4239.38  
    0.250       347.62          2263.46        2794.28         3467.25         4204.64  
    0.256       347.59          2252.87        2792.97         3479.32         4269.85  
    0.263       345.12          2246.42        2800.53         3493.96         4310.64  
    0.269       342.22          2251.58        2815.48         3479.32         4330.33  
    0.275       339.45          2285.93        2812.93         3498.03         4336.38  
    0.281       333.13          2306.15        2798.83         3526.45         4263.16  
    0.288       325.88          2321.17        2801.24         3568.64         4146.70  
    0.294       322.17          2313.99        2817.76         3596.86         4203.55  
    0.300       316.52          2337.13        2799.68         3583.82         4235.31  
    0.306       308.63          2339.99        2781.95         3621.05         4167.20  
    0.312       307.55          2301.86        2773.35         3616.47         4277.55  
    0.319       310.27          2278.87        2781.58         3588.31         4390.71  
    0.325       311.46          2336.02        2791.94         3560.64         4401.53  
    0.331       308.16          2353.24        2777.09         3502.58         4339.82  
    0.338       297.45          2342.16        2757.49         3512.86         4310.81  
    