0.025       369.33          2069.15        2912.53         3466.67         5500.00  
    0.031       147.65          1053.39        2479.04         3229.39         4397.41  
    0.038       0          378.92        2216.23         3075.98         3644.88  
    0.044       0          377.74        2188.61         3057.59         3557.76  
    0.050       0          377.73        2143.67         3090.39         3556.82  
    0.056       0          380.46        2139.92         3080.08         3595.00  
    0.062       0          382.94        2115.60         3023.00         3581.69  
    0.069       230.66          1415.95        2537.54         3265.29         4728.59  
    0.075       382.63          2063.86        2721.24         3401.19         5500.00  
    0.081       383.44          2077.56        2747.75         3392.84         5500.00  
    0.088       385.61          2131.21        2914.68         3493.96         5500.00  
    0.094       384.54          2124.55        2932.84         3502.31         5500.00  
    0.100       385.64          2105.37        2893.21         3479.07         5500.00  
    0.106       389.94          2105.84        2902.51         3490.58         5500.00  
    0.113       393.29          2105.54        2911.66         3472.19         5500.00  
    0.119       395.03          2123.52        2956.02         3484.28         5500.00  
    0.125       394.77          2140.42        3003.28         3499.60         5500.00  
    0.131       394.74          2130.56        2974.77         3514.36         5500.00  
    0.138       392.70          2132.84        2930.95         3505.95         5500.00  
    0.144       391.33          2151.38        2957.68         3505.58         5500.00  
    0.150       391.57          2149.30        2942.35         3524.30         5500.00  
    0.156       392.52          2146.99        2903.18         3550.83         5500.00  
    0.163       396.36          2169.39        2938.00         3563.86         5500.00  
    0.169       402.11          2183.92        3002.57         3656.46         5500.00  
    0.175       406.08          2177.66        3023.84         3656.25         5500.00  
    0.181       407.10          2167.80        3010.21         3583.82         5500.00  
    0.188       406.21          2164.74        2970.29         3533.46         5500.00  
    0.194       406.12          2172.35        3017.21         3537.91         5500.00  
    0.200       407.40          2182.70        3095.10         3566.06         5500.00  
    0.206       409.18          2186.54        3114.02         3583.15         5500.00  
    0.213       409.68          2184.10        3082.17         3649.96         5500.00  
    0.219       407.94          2181.08        3002.33         3626.69         5500.00  
    0.225       406.26          2165.94        2805.28         3567.32         5500.00  
    0.231       406.47          2070.05        2689.54         3566.43         5500.00  
    0.238       407.55          1961.95        2647.37         3567.80         5461.97  
    0.244       408.12          1943.93        2633.41         3582.27         5474.67  
    0.250       408.53          2108.71        2579.53         3615.65         5500.00  
    0.256       411.17          2233.39        2605.55         3606.64         5500.00  
    0.263       416.03          2138.56        2649.19         3565.75         5500.00  
    0.269       420.04          2050.16        2673.97         3560.65         5500.00  
    0.275       420.92          1955.48        2709.92         3609.55         5500.00  
    0.281       420.41          1880.40        2716.42         3668.68         5500.00  
    0.288       419.84          1897.23        2709.29         3686.85         5500.00  
    0.294       420.07          1969.10        2714.11         3652.81         5500.00  
    0.300       420.95          2008.85        2722.28         3622.98         5500.00  
    0.306       425.61          2072.55        2751.26         3689.76         5500.00  
    0.312       436.24          2139.46        2829.87         3752.89         5500.00  
    0.319       450.17          2142.92        2818.11         3751.27         5500.00  
    0.325       458.26          2122.04        2754.36         3759.13         5500.00  
    0.331       452.45          2077.93        2705.39         3750.25         5426.55  
    0.338       444.95          2012.36        2684.37         3759.67         5354.93  
    0.344       454.02          2016.88        2705.44         3781.51         5355.32  
    0.350       476.34          2050.44        2741.19         3776.24         5446.29  
    0.356       487.18          2044.99        2759.28         3810.53         5500.00  
    0.363       488.88          2017.79        2754.81         3828.16         5500.00  
    0.369       490.49          1991.19        2707.87         3831.96         5500.00  
    0.375       488.95          1985.12        2672.85         3850.93         5500.00  
    0.381       488.85          1987.95        2691.59         3874.83         5500.00  
    0.388       493.61          1987.17        2746.73         3839.24         5393.65  
    0.394       498.58          2032.90        2776.23         3800.46         5402.50  
    0.400       508.84          2111.73        2747.86         3721.24         5432.23  
    0.406       511.19          2160.44        2715.30         3721.20         5466.70  
    0.413       476.10          2089.17        2791.94         3793.46         5500.00  
    0.419       420.39          2030.69        2879.92         3838.46         5500.00  
    0.425       361.49          2017.77        2881.27         4196.15         5500.00  
    0.431       335.82          1982.75        2851.81         4460.05         5500.00  
    0.438       133.87          1002.76        2373.29         3570.81         4930.52  
    0.444       0          434.13        2058.04         2943.11         4498.03  
    0.450       0          464.87        1855.25         2789.60         4494.61  
    0.456       0          441.39        1761.32         2721.54         4433.47  
    