0.025       0          427.95        2244.49         2865.28         3379.41  
    0.031       0          421.18        2259.35         2883.94         3377.40  
    0.038       0          413.32        2353.61         2837.53         3226.88  
    0.044       0          404.61        2300.16         2790.28         3316.07  
    0.050       0          403.93        2222.74         2782.89         3362.84  
    0.056       0          408.10        2215.11         2800.98         3354.38  
    0.062       0          410.40        2263.97         2817.39         3215.49  
    0.069       0          414.95        2548.83         2644.48         2879.50  
    0.075       0          417.15        2626.42         2761.30         2888.00  
    0.081       0          415.70        2511.41         2684.47         3024.22  
    0.088       391.31          1795.01        2755.21         3116.66         5371.26  
    0.094       413.29          1845.16        2809.84         3181.53         5500.00  
    0.100       414.26          1869.67        2809.15         3181.22         5500.00  
    0.106       417.09          1826.53        2769.25         3155.12         5500.00  
    0.113       417.92          1938.47        2741.57         3143.30         5500.00  
    0.119       417.10          2014.24        2756.76         3170.19         5500.00  
    0.125       415.25          1991.13        2783.12         3181.50         5500.00  
    0.131       414.01          2037.57        2900.52         3213.46         5500.00  
    0.138       413.08          2008.21        2928.93         3225.38         5500.00  
    0.144       412.58          1990.17        2878.89         3232.28         5500.00  
    0.150       21.52          494.58        2047.98         2885.62         3374.86  
    0.156       0          413.25        2006.43         2860.67         3276.58  
    0.163       392.77          1931.39        2828.50         3268.30         5384.09  
    0.169       415.35          2014.89        2860.80         3206.51         5500.00  
    0.175       417.72          2005.31        2854.46         3188.14         5500.00  
    0.181       421.16          2010.18        2956.55         3172.61         5500.00  
    0.188       423.37          2011.46        2887.81         3098.04         5500.00  
    0.194       421.84          2001.75        2574.84         3205.79         5211.93  
    0.200       420.82          1999.35        2641.17         3209.08         5484.15  
    0.206       417.63          1985.72        2731.20         3257.66         5500.00  
    0.213       414.27          1969.13        2747.73         3283.51         5500.00  
    0.219       411.44          1933.44        2742.76         3282.03         5500.00  
    0.225       408.31          1872.40        2718.37         3241.90         5500.00  
    0.231       413.07          1850.10        2654.70         3185.45         5500.00  
    0.238       416.71          1819.11        2507.64         3193.31         5500.00  
    0.244       415.52          1825.99        2334.19         3155.75         5500.00  
    0.250       417.21          1450.38        2385.50         3212.65         5500.00  
    0.256       449.81          1450.27        2372.23         3254.18         5133.41  
    0.263       480.36          1889.15        2570.46         3160.91         5007.14  
    0.269       452.37          2184.42        2383.51         2938.24         5473.99  
    0.275       433.34          2155.19        2198.81         2922.67         5182.11  
    0.281       428.56          2090.70        2703.03         2952.74         5482.51  
    0.288       461.27          2088.70        2732.34         3065.29         5500.00  
    0.294       473.96          2054.66        2803.05         3099.94         5500.00  
    0.300       449.41          1985.54        2750.42         3221.33         5500.00  
    0.306       436.68          1990.22        2806.19         3264.64         5500.00  
    0.312       446.49          2012.56        2846.43         3238.81         5500.00  
    