0.025       340.99          2626.60        2893.06         4005.61         4858.57  
    0.031       337.91          2630.71        2902.47         4058.28         4879.30  
    0.038       336.50          2638.19        2987.71         4072.24         5020.56  
    0.044       334.72          2629.32        3027.15         3989.39         4961.96  
    0.050       332.61          2627.10        2974.94         3938.89         4928.04  
    0.056       331.98          2608.73        2918.65         3930.53         4872.98  
    0.062       333.73          2578.39        3055.78         3936.42         4948.44  
    0.069       333.20          2534.82        3222.25         3922.12         4955.42  
    0.075       332.32          2526.71        3176.70         3871.75         4911.46  
    0.081       332.68          2556.64        3133.23         3854.16         4859.19  
    0.088       334.59          2556.40        3100.79         3851.47         4780.24  
    0.094       335.29          2524.03        3093.06         3864.19         4793.85  
    0.100       334.15          2489.66        3118.64         3915.29         4773.22  
    0.106       333.12          2451.13        3101.16         3950.16         4765.26  
    0.113       332.57          2429.38        3084.66         3964.32         4783.73  
    0.119       331.20          2421.67        3039.35         3981.81         4811.00  
    0.125       330.54          2413.34        3011.33         3983.45         4820.57  
    0.131       328.77          2406.86        3028.26         3955.97         4817.91  
    0.138       326.34          2416.23        3072.95         3900.46         4863.02  
    0.144       325.60          2450.06        3116.49         3861.63         4896.27  
    0.150       326.02          2473.75        3129.72         3839.84         4895.74  
    0.156       325.13          2495.72        3155.01         3867.35         4910.20  
    0.163       322.89          2505.71        3087.57         3916.81         4899.74  
    0.169       323.46          2495.05        2988.27         3976.29         4867.56  
    0.175       324.48          2478.50        2983.00         4001.00         4848.42  
    0.181       323.22          2489.69        3025.86         3984.58         4881.68  
    0.188       320.03          2487.30        3037.77         4002.05         4948.77  
    0.194       319.76          2479.14        3069.01         4005.18         4978.49  
    0.200       319.99          2465.44        3043.29         4021.14         4940.57  
    0.206       319.32          2459.20        2995.79         3989.58         4874.02  
    0.213       321.56          2461.91        2990.20         3942.70         4845.53  
    0.219       323.08          2490.49        3028.45         3936.06         4829.92  
    0.225       323.27          2557.87        3103.47         3925.19         4867.76  
    0.231       323.08          2600.42        3102.18         3919.99         4951.60  
    0.238       323.90          2644.65        3182.74         3928.73         4986.53  
    0.244       323.70          2681.74        3413.14         3891.29         4950.99  
    0.250       322.57          2659.63        3404.56         3924.85         4926.54  
    0.256       322.61          2577.87        3286.83         3995.81         4886.62  
    0.263       323.26          2536.18        3081.60         4036.43         4838.00  
    0.269       324.93          2566.90        3026.80         4040.61         4839.89  
    0.275       328.11          2589.00        3014.61         4021.26         4855.86  
    0.281       331.37          2557.93        2967.29         3976.94         4864.56  
    0.288       333.29          2564.49        2933.60         3941.03         4901.20  
    0.294       335.55          2532.53        2870.43         3944.27         4922.70  
    0.300       336.24          2355.80        2837.39         3998.54         4948.44  
    0.306       336.74          2332.48        2877.72         4020.95         4949.46  
    0.312       338.20          2467.95        2970.27         3983.96         4890.38  
    0.319       339.15          2505.76        2942.46         3990.73         4925.20  
    0.325       341.71          2512.47        2925.06         3977.64         4923.13  
    0.331       347.30          2530.96        2952.91         3967.22         4865.99  
    0.338       367.47          2562.22        2803.17         3949.93         4872.63  
    0.344       405.78          2580.42        2687.28         3987.73         4919.57  
    0.350       437.53          2484.50        2704.59         4011.08         4974.56  
    0.356       459.87          2439.74        2728.26         4010.05         5001.83  
    0.363       471.19          2415.14        2741.08         4113.30         5006.70  
    0.369       480.60          2395.45        2743.30         4053.56         4989.71  
    