0.025       0          260.97        2151.33         3153.89         4016.35  
    0.031       0          748.04        2187.64         3137.68         3972.25  
    0.038       0          540.17        2161.23         3157.50         3857.48  
    0.044       0          411.72        2092.29         3129.40         3918.67  
    0.050       0          397.88        2088.25         3115.14         3943.44  
    0.056       323.07          1769.23        2859.29         3655.79         5224.59  
    0.062       394.61          2069.33        3014.89         3697.39         5500.00  
    0.069       393.71          2092.87        2975.47         3582.22         5500.00  
    0.075       392.80          2105.93        2916.33         3591.96         5500.00  
    0.081       395.37          2121.71        2948.95         3705.00         5500.00  
    0.088       393.27          2107.79        2978.24         3729.61         5500.00  
    0.094       394.66          2097.00        2974.85         3690.46         5500.00  
    0.100       399.52          2093.11        2985.61         3664.99         5500.00  
    0.106       403.21          2100.08        2960.58         3595.75         5500.00  
    0.113       403.59          2114.34        2976.35         3602.45         5500.00  
    0.119       402.38          2126.23        2995.01         3613.51         5500.00  
    0.125       404.47          2122.43        2994.01         3636.93         5500.00  
    0.131       403.83          2117.56        2958.64         3612.97         5500.00  
    0.138       404.11          2141.52        2987.25         3622.13         5500.00  
    0.144       406.74          2143.60        2981.41         3614.88         5500.00  
    0.150       409.27          2138.74        2950.72         3607.53         5500.00  
    0.156       413.42          2146.82        2954.21         3630.45         5500.00  
    0.163       420.62          2164.08        3029.66         3705.52         5500.00  
    0.169       426.15          2162.21        3043.81         3750.83         5500.00  
    0.175       428.33          2157.68        3024.29         3682.71         5500.00  
    0.181       425.28          2148.48        2985.86         3629.59         5500.00  
    0.188       423.95          2144.28        2973.89         3623.05         5500.00  
    0.194       423.53          2158.77        3010.49         3661.22         5500.00  
    0.200       426.68          2166.45        3030.82         3663.54         5500.00  
    0.206       429.15          2169.09        3063.00         3686.76         5500.00  
    0.213       429.68          2167.68        3132.17         3677.55         5500.00  
    0.219       425.13          2157.28        2879.22         3608.33         5500.00  
    0.225       424.12          2119.94        2775.47         3606.15         5500.00  
    0.231       428.00          2103.47        2650.83         3597.15         5500.00  
    0.238       429.41          2090.12        2594.46         3611.70         5500.00  
    0.244       428.06          2127.18        2615.21         3665.12         5500.00  
    0.250       431.08          2172.78        2683.62         3689.89         5500.00  
    0.256       441.39          2149.77        2660.83         3633.98         5500.00  
    0.263       451.53          2114.45        2684.87         3612.07         5500.00  
    0.269       455.30          2046.10        2734.59         3666.67         5500.00  
    0.275       452.41          1953.15        2724.98         3718.81         5500.00  
    0.281       449.33          1947.59        2717.53         3740.48         5500.00  
    0.288       445.99          1990.10        2714.64         3716.57         5479.76  
    0.294       444.59          2013.87        2737.73         3691.57         5431.40  
    0.300       448.13          2048.45        2749.39         3738.30         5431.99  
    0.306       461.49          2109.08        2813.21         3800.64         5488.34  
    0.312       480.71          2111.02        2784.47         3813.90         5500.00  
    0.319       492.80          2090.88        2724.69         3842.06         5454.60  
    0.325       487.48          2079.03        2702.11         3817.08         5359.69  
    0.331       476.13          2043.09        2694.19         3821.12         5331.93  
    0.338       482.78          2030.39        2710.43         3861.07         5319.11  
    0.344       508.86          2054.38        2753.73         3883.86         5358.42  
    0.350       520.75          2053.84        2764.87         3897.34         5366.09  
    0.356       519.10          2030.08        2756.65         3919.36         5356.47  
    0.363       517.74          2008.10        2722.96         3920.58         5384.36  
    0.369       518.25          1992.35        2675.14         3918.72         5409.88  
    0.375       524.01          1986.90        2665.21         3945.07         5395.68  
    0.381       539.57          1983.47        2709.68         3930.62         5317.78  
    0.388       561.32          1998.68        2701.78         3934.43         5323.33  
    0.394       585.92          2054.89        2633.14         3918.68         5339.79  
    0.400       594.10          2107.38        2605.08         3898.04         5340.11  
    0.406       558.14          2048.52        2639.94         3967.04         5349.58  
    0.413       490.58          1960.46        2675.69         4035.59         5380.24  
    0.419       392.76          1962.64        2642.81         4216.43         5479.88  
    0.425       333.22          1891.94        2579.53         4317.35         5500.00  
    0.431       340.50          1869.01        2618.72         4391.19         5500.00  
    0.438       60.92          698.76        2089.00         2932.22         4662.23  
    0.444       0          478.80        1814.95         2627.18         4527.13  
    