0.025       437.07          2032.12        2705.20         3744.24         3989.44  
    0.031       439.21          2052.62        2662.17         3668.35         3965.50  
    0.038       444.77          2065.29        2701.72         3671.17         3930.98  
    0.044       451.14          2065.55        2741.47         3675.60         4014.65  
    0.050       458.68          2058.92        2747.14         3731.29         3999.00  
    0.056       463.44          2066.53        2733.30         3757.31         4129.30  
    0.062       467.18          2068.39        2712.32         3761.94         4197.72  
    0.069       474.24          2048.36        2676.04         3718.58         4043.51  
    0.075       475.97          2069.46        2704.06         3784.34         4208.46  
    0.081       476.75          2085.03        2746.29         3778.19         4592.78  
    0.088       476.99          2084.53        2744.84         3755.33         4480.81  
    0.094       485.35          2063.05        2728.02         3757.55         4313.52  
    0.100       486.58          2057.93        2718.55         3750.49         4210.25  
    0.106       482.19          2089.85        2752.91         3752.98         4306.72  
    0.113       490.41          2089.41        2748.82         3786.10         4269.01  
    0.119       492.92          2093.89        2736.97         3785.51         4327.97  
    0.125       486.99          2102.32        2745.80         3723.33         4612.75  
    0.131       482.55          2096.67        2743.69         3690.95         4793.45  
    0.138       480.09          2082.98        2721.29         3700.46         4794.78  
    0.144       484.12          2074.11        2703.25         3704.70         4656.64  
    0.150       492.12          2074.95        2700.83         3735.81         4507.60  
    0.156       490.42          2073.60        2707.04         3764.06         4292.35  
    0.163       486.33          2079.70        2743.48         3729.24         4311.92  
    0.169       488.24          2063.05        2752.51         3729.15         4476.69  
    0.175       491.29          2047.30        2755.27         3772.78         4457.66  
    0.181       490.91          2064.07        2749.17         3803.46         4401.79  
    0.188       483.53          2077.62        2748.54         3781.00         4505.94  
    0.194       479.48          2076.83        2757.35         3797.49         4588.99  
    0.200       484.09          2078.43        2757.28         3825.92         4573.96  
    0.206       486.99          2075.06        2756.62         3809.42         4505.99  
    0.213       479.54          2065.27        2743.21         3791.88         4215.85  
    0.219       474.77          2063.55        2723.33         3771.39         4069.20  
    0.225       476.87          2075.71        2725.06         3744.10         4257.78  
    0.231       482.17          2078.97        2723.19         3739.74         4285.36  
    0.238       484.97          2082.15        2732.89         3727.04         4319.21  
    0.244       486.68          2083.66        2727.22         3721.69         4269.76  
    0.250       484.08          2077.19        2715.61         3748.05         4083.25  
    0.256       479.61          2076.30        2706.96         3723.68         3991.60  
    0.263       473.20          2072.81        2701.69         3660.99         4011.76  
    0.269       467.05          2071.23        2716.08         3658.32         4048.29  
    0.275       464.00          2068.27        2697.70         3628.13         4013.93  
    0.281       470.64          2065.92        2691.92         3593.61         3954.35  
    0.288       472.81          2071.57        2689.32         3600.21         3922.72  
    0.294       473.84          2075.19        2685.63         3644.41         3972.66  
    0.300       477.58          2073.08        2684.74         3692.71         4048.87  
    0.306       480.64          2065.13        2672.69         3677.01         4040.96  
    0.312       479.89          2065.72        2697.79         3698.47         4014.81  
    0.319       482.44          2073.25        2772.21         3790.92         3920.45  
    0.325       474.05          2088.25        2778.37         3723.90         3963.88  
    0.331       461.84          2105.06        2730.86         3656.30         3984.18  
    0.338       453.80          2071.18        2699.66         3605.21         4001.04  
    