0.025       540.61          2124.14        2713.69         3327.02         4381.90  
    0.031       543.40          2114.28        2691.65         3312.33         4437.23  
    0.038       534.33          2113.38        2677.31         3312.99         4455.84  
    0.044       520.26          2113.09        2690.88         3328.95         4373.06  
    0.050       513.01          2107.84        2690.27         3346.33         4317.91  
    0.056       508.54          2117.23        2675.50         3382.08         4349.39  
    0.062       505.06          2129.98        2678.68         3486.23         4391.34  
    0.069       512.29          2125.58        2672.50         3400.30         4414.86  
    0.075       542.82          2137.04        2679.34         3341.94         4432.05  
    0.081       554.43          2150.06        2679.06         3410.53         4435.88  
    0.088       552.99          2150.97        2665.53         3424.76         4320.50  
    0.094       551.95          2155.13        2665.47         3403.04         4209.16  
    0.100       551.22          2158.79        2665.77         3389.78         4191.44  
    0.106       553.48          2157.80        2660.79         3394.73         4305.64  
    0.113       551.33          2157.28        2652.13         3394.46         4441.15  
    0.119       548.65          2160.70        2652.44         3384.87         4482.90  
    0.125       546.39          2162.90        2657.35         3371.86         4482.67  
    0.131       543.26          2162.96        2657.91         3357.91         4472.21  
    0.138       541.48          2163.43        2655.58         3357.28         4469.36  
    0.144       543.28          2158.85        2650.24         3360.89         4465.33  
    0.150       543.40          2157.26        2654.63         3365.53         4462.55  
    0.156       541.76          2162.00        2661.05         3364.23         4470.93  
    0.163       539.49          2173.42        2667.35         3376.66         4485.46  
    0.169       537.77          2180.88        2662.06         3409.44         4501.02  
    0.175       535.17          2172.98        2649.90         3441.51         4493.58  
    0.181       528.84          2155.54        2658.06         3440.15         4476.18  
    0.188       521.29          2167.07        2663.66         3427.21         4469.08  
    0.194       512.62          2190.02        2650.38         3441.57         4443.99  
    0.200       505.68          2192.91        2656.10         3482.08         4395.58  
    0.206       499.56          2180.71        2658.81         3495.82         4316.28  
    0.213       492.54          2180.72        2645.83         3494.17         4229.62  
    0.219       487.22          2192.12        2636.25         3505.42         4057.68  
    0.225       481.92          2179.41        2627.87         3512.57         3948.73  
    0.231       473.14          2163.74        2616.30         3514.32         3946.53  
    0.238       460.83          2159.19        2608.16         3487.81         3961.76  
    0.244       454.66          2149.76        2601.35         3475.02         3983.92  
    