0.025       383.97          2051.14        2756.20         3589.42         4332.23  
    0.031       331.73          2050.11        2774.77         3623.97         4177.22  
    0.038       73.09          474.10        2212.87         2986.36         3763.32  
    0.044       0          0        2039.92         2789.49         3633.18  
    0.050       0          0        2027.69         2801.32         3642.20  
    0.056       0          0        2016.07         2821.38         3666.15  
    0.062       0          0        2021.47         2799.80         3665.28  
    0.069       0          0        2025.69         2808.27         3609.63  
    0.075       0          0        2031.71         2809.32         3559.40  
    0.081       0          0        2036.95         2806.28         3566.99  
    0.088       0          1564.98        2638.53         3411.70         3613.86  
    0.094       0          2028.06        2551.16         3016.88         3639.91  
    0.100       0          2001.60        2583.89         2829.59         3627.75  
    0.106       0          461.28        2147.81         2807.88         3575.00  
    0.113       0          0        2009.80         2820.94         3588.08  
    0.119       0          0        2005.29         2797.87         3549.77  
    0.125       0          0        2002.79         2762.66         3466.16  
    0.131       0          0        2003.29         2742.23         3387.45  
    0.138       0          0        2006.20         2749.76         3452.40  
    0.144       0          1534.48        2593.41         3362.09         3571.88  
    0.150       0          1990.42        2765.20         3253.21         3612.52  
    0.156       0          1983.18        2761.53         3273.86         3585.50  
    0.163       0          1988.15        2771.86         3458.22         3917.72  
    0.169       0          460.31        2176.22         2934.64         3612.93  
    0.175       0          1535.24        2588.24         3386.14         3665.45  
    0.181       0          461.93        2178.31         2951.41         3589.29  
    0.188       0          0        2003.40         2750.90         3482.75  
    0.194       0          0        2005.99         2727.65         3373.48  
    0.200       0          0        2015.19         2716.77         3372.63  
    0.206       0          0        2020.84         2722.92         3408.00  
    0.213       0          0        2025.73         2711.12         3422.74  
    0.219       0          0        2029.74         2700.03         3398.01  
    0.225       0          0        2033.23         2694.70         3388.61  
    0.231       0          0        2036.33         2692.90         3411.64  
    0.238       0          0        2040.04         2697.63         3442.98  
    0.244       0          0        2032.85         2700.22         3435.28  
    0.250       0          0        2024.68         2702.47         3463.05  
    0.256       0          1550.38        2548.94         3311.00         3553.15  
    0.263       0          2007.08        2693.47         3548.70         3861.07  
    0.269       0          1992.26        2668.22         3480.86         4550.66  
    0.275       0          459.97        2146.35         2858.93         3791.31  
    0.281       0          0        1994.60         2676.69         3546.16  
    0.288       0          0        2006.58         2682.67         3574.75  
    0.294       0          0        2025.06         2674.18         3607.87  
    0.300       0          0        2046.54         2652.70         3606.00  
    0.306       73.23          1573.35        2498.64         3345.32         4385.09  
    0.312       231.26          2025.28        2620.38         3559.66         4600.30  
    0.319       307.75          2005.22        2634.35         3617.84         4634.70  
    0.325       355.39          2008.64        2643.53         3645.70         4619.64  
    