0.025       451.01          2415.52        2772.79         3169.14         4072.32  
    0.031       450.24          2417.04        2779.50         3219.41         4042.63  
    0.038       443.64          2427.07        2789.22         3054.78         4051.00  
    0.044       437.36          2418.85        2725.16         3064.69         4059.93  
    0.050       440.64          2375.93        2704.82         3106.03         4073.54  
    0.056       447.01          2418.01        2752.05         3152.05         4044.77  
    0.062       449.20          2445.02        2781.68         3180.80         4116.81  
    0.069       449.26          2465.12        2805.14         3226.13         4145.01  
    0.075       456.49          2452.57        2805.53         3246.37         4072.11  
    0.081       462.55          2433.20        2782.92         3224.64         3986.40  
    0.088       466.26          2421.68        2768.22         3211.12         4015.94  
    0.094       463.69          2423.10        2764.56         3222.63         4045.52  
    0.100       466.26          2421.16        2753.83         3213.23         4027.41  
    0.106       468.14          2421.80        2752.54         3209.89         4007.46  
    0.113       465.51          2427.45        2756.37         3211.12         4025.53  
    0.119       460.42          2449.28        2778.62         3239.26         4012.12  
    0.125       459.76          2450.85        2775.25         3245.46         3936.99  
    0.131       455.75          2439.43        2759.45         3239.25         3904.79  
    0.138       452.31          2428.43        2752.74         3254.76         3890.20  
    0.144       448.78          2421.62        2755.85         3289.65         3939.09  
    0.150       444.07          2417.87        2749.64         3324.72         4008.36  
    0.156       439.11          2413.81        2741.12         3334.91         4022.94  
    0.163       436.65          2402.56        2746.44         3336.27         4018.10  
    0.169       436.51          2400.24        2754.17         3361.24         4003.70  
    0.175       437.52          2410.15        2749.44         3428.08         4000.27  
    0.181       429.94          2416.98        2738.97         3454.57         3973.73  
    