0.025       331.11          2465.22        2864.86         4288.70         5027.07  
    0.031       329.30          2464.31        2864.56         4285.63         4944.22  
    0.038       128.50          1164.13        2565.61         3979.38         4531.00  
    0.044       0          327.44        2421.57         3745.55         4283.51  
    0.050       198.81          1655.06        3126.98         4046.48         5019.62  
    0.056       327.53          2485.42        3383.41         4241.98         5500.00  
    0.062       328.65          2465.81        3099.76         4234.26         4905.86  
    0.069       329.72          2442.66        3001.87         4235.46         4550.81  
    0.075       329.53          2361.62        3177.52         4251.20         4698.78  
    0.081       329.06          2334.36        3333.88         4257.45         5077.84  
    0.088       330.62          2361.58        3398.48         4286.56         5409.08  
    0.094       333.28          2343.10        3496.25         4323.46         5500.00  
    0.100       333.63          2313.18        3515.43         4308.56         5500.00  
    0.106       334.30          2281.79        3515.77         4313.10         5298.97  
    0.113       336.08          2230.69        3528.82         4335.31         5370.60  
    0.119       335.91          2207.49        3521.30         4324.81         5500.00  
    0.125       335.78          2216.04        3518.71         4317.68         5500.00  
    0.131       336.31          2245.33        3500.75         4320.84         5500.00  
    0.138       335.44          2257.19        3503.56         4339.33         5500.00  
    0.144       333.24          2244.49        3513.13         4362.73         5500.00  
    0.150       333.01          2244.64        3599.54         4364.61         5500.00  
    0.156       334.92          2246.75        3643.83         4377.79         5500.00  
    0.163       334.05          2237.73        3466.80         4363.69         5500.00  
    0.169       331.34          2228.72        3382.60         4299.92         5500.00  
    0.175       331.54          2217.35        3552.98         4297.07         5500.00  
    0.181       332.70          2210.15        3658.36         4302.35         5500.00  
    0.188       331.55          2212.11        3509.76         4312.81         5257.90  
    0.194       330.17          2207.56        3131.78         4320.53         5008.72  
    0.200       330.49          2205.58        3149.48         4307.99         5284.08  
    0.206       331.23          2205.61        3423.97         4292.02         5500.00  
    0.213       330.83          2206.20        3389.40         4286.13         5500.00  
    0.219       331.22          2205.22        3451.06         4294.70         5500.00  
    0.225       129.91          1065.61        2717.85         3925.43         4763.50  
    0.231       0          334.23        2167.41         3685.17         4274.70  
    0.238       204.39          1447.02        3097.20         4001.45         5016.45  
    0.244       336.60          2183.50        3725.12         4196.10         5500.00  
    0.250       337.48          2193.11        3738.56         4176.60         5500.00  
    0.256       336.60          2172.29        3475.74         4076.74         5500.00  
    0.263       337.33          2158.17        3498.23         4049.10         5500.00  
    0.269       339.46          2174.84        3656.34         4159.57         5500.00  
    0.275       341.35          2185.89        3408.07         3997.17         4869.05  
    0.281       344.85          2184.83        3571.38         3847.75         4426.31  
    0.288       135.75          1067.60        2818.48         3798.47         4348.24  
    0.294       214.43          1446.82        3124.35         4041.97         5035.21  
    0.300       356.78          2132.90        3721.83         4101.99         4750.28  
    0.306       363.78          2136.41        3710.82         3848.15         4271.54  
    0.312       372.84          2141.16        3689.25         3960.48         5019.89  
    0.319       147.61          1076.43        2762.25         3853.05         4648.55  
    0.325       0          394.27        2257.40         3704.48         4095.53  
    0.331       0          391.49        2326.07         3729.00         4111.40  
    