0.025       384.97          2053.07        2772.55         3545.97         4886.13  
    0.031       384.38          2059.26        2796.60         3585.69         4968.90  
    0.038       382.31          2058.76        2810.72         3614.67         5035.77  
    0.044       375.74          2057.24        2809.78         3604.05         4994.87  
    0.050       355.16          2049.32        2826.86         3606.94         4920.00  
    0.056       333.26          2031.11        2854.72         3642.90         5112.78  
    0.062       329.84          2030.13        2832.71         3646.60         4808.41  
    0.069       329.83          2033.71        2836.62         3598.37         4751.78  
    0.075       329.35          2038.85        2839.79         3551.47         4835.09  
    0.081       327.47          2045.10        2831.26         3538.08         4849.77  
    0.088       319.08          2045.32        2831.16         3577.44         4858.58  
    0.094       318.30          2042.74        2834.50         3612.24         5088.65  
    0.100       311.76          2027.63        2825.88         3585.00         5227.22  
    0.106       315.32          2020.16        2812.30         3515.63         4876.75  
    0.113       315.68          2027.39        2838.40         3522.91         4817.88  
    0.119       316.57          2025.06        2820.13         3494.42         4842.52  
    0.125       317.30          2025.35        2793.62         3452.23         4737.23  
    0.131       317.69          2024.37        2774.70         3420.73         4641.03  
    0.138       319.38          2028.31        2771.77         3436.35         4741.44  
    0.144       315.35          2021.54        2790.10         3525.23         4780.01  
    0.150       306.97          2013.89        2796.02         3568.22         4839.39  
    0.156       307.83          2008.78        2791.92         3542.07         4843.88  
    0.163       319.63          2006.70        2797.96         3501.46         4712.32  
    0.169       330.67          2007.73        2794.93         3480.68         4604.80  
    0.175       334.72          2008.23        2792.08         3504.87         4609.76  
    0.181       335.80          2009.93        2796.37         3523.32         4738.62  
    0.188       340.52          2011.23        2788.93         3505.54         4786.09  
    0.194       345.74          2010.43        2760.70         3418.51         4782.60  
    0.200       347.49          2018.05        2742.40         3399.72         4867.16  
    0.206       351.90          2024.99        2750.12         3437.11         4864.40  
    0.213       359.27          2030.27        2746.31         3460.46         4828.59  
    0.219       364.28          2035.54        2733.86         3427.93         4789.78  
    0.225       363.24          2041.23        2725.54         3413.26         4700.19  
    0.231       363.65          2045.30        2715.50         3427.23         4646.60  
    0.238       363.33          2052.07        2719.53         3455.95         4820.27  
    0.244       359.07          2054.15        2727.94         3460.40         4894.20  
    0.250       357.66          2048.92        2729.79         3460.45         4765.66  
    0.256       354.06          2049.25        2740.90         3520.10         4880.36  
    0.263       348.31          2047.25        2745.48         3551.45         5074.57  
    0.269       345.66          2035.32        2734.61         3526.77         4945.26  
    0.275       350.25          2019.57        2724.08         3522.41         4940.20  
    0.281       357.06          2005.82        2701.55         3541.64         5014.82  
    0.288       360.47          2009.87        2699.52         3560.19         4974.89  
    0.294       365.10          2027.37        2703.99         3593.38         4954.45  
    0.300       367.48          2050.91        2684.85         3615.06         4809.06  
    0.306       369.15          2062.99        2663.37         3578.85         4799.50  
    0.312       373.72          2038.30        2635.31         3553.36         4767.40  
    0.319       378.75          2011.21        2640.56         3599.77         4748.58  
    0.325       384.24          2007.78        2653.78         3636.43         4734.20  
    0.331       394.76          2022.36        2628.37         3661.19         4682.10  
    0.338       396.59          2029.75        2606.82         3687.91         4673.25  
    0.344       376.46          2056.73        2603.65         3703.66         4654.55  
    