0.025       433.67          2146.97        2843.82         4440.72         4969.88  
    0.031       432.45          2145.57        2843.14         4405.27         5110.24  
    0.038       430.05          2141.14        2742.46         4383.68         4950.97  
    0.044       428.11          2135.96        2672.56         4384.09         4798.44  
    0.050       427.07          2137.74        2669.45         4394.97         4655.84  
    0.056       428.43          2145.33        2698.87         4391.87         4633.50  
    0.062       431.12          2153.25        2753.71         4416.15         4631.99  
    0.069       434.20          2162.92        2817.71         4405.24         4730.09  
    0.075       438.47          2172.40        2863.54         4393.17         4681.45  
    0.081       444.33          2185.30        2927.47         4383.75         4630.26  
    0.088       450.86          2197.46        2983.72         4395.43         4710.76  
    0.094       455.73          2206.05        2873.72         4372.53         4822.61  
    0.100       462.35          2165.58        2617.19         4343.78         4826.52  
    0.106       467.15          2076.87        2491.41         4347.74         4821.31  
    0.113       473.44          2126.77        2555.67         4359.96         4833.63  
    0.119       482.04          2170.81        2743.95         4374.60         5333.84  
    0.125       483.33          2199.00        2769.48         4440.29         5500.00  
    0.131       489.51          2174.28        2689.45         4554.25         5109.75  
    0.138       496.40          2161.75        2646.07         4564.02         5016.19  
    0.144       496.27          2172.92        2614.21         4500.27         5381.78  
    0.150       499.45          2172.82        2629.58         4531.55         5500.00  
    0.156       502.05          2162.85        2658.35         4596.23         5500.00  
    0.163       503.57          2147.47        2692.13         4640.27         5199.37  
    0.169       506.56          2138.08        2767.59         4504.19         5025.35  
    0.175       510.25          2116.08        2848.63         4382.42         4969.52  
    0.181       512.74          2091.53        2864.09         4301.76         4882.55  
    0.188       512.86          2069.16        2777.71         4187.03         4842.44  
    0.194       508.58          2048.36        2671.30         4127.08         4859.58  
    0.200       508.31          2053.70        2676.54         4135.70         4852.56  
    0.206       508.11          2049.57        2689.26         4169.91         4772.37  
    0.213       508.12          2044.41        2737.56         4165.18         4662.05  
    0.219       509.17          2040.82        2790.50         4052.41         4589.24  
    0.225       510.82          2055.10        2840.86         4025.32         4538.76  
    0.231       512.16          2058.92        2749.57         3992.24         4638.15  
    0.238       512.11          2048.57        2652.02         4000.93         4733.14  
    0.244       511.77          2048.38        2644.70         4029.00         4761.96  
    0.250       510.97          2056.81        2665.47         4071.36         4771.65  
    0.256       510.22          2068.37        2672.24         4087.49         4920.95  
    0.263       509.96          2083.35        2684.18         4107.66         5037.53  
    0.269       510.68          2084.48        2667.21         4118.78         4861.31  
    0.275       512.13          2084.77        2663.50         4153.96         4799.99  
    0.281       511.66          2086.52        2645.42         4262.41         4750.79  
    0.288       511.17          2073.55        2618.77         4323.28         4724.41  
    0.294       509.52          2060.38        2609.04         4298.48         4791.70  
    0.300       506.90          2077.73        2604.03         4282.48         4801.52  
    0.306       505.00          2096.35        2613.96         4298.75         4756.50  
    0.312       502.43          2110.55        2648.78         4321.99         4771.53  
    0.319       500.85          2123.29        2671.48         4328.69         4753.47  
    0.325       501.59          2120.02        2586.47         4304.84         4713.24  
    0.331       503.48          2176.19        2393.49         4296.73         4549.94  
    0.338       506.19          2176.99        2549.70         4272.05         4393.16  
    0.344       127.13          921.91        2273.67         3314.16         4344.69  
    0.350       364.56          1768.06        2375.97         3969.38         4762.30  
    0.356       473.73          2219.74        2496.94         4274.64         4760.72  
    0.363       462.51          2226.45        2549.33         4264.50         4711.81  
    0.369       459.44          2199.87        2619.99         4290.44         4745.35  
    0.375       450.01          2199.61        2604.68         4291.05         4769.53  
    0.381       441.87          2221.59        2631.38         4307.08         4838.36  
    0.388       438.72          2221.01        2701.43         4349.96         4828.89  
    0.394       444.08          2225.37        2713.09         4377.64         4781.62  
    0.400       442.72          2219.33        2795.12         4413.65         4832.84  
    0.406       433.26          2218.75        2833.75         4447.12         5040.92  
    0.413       441.02          2209.96        2806.41         4490.43         5400.55  
    0.419       447.68          2191.17        2778.51         4542.55         5290.89  
    0.425       440.81          2188.67        2742.85         4552.06         5134.98  
    0.431       422.48          2187.18        2768.33         4589.00         5401.24  
    0.438       407.78          2177.38        2960.46         4653.56         5500.00  
    0.444       401.87          2156.82        3041.79         4675.85         5500.00  
    0.450       418.85          2139.74        3094.26         4713.76         5500.00  
    0.456       418.37          2125.93        3124.18         4712.92         4910.05  
    0.463       405.15          2110.94        3067.19         4507.98         4725.58  
    0.469       404.70          2096.78        3097.93         4527.39         4741.90  
    0.475       412.22          2088.43        3078.57         4639.28         4753.67  
    0.481       420.97          2079.27        3146.37         4741.90         5313.48  
    0.488       427.49          2061.14        3152.83         4104.87         4929.17  
    0.494       424.00          2049.47        3099.30         4527.04         5308.92  
    0.500       411.84          2037.16        3061.92         4741.60         5500.00  
    0.506       391.75          2049.14        3067.67         4730.72         5500.00  
    0.513       373.69          2067.40        3046.59         4717.55         5500.00  
    0.519       92.67          792.62        2309.42         3408.96         4904.61  
    0.525       0          363.72        2055.89         3143.58         4688.16  
    0.531       0          370.29        2054.87         3178.45         4676.61  
    0.537       279.77          1668.06        2850.67         3882.99         4658.45  
    