0.025       0          347.00        2451.91         3744.53         4397.39  
    0.031       345.12          2354.64        3060.39         4270.58         5287.38  
    0.038       344.94          2392.54        2996.64         4292.43         5268.15  
    0.044       334.56          2666.37        2803.47         4268.61         5494.77  
    0.050       331.31          2623.98        2791.54         4166.96         5059.28  
    0.056       328.81          2555.30        3040.61         4182.27         5489.88  
    0.062       7.38          378.98        2370.31         3829.23         4381.15  
    0.069       0          328.30        2401.94         3790.10         4330.33  
    0.075       0          326.99        2443.47         3729.19         4257.11  
    0.081       0          328.11        2411.74         3629.41         4187.16  
    0.088       0          329.53        2425.92         3494.79         4189.84  
    0.094       323.14          2388.50        3356.03         4154.14         5470.59  
    0.100       7.42          376.69        2328.10         3587.22         4238.35  
    0.106       0          329.00        2312.73         3630.83         4194.62  
    0.113       0          331.16        2355.78         3620.37         4278.04  
    0.119       0          333.78        2314.44         3639.05         4306.76  
    0.125       324.31          2252.76        3620.84         4126.02         5473.23  
    0.131       333.53          2292.91        3678.34         4136.02         5500.00  
    0.138       7.49          379.79        2275.62         3583.95         4281.10  
    0.144       0          334.34        2235.22         3536.08         4222.05  
    0.150       0          334.73        2250.50         3511.06         4246.31  
    0.156       0          334.91        2288.44         3533.33         4227.04  
    0.163       0          333.94        2293.85         3577.79         4289.84  
    0.169       0          331.87        2299.95         3635.31         4343.35  
    0.175       0          332.95        2300.47         3688.59         4337.76  
    0.181       0          334.99        2290.86         3639.68         4330.40  
    0.188       324.57          2225.91        3383.33         4176.20         5473.74  
    0.194       328.85          2249.89        3332.52         3992.88         5500.00  
    0.200       7.38          373.70        2260.39         3706.13         4304.21  
    0.206       0          331.56        2229.48         3741.63         4264.12  
    0.213       321.75          2196.26        3655.06         4199.49         5472.25  
    0.219       328.42          2224.14        3167.88         4244.05         5500.00  
    0.225       328.87          2226.49        3497.98         4209.51         5500.00  
    0.231       328.27          2224.38        3629.07         4199.35         5500.00  
    0.238       327.29          2237.90        3596.83         4182.46         5500.00  
    0.244       7.35          370.74        2271.40         3762.43         4265.28  
    0.250       0          329.11        2252.84         3740.46         4286.42  
    0.256       0          332.25        2291.04         3749.25         4366.52  
    0.263       325.87          2258.53        3260.92         3812.91         5061.94  
    0.269       334.92          2329.24        3351.72         3833.58         5070.51  
    0.275       7.52          382.57        2381.45         3844.88         4331.61  
    0.281       328.26          2279.00        2744.49         3902.74         5473.39  
    0.288       337.94          2282.74        3580.44         3900.88         5500.00  
    0.294       7.59          384.35        2345.17         3811.44         4145.34  
    0.300       334.72          2232.88        2844.71         3870.60         4786.87  
    0.306       347.16          2240.43        3483.62         3870.33         4648.76  
    0.312       7.80          392.13        2272.38         3770.62         4319.19  
    0.319       0          352.79        2277.34         3725.53         4194.70  
    0.325       0          360.26        2303.12         3689.86         4141.07  
    0.331       0          367.14        2379.82         3721.01         4136.21  
    0.338       0          379.09        2279.56         3688.24         4131.23  
    0.344       0          399.51        2262.74         3688.31         4117.61  
    0.350       0          405.70        2424.60         3715.98         4060.49  
    0.356       0          401.06        2437.29         3752.29         4108.23  
    