0.025       517.09          2145.10        2734.79         3335.12         4430.13  
    0.031       514.09          2119.78        2704.36         3325.72         4512.89  
    0.038       509.81          2121.56        2694.99         3326.45         4603.81  
    0.044       504.79          2121.89        2715.65         3348.30         4602.44  
    0.050       500.10          2114.74        2735.20         3378.91         4562.00  
    0.056       496.53          2118.20        2697.42         3386.26         4535.22  
    0.062       496.40          2128.56        2678.12         3466.03         4495.43  
    0.069       499.48          2137.52        2699.41         3441.79         4526.38  
    0.075       506.66          2137.46        2689.92         3340.04         4619.20  
    0.081       513.47          2154.62        2696.69         3420.05         4604.03  
    0.088       518.16          2154.30        2682.21         3453.68         4568.15  
    0.094       519.47          2162.27        2690.95         3442.06         4429.28  
    0.100       514.23          2164.65        2685.33         3409.35         4422.82  
    0.106       514.99          2164.61        2680.34         3410.26         4518.34  
    0.113       513.97          2155.11        2657.66         3385.83         4583.54  
    0.119       513.60          2159.61        2656.09         3376.00         4569.04  
    0.125       510.76          2161.37        2662.61         3362.47         4551.05  
    0.131       509.71          2160.51        2661.64         3340.36         4530.04  
    0.138       509.61          2162.62        2665.18         3340.87         4513.60  
    0.144       512.68          2157.17        2651.99         3340.32         4534.15  
    0.150       514.75          2146.80        2651.05         3342.87         4493.40  
    0.156       516.72          2151.32        2655.37         3341.13         4490.43  
    0.163       513.00          2156.64        2660.70         3349.67         4484.05  
    0.169       504.98          2171.63        2660.09         3382.69         4519.57  
    0.175       500.52          2171.20        2645.27         3431.70         4525.71  
    0.181       494.88          2151.84        2653.96         3439.70         4509.40  
    0.188       491.55          2148.61        2660.61         3410.40         4521.68  
    0.194       484.42          2173.74        2635.86         3418.30         4513.61  
    0.200       479.54          2190.42        2642.89         3469.50         4481.06  
    0.206       479.98          2178.82        2653.45         3490.69         4428.47  
    0.213       476.31          2172.17        2644.42         3487.31         4345.34  
    0.219       478.66          2205.76        2642.30         3514.69         4216.35  
    0.225       479.08          2206.58        2664.02         3581.53         4121.25  
    0.231       472.24          2181.17        2645.95         3586.43         4191.37  
    0.238       463.12          2193.56        2668.09         3610.96         4118.45  
    0.244       454.60          2197.83        2656.95         3627.10         4021.63  
    0.250       450.72          2169.63        2609.03         3558.98         3991.69  
    0.256       442.29          2153.52        2576.56         3552.20         4041.33  
    0.263       433.49          2192.33        2511.73         3391.03         4083.60  
    0.269       429.63          2129.51        2462.77         3549.95         4078.27  
    0.275       419.39          2071.89        2534.49         3774.20         4140.34  
    