0.025       0          465.81        2128.37         3167.35         3989.88  
    0.031       0          467.43        2190.44         3168.34         4027.66  
    0.038       0          469.47        2207.97         3131.34         4042.25  
    0.044       0          475.15        2197.52         3107.38         4006.99  
    0.050       0          481.40        2231.06         3105.47         3937.17  
    0.056       0          486.61        2224.31         3153.48         3921.46  
    0.062       0          487.11        2195.10         3216.05         3973.16  
    0.069       0          479.48        2177.77         3291.88         4053.07  
    0.075       0          476.30        2174.08         3351.47         4089.23  
    0.081       0          481.01        2172.51         3333.50         4134.97  
    0.088       0          485.31        2157.75         3347.90         4168.76  
    0.094       0          481.58        2139.57         3328.34         4124.94  
    0.100       0          478.62        2138.32         3325.46         4095.42  
    0.106       0          479.95        2138.86         3285.27         4164.27  
    0.113       0          484.24        2137.52         3180.43         4185.41  
    0.119       0          483.97        2140.21         3140.05         4177.81  
    0.125       0          481.73        2147.26         3124.79         4138.44  
    0.131       0          479.95        2135.55         3124.44         4094.14  
    0.138       0          478.16        2123.09         3149.54         4129.60  
    0.144       0          478.41        2133.34         3217.26         4146.23  
    0.150       0          479.23        2150.82         3286.90         4133.86  
    0.156       0          480.03        2155.07         3138.93         4076.29  
    0.163       0          478.38        2152.88         3059.75         4059.64  
    0.169       0          475.54        2151.35         3048.38         4074.26  
    0.175       0          471.73        2146.68         3016.61         4065.99  
    0.181       0          468.20        2144.23         3007.38         4077.32  
    0.188       311.54          1618.91        2355.96         3074.12         4159.79  
    0.194       151.36          1022.08        2257.78         3094.23         4144.34  
    0.200       0          457.82        2157.54         3098.94         4079.64  
    0.206       306.15          1597.47        2272.86         3099.71         4168.80  
    0.213       448.50          2159.96        2275.82         3148.22         4220.31  
    0.219       438.48          2160.97        2306.64         3167.13         4263.94  
    0.225       142.28          994.52        2206.07         3108.41         4219.36  
    0.231       0          421.89        2143.21         3120.20         4195.76  
    0.238       280.01          1584.69        2497.39         3241.79         4232.95  
    0.244       136.04          987.78        2317.96         3269.15         4237.57  
    0.250       0          426.51        2135.19         3208.33         4110.49  
    0.256       0          429.79        2125.36         3186.41         3990.83  
    0.263       0          428.22        2116.39         3133.43         3932.92  
    0.269       0          428.16        2103.46         3094.36         3961.41  
    0.275       0          433.97        2101.43         3099.21         3989.22  
    0.281       0          434.56        2096.09         3104.83         4000.37  
    0.288       0          432.07        2093.87         3116.70         4018.29  
    0.294       292.89          1554.29        2807.18         3767.95         5017.76  
    0.300       436.97          2103.93        2884.68         3467.57         4570.82  
    0.306       433.43          2115.84        2540.82         3205.92         4129.32  
    0.312       141.02          990.04        2229.40         3176.22         4114.04  
    0.319       0          442.09        2127.28         3146.44         4048.94  
    0.325       298.07          1575.99        2740.14         3192.66         4033.88  
    0.331       442.94          2118.76        2947.07         3267.38         4091.83  
    0.338       444.51          2116.18        2781.34         3307.26         4181.37  
    0.344       447.30          2126.98        2837.83         3287.94         4175.99  
    0.350       449.58          2115.27        2867.88         3291.58         4157.54  
    0.356       452.64          2078.85        3063.99         3223.70         4167.95  
    0.363       457.37          2081.86        3106.14         3157.20         4152.18  
    0.369       462.76          2111.61        2862.58         3120.99         4132.08  
    0.375       466.42          2130.43        2502.52         3122.16         4175.37  
    0.381       152.81          1015.76        2185.69         3090.54         4117.70  
    0.388       0          475.43        2092.90         3062.73         3987.56  
    