0.025       435.18          2143.74        2794.64         4407.23         4939.02  
    0.031       433.67          2141.57        2767.18         4385.79         4920.62  
    0.038       430.79          2134.30        2646.01         4368.20         4849.98  
    0.044       429.09          2126.40        2583.02         4370.43         4777.46  
    0.050       429.35          2133.63        2615.66         4378.86         4624.48  
    0.056       432.37          2144.85        2688.51         4383.89         4605.23  
    0.062       436.14          2154.81        2780.18         4423.09         4595.52  
    0.069       439.76          2164.26        2853.78         4404.61         4710.33  
    0.075       443.43          2173.84        2855.65         4385.43         4677.85  
    0.081       448.49          2186.94        2906.26         4383.42         4638.14  
    0.088       453.57          2198.35        2924.80         4385.90         4633.23  
    0.094       457.36          2199.89        2734.72         4335.51         4764.88  
    0.100       464.86          2062.75        2523.50         4315.58         4802.30  
    0.106       469.55          2005.65        2444.31         4335.05         4715.24  
    0.113       478.07          2121.31        2537.46         4299.55         4775.89  
    0.119       486.07          2167.05        2708.23         4345.91         5111.30  
    0.125       485.58          2184.16        2694.65         4429.39         5032.10  
    0.131       494.18          2160.92        2641.90         4442.61         4896.82  
    0.138       499.48          2156.15        2598.86         4412.72         4871.93  
    0.144       499.68          2154.19        2516.80         4436.66         4726.99  
    0.150       503.93          2148.75        2508.34         4545.78         4598.70  
    0.156       505.07          2137.99        2527.11         4592.51         4700.09  
    0.163       506.65          2129.34        2575.98         4528.02         4771.79  
    0.169       511.25          2128.20        2697.96         4378.31         4899.11  
    0.175       515.29          2108.24        2807.84         4325.67         4896.91  
    0.181       517.21          2085.77        2829.79         4272.10         4862.88  
    0.188       514.05          2059.54        2711.47         4167.93         4843.27  
    0.194       510.04          2038.33        2622.58         4155.58         4864.56  
    0.200       509.93          2040.61        2636.63         4178.97         4846.53  
    0.206       509.24          2035.74        2654.88         4192.99         4715.25  
    0.213       509.40          2035.21        2717.76         4170.84         4634.04  
    0.219       510.58          2032.21        2744.90         4086.45         4560.63  
    0.225       512.36          2047.46        2746.82         4066.86         4542.65  
    0.231       513.60          2049.67        2665.21         4037.14         4657.52  
    0.238       513.47          2040.80        2595.53         4041.21         4742.94  
    0.244       513.37          2043.76        2602.93         4051.11         4743.47  
    0.250       512.45          2052.50        2615.24         4080.10         4740.23  
    0.256       512.15          2063.39        2617.38         4087.76         4827.53  
    0.263       512.45          2067.27        2601.96         4109.12         4804.11  
    0.269       513.57          2066.39        2593.11         4129.64         4780.99  
    0.275       515.17          2067.03        2593.44         4169.36         4791.13  
    0.281       514.71          2068.71        2587.58         4262.92         4750.77  
    0.288       514.76          2057.00        2580.46         4299.87         4760.78  
    0.294       513.16          2051.31        2580.79         4281.79         4815.71  
    0.300       510.58          2077.30        2583.12         4273.53         4804.52  
    0.306       508.48          2095.26        2603.67         4280.52         4758.03  
    0.312       505.61          2104.69        2627.52         4298.13         4765.51  
    0.319       503.85          2105.24        2605.61         4291.27         4775.66  
    0.325       503.95          2043.94        2437.04         4252.52         4808.64  
    0.331       504.30          1949.96        2302.10         4214.00         4715.46  
    0.338       505.68          2119.21        2206.81         4294.60         4466.28  
    0.344       500.51          2159.15        2767.97         4331.55         5321.09  
    0.350       485.21          2176.15        2514.11         4280.80         4926.09  
    0.356       470.02          2221.85        2476.82         4257.08         4713.30  
    0.363       462.47          2222.19        2555.83         4265.12         4706.36  
    0.369       459.17          2193.46        2623.76         4291.79         4747.59  
    0.375       449.74          2210.89        2615.98         4289.65         4779.91  
    0.381       452.46          2223.36        2658.07         4313.21         4835.36  
    0.388       474.74          2219.32        2709.23         4356.18         4790.40  
    0.394       495.24          2224.30        2709.14         4375.69         4766.94  
    0.400       500.13          2215.54        2780.06         4411.01         4836.54  
    0.406       491.65          2217.03        2818.60         4439.90         4913.15  
    0.413       495.53          2204.27        2791.85         4484.47         5106.50  
    0.419       485.68          2187.52        2771.22         4524.89         4997.73  
    0.425       478.83          2188.45        2774.73         4531.44         4998.54  
    0.431       467.67          2181.45        2794.75         4578.44         5058.85  
    0.438       457.13          2169.69        2980.23         4651.22         5143.58  
    0.444       453.65          2150.59        3051.87         4671.93         5023.56  
    0.450       460.92          2134.96        3098.15         4604.82         4799.19  
    0.456       453.56          2121.43        3102.16         4470.41         4728.97  
    0.463       443.79          2105.52        3054.35         4416.01         4736.37  
    0.469       439.17          2091.46        3108.05         4497.59         4746.55  
    0.475       440.44          2082.70        3015.66         4500.84         4762.10  
    0.481       440.76          2071.79        3033.70         4349.31         4759.64  
    0.488       441.38          2050.75        3010.63         4059.67         4737.93  
    0.494       435.92          2036.17        2821.98         4268.36         4742.99  
    0.500       425.98          2018.21        2714.92         4518.05         4744.33  
    0.506       415.24          2032.96        2705.92         4511.57         4730.54  
    