0.025       359.24          2249.27        2791.77         3482.34         4413.38  
    0.031       361.12          2246.74        2791.14         3458.69         4338.43  
    0.038       358.65          2201.64        2818.67         3494.00         4326.95  
    0.044       362.61          2195.02        2833.54         3485.09         4417.17  
    0.050       368.59          2208.34        2839.01         3520.04         4413.42  
    0.056       370.90          2212.25        2835.27         3506.86         4396.59  
    0.062       372.59          2200.94        2779.05         3440.30         4422.21  
    0.069       373.30          2207.76        2807.66         3363.95         4408.85  
    0.075       372.62          2226.31        2725.86         3352.95         4296.86  
    0.081       374.50          2112.11        2649.08         3339.51         4353.89  
    0.088       376.43          2014.00        2617.64         3401.82         4315.35  
    0.094       378.57          2384.29        2539.39         3321.00         4006.54  
    0.100       377.64          2353.53        2846.74         3467.01         3829.12  
    0.106       377.72          2283.68        2845.02         3519.50         4054.37  
    0.113       377.36          2264.41        2808.32         3518.94         3996.82  
    0.119       378.36          2264.24        2807.24         3596.42         4045.44  
    0.125       381.33          2269.09        2820.82         3558.79         4138.43  
    0.131       378.57          2282.58        2821.67         3435.30         4122.16  
    0.138       377.22          2270.05        2803.21         3393.12         4048.81  
    0.144       378.05          2249.44        2800.36         3342.72         4074.49  
    0.150       380.47          2250.43        2791.89         3447.80         4153.65  
    0.156       380.36          2259.06        2793.07         3526.46         4147.05  
    0.163       379.21          2252.55        2783.03         3505.01         4021.66  
    0.169       381.22          2253.64        2791.68         3471.76         3846.37  
    0.175       381.75          2250.32        2803.55         3364.51         3945.88  
    0.181       380.61          2239.49        2831.79         3351.56         4032.80  
    0.188       380.62          2233.64        2831.37         3711.14         3750.51  
    0.194       379.25          2253.82        2821.30         3652.68         3808.66  
    0.200       375.61          2254.53        2791.25         3349.49         3873.54  
    0.206       372.36          2255.69        2767.40         3173.49         4080.99  
    0.213       370.18          2290.25        2787.38         3308.72         4046.76  
    0.219       367.16          2322.12        2806.24         3369.96         4083.86  
    0.225       365.66          2339.76        2816.18         3398.09         4097.98  
    0.231       362.54          2303.99        2831.10         3686.65         3935.26  
    0.238       355.66          2284.29        2806.03         3615.20         4269.35  
    0.244       352.14          2285.70        2823.03         3538.05         4460.93  
    0.250       352.49          2275.36        2826.56         3500.10         4424.96  
    0.256       351.73          2259.00        2816.22         3502.08         4365.57  
    0.263       349.82          2248.42        2807.69         3480.01         4355.54  
    0.269       346.94          2242.42        2825.87         3407.86         4327.81  
    0.275       346.23          2258.23        2823.50         3402.82         4352.78  
    0.281       344.01          2300.34        2800.27         3421.72         4301.30  
    0.288       337.42          2312.36        2795.50         3522.55         4103.21  
    0.294       335.55          2344.94        2815.71         3467.59         3991.48  
    0.300       332.16          2338.75        2794.65         3498.19         4123.01  
    0.306       324.14          2333.18        2775.54         3483.60         4153.25  
    0.312       317.71          2303.62        2770.85         3578.86         4098.74  
    0.319       317.52          2246.27        2745.69         3487.22         4326.35  
    0.325       318.95          2254.50        2723.21         3421.95         4407.01  
    0.331       315.80          2352.49        2751.40         3389.52         4387.49  
    0.338       309.21          2351.69        2757.76         3416.63         4437.32  
    0.344       305.35          2322.46        2741.69         3459.28         4416.32  
    0.350       299.24          2344.92        2741.46         3385.44         4331.95  
    0.356       282.12          2420.42        2593.06         3199.57         4435.70  
    0.363       251.17          2226.88        2676.10         3283.36         4454.97  
    0.369       211.40          2403.20        2796.26         3515.91         4402.48  
    