0.025       360.32          2280.96        2734.99         4137.89         5024.75  
    0.031       356.37          2271.66        2740.16         4133.11         5039.65  
    0.038       353.71          2278.60        2761.53         4114.36         5033.23  
    0.044       356.64          2282.45        2778.19         4050.50         5000.48  
    0.050       361.48          2277.97        2787.92         3980.05         4981.16  
    0.056       361.95          2263.67        2775.35         3941.01         4960.47  
    0.062       359.96          2255.22        2751.64         3956.94         4958.43  
    0.069       362.65          2262.21        2697.15         3968.25         4991.43  
    0.075       365.36          2260.58        2666.89         3949.51         5020.11  
    0.081       367.60          2249.44        2669.33         3934.18         5024.76  
    0.088       369.56          2227.95        2703.32         3949.33         5011.87  
    0.094       369.77          2226.91        2727.46         4080.77         4989.61  
    0.100       368.83          2234.76        2774.88         4317.59         4960.36  
    0.106       369.55          2237.11        2775.62         4231.57         4958.02  
    0.113       370.81          2227.26        2747.84         4077.89         4953.89  
    0.119       370.71          2244.66        2663.05         4009.61         4955.00  
    0.125       371.01          2249.98        2677.03         3942.63         4937.84  
    0.131       370.67          2232.93        2717.11         3862.51         4907.53  
    0.138       371.54          2224.89        2672.32         3821.81         4909.91  
    0.144       374.22          2230.98        2681.48         3826.31         4913.64  
    0.150       376.04          2235.18        2719.89         3837.45         4882.83  
    0.156       376.91          2236.63        2716.56         3943.63         4801.75  
    0.163       378.96          2246.44        2726.87         3929.11         4866.05  
    0.169       380.84          2258.81        2710.71         3810.49         4955.45  
    0.175       382.33          2254.16        2690.75         3821.29         4948.99  
    0.181       384.57          2252.06        2709.58         3909.46         5111.41  
    0.188       385.68          2259.40        2713.63         3975.46         5127.58  
    0.194       386.35          2264.47        2732.45         4002.18         5323.46  
    0.200       388.35          2262.22        2755.45         4010.93         5500.00  
    0.206       390.82          2259.44        2748.54         4012.24         5500.00  
    0.213       391.31          2267.77        2709.33         3997.51         5500.00  
    0.219       389.79          2275.89        2681.80         3967.77         5437.55  
    0.225       387.93          2269.59        2683.93         3900.10         5099.30  
    0.231       386.74          2257.83        2698.88         3897.71         4898.92  
    0.238       384.98          2244.84        2738.96         3958.66         4951.83  
    0.244       381.92          2231.59        2741.85         3931.29         4885.92  
    0.250       380.05          2223.73        2731.86         3875.73         4811.14  
    0.256       379.92          2226.20        2737.61         3855.45         4825.79  
    0.263       378.52          2228.12        2738.68         3878.75         4885.96  
    0.269       376.64          2228.01        2758.25         3889.08         4924.55  
    0.275       374.70          2226.20        2771.89         3822.33         4913.56  
    0.281       374.42          2225.58        2769.84         3765.57         4909.61  
    0.288       376.01          2225.48        2785.59         3791.34         4889.69  
    0.294       378.31          2218.41        2781.46         3803.19         4849.35  
    0.300       378.69          2211.06        2740.89         3766.19         4813.38  
    0.306       376.45          2214.58        2720.89         3774.78         4781.44  
    0.312       374.48          2227.83        2716.67         3796.50         4756.44  
    0.319       373.05          2232.53        2702.67         3789.64         4734.95  
    