0.025       110.15          2251.49        2504.72         3957.46         4548.38  
    0.031       145.58          2254.83        2547.41         4014.81         4511.52  
    0.038       193.14          2254.73        2585.56         4080.75         4341.70  
    0.044       169.70          2295.52        2597.66         4053.92         4408.13  
    0.050       208.13          2318.31        2609.63         4018.54         4546.04  
    0.056       303.83          2290.82        2594.67         3981.65         4396.45  
    0.062       331.05          2260.13        2572.10         3952.45         4211.50  
    0.069       321.03          2256.38        2584.24         3943.72         4352.52  
    0.075       317.49          2258.00        2587.89         3943.13         4558.89  
    0.081       327.38          2291.63        2592.54         3916.40         4588.97  
    0.088       343.55          2318.10        2611.55         3951.48         4602.34  
    0.094       363.00          2291.55        2619.25         3995.82         4512.57  
    0.100       378.67          2252.02        2614.99         3976.25         4514.10  
    0.106       378.46          2260.53        2609.54         3954.04         4594.13  
    0.113       371.47          2294.76        2611.71         3955.64         4538.75  
    0.119       372.26          2316.57        2612.77         3959.83         4685.42  
    0.125       373.12          2294.16        2583.26         3952.19         4832.37  
    0.131       372.33          2253.54        2557.14         3951.60         4577.94  
    0.138       375.49          2256.22        2562.52         3900.71         4324.60  
    0.144       382.16          2249.61        2563.91         3884.71         4418.81  
    0.150       387.17          2240.66        2550.33         3948.63         4828.63  
    0.156       388.31          2271.09        2533.27         3996.04         5312.26  
    0.163       391.77          2254.01        2572.74         4008.34         5500.00  
    0.169       393.56          2247.59        2631.01         4031.04         5029.77  
    0.175       389.42          2285.24        2663.54         4032.16         4633.82  
    0.181       389.51          2316.93        2617.18         3957.66         4445.90  
    0.188       396.39          2315.17        2569.18         3898.12         4255.45  
    0.194       398.26          2321.59        2587.03         3976.37         4132.71  
    0.200       392.11          2305.41        2646.33         3947.96         4089.07  
    0.206       390.60          2297.71        2668.31         3851.03         4219.76  
    0.213       387.44          2299.86        2628.13         3826.70         4350.85  
    0.219       368.55          2284.64        2584.82         3883.71         4253.68  
    0.225       353.47          2271.62        2580.77         3926.94         4126.67  
    0.231       345.72          2262.70        2586.84         3895.50         4137.14  
    0.238       325.09          2261.18        2576.79         3888.72         4169.19  
    0.244       315.46          2253.85        2573.51         3897.93         4238.41  
    0.250       332.62          2251.56        2583.06         3901.20         4455.04  
    0.256       354.68          2268.40        2594.80         3933.98         4489.94  
    0.263       364.47          2271.47        2559.92         3980.10         4242.86  
    0.269       372.90          2247.30        2523.25         3973.32         4925.15  
    