0.025       367.87          2125.54        2692.64         3674.51         5246.19  
    0.031       370.76          2130.88        2720.64         3756.08         5311.58  
    0.038       377.45          2134.78        2700.90         3748.41         5459.90  
    0.044       378.45          2131.76        2717.42         3755.26         5497.58  
    0.050       378.74          2149.31        2728.77         3743.16         5279.28  
    0.056       380.07          2153.74        2747.65         3749.56         5117.83  
    0.062       385.97          2162.31        2746.97         3758.38         5122.99  
    0.069       392.36          2187.08        2742.51         3807.15         5192.25  
    0.075       403.18          2185.14        2787.72         3796.17         5184.86  
    0.081       409.22          2168.09        2765.98         3766.59         5199.56  
    0.088       409.33          2170.68        2775.37         3801.43         5117.38  
    0.094       403.20          2172.01        2772.51         3844.93         5036.24  
    0.100       397.99          2166.37        2730.84         3775.01         5104.97  
    0.106       394.46          2156.87        2715.85         3732.72         5073.78  
    0.113       390.93          2153.09        2731.44         3745.12         5024.61  
    0.119       389.71          2147.07        2714.33         3737.25         5091.79  
    0.125       388.88          2139.23        2692.46         3697.68         5098.98  
    0.131       383.96          2138.81        2665.26         3701.99         5056.12  
    0.138       377.63          2148.46        2645.34         3694.70         4980.67  
    0.144       372.31          2178.06        2627.43         3709.25         4956.03  
    0.150       376.54          2179.87        2656.62         3686.58         4944.52  
    0.156       381.41          2176.10        2630.22         3636.66         4958.97  
    0.163       381.39          2168.53        2622.50         3636.97         4965.26  
    0.169       381.61          2160.43        2627.78         3635.35         4995.04  
    0.175       381.01          2154.37        2614.97         3659.86         5020.05  
    0.181       381.41          2159.13        2606.57         3674.54         5004.40  
    0.188       382.76          2163.54        2615.33         3659.16         4976.99  
    0.194       387.14          2165.41        2595.34         3663.78         4968.29  
    0.200       390.85          2173.20        2613.25         3662.95         4972.28  
    0.206       392.44          2174.08        2640.29         3629.80         4958.86  
    0.213       393.72          2176.13        2641.01         3582.33         4941.27  
    0.219       395.33          2173.03        2628.67         3604.81         4956.33  
    0.225       395.12          2175.04        2607.64         3636.97         4933.02  
    0.231       393.56          2172.81        2593.06         3648.45         4931.64  
    0.238       394.17          2172.80        2599.89         3638.53         4934.41  
    0.244       393.15          2171.52        2613.60         3592.31         4906.37  
    0.250       393.42          2166.60        2608.84         3655.93         4907.59  
    0.256       396.26          2157.28        2617.08         3666.51         4920.92  
    0.263       396.77          2148.68        2620.88         3660.96         4970.31  
    0.269       397.01          2143.64        2616.75         3650.83         4979.63  
    0.275       398.90          2143.40        2622.74         3632.62         4897.02  
    0.281       399.15          2146.82        2627.33         3612.24         4884.90  
    0.288       398.82          2150.86        2627.00         3644.93         4895.13  
    0.294       398.59          2153.70        2613.10         3646.56         4908.20  
    0.300       397.43          2153.38        2599.37         3628.98         4958.71  
    0.306       395.38          2157.18        2616.87         3627.32         4950.03  
    0.312       395.46          2156.92        2625.59         3662.11         4911.62  
    0.319       395.72          2153.58        2635.50         3670.83         4886.12  
    0.325       398.03          2155.51        2621.68         3660.05         4879.41  
    0.331       399.91          2160.95        2601.23         3651.84         4885.31  
    0.338       399.96          2161.06        2578.52         3602.27         4861.83  
    0.344       403.00          2168.63        2583.15         3599.28         4912.28  
    0.350       406.36          2180.64        2587.79         3616.77         4912.09  
    0.356       411.99          2180.78        2590.01         3643.65         4922.78  
    0.363       419.01          2186.64        2578.12         3672.64         4890.67  
    0.369       425.45          2176.13        2566.99         3723.16         4885.83  
    0.375       431.25          2166.39        2571.88         3728.00         4883.83  
    0.381       433.95          2154.29        2597.67         3670.46         4853.88  
    0.388       429.42          2140.97        2607.10         3594.16         4836.25  
    0.394       417.85          2130.37        2583.99         3648.74         4928.22  
    0.400       394.98          2133.09        2559.60         3675.03         4964.84  
    0.406       386.17          2145.20        2543.91         3640.01         4947.21  
    0.413       391.79          2164.27        2552.50         3593.15         4998.89  
    