0.025       331.24          2131.98        2507.26         3666.01         4490.15  
    0.031       343.40          2133.81        2589.88         3635.69         4481.36  
    0.038       356.01          2136.91        2628.43         3631.41         4503.17  
    0.044       359.54          2143.84        2664.13         3622.47         4666.49  
    0.050       360.18          2153.09        2666.20         3616.19         4816.40  
    0.056       362.87          2176.83        2653.12         3647.91         4638.01  
    0.062       363.56          2190.67        2641.61         3662.39         4482.22  
    0.069       368.22          2189.13        2623.90         3673.79         4483.03  
    0.075       369.28          2163.13        2612.69         3684.66         4515.17  
    0.081       369.70          2135.61        2627.28         3697.36         4670.88  
    0.088       369.15          2129.76        2637.64         3706.16         4848.41  
    0.094       369.74          2136.97        2601.67         3727.32         4826.59  
    0.100       371.29          2170.24        2610.44         3709.16         4623.58  
    0.106       370.81          2198.66        2629.39         3684.25         4557.94  
    0.113       371.87          2214.41        2649.07         3695.06         4820.90  
    0.119       373.36          2209.60        2665.77         3711.91         4873.29  
    0.125       376.13          2183.67        2675.27         3789.65         4766.18  
    0.131       377.51          2187.31        2690.98         3894.79         4829.88  
    0.138       377.63          2200.60        2690.46         3830.39         5001.29  
    0.144       377.43          2199.67        2680.55         3850.00         4672.58  
    0.150       377.08          2177.97        2644.83         3741.74         4354.33  
    0.156       376.21          2162.64        2634.36         3717.49         4402.69  
    0.163       375.16          2170.10        2659.34         3833.92         4513.36  
    0.169       372.90          2172.28        2676.54         3848.66         4625.56  
    0.175       369.19          2173.60        2679.34         3794.20         4597.05  
    0.181       368.28          2162.09        2660.60         3763.97         4485.21  
    0.188       367.60          2149.73        2631.83         3759.50         4625.54  
    0.194       369.18          2141.62        2654.88         3738.77         5412.16  
    0.200       374.09          2126.31        2684.16         3722.09         5105.29  
    0.206       372.08          2115.45        2687.63         3696.82         5454.92  
    0.213       368.13          2105.91        2672.05         3682.41         5133.15  
    0.219       364.79          2108.78        2666.58         3670.44         4951.05  
    0.225       362.47          2150.45        2664.42         3695.84         5027.42  
    0.231       356.01          2183.09        2683.03         3708.22         4839.83  
    0.238       351.57          2183.01        2695.60         3755.92         4757.12  
    0.244       352.50          2174.58        2685.72         3746.83         4628.36  
    0.250       353.93          2167.07        2682.23         3785.34         4749.27  
    0.256       347.31          2166.37        2694.54         3778.54         4887.29  
    0.263       341.88          2154.61        2692.84         3728.16         4621.94  
    0.269       337.94          2139.11        2693.81         3714.48         4622.00  
    0.275       332.43          2118.94        2684.61         3702.59         4589.12  
    0.281       333.16          2115.20        2681.58         3718.74         4646.99  
    0.288       331.79          2125.62        2679.83         3760.39         4678.34  
    0.294       322.96          2142.84        2655.62         3749.13         4526.42  
    0.300       317.38          2128.29        2609.98         3605.94         4477.07  
    0.306       319.61          2113.04        2617.89         3583.83         4511.15  
    0.312       322.72          2110.93        2612.12         3634.85         4474.96  
    0.319       326.19          2103.28        2615.79         3710.85         4402.60  
    0.325       331.98          2116.93        2668.39         3801.71         4561.90  
    