0.025       434.92          2170.15        2708.40         3657.98         4037.02  
    0.031       435.97          2175.10        2713.27         3567.20         4019.52  
    0.038       439.91          2180.67        2706.34         3571.84         4007.76  
    0.044       441.15          2186.44        2764.42         3604.85         4017.82  
    0.050       441.81          2170.46        2755.70         3621.60         4027.79  
    0.056       441.83          2164.85        2708.10         3635.63         4024.99  
    0.062       442.90          2162.63        2634.59         3626.65         4040.69  
    0.069       446.58          2159.77        2646.77         3534.34         3935.46  
    0.075       451.44          2173.64        2680.57         3629.26         3808.92  
    0.081       457.38          2181.23        2706.45         3664.04         3988.25  
    0.088       463.21          2188.08        2713.17         3692.67         3953.53  
    0.094       469.42          2206.41        2742.58         3686.15         4229.65  
    0.100       475.30          2217.75        2756.69         3698.28         4403.79  
    0.106       476.90          2212.29        2770.31         3742.90         4263.57  
    0.113       477.44          2204.83        2741.97         3706.08         4129.12  
    0.119       485.20          2205.79        2726.09         3712.84         4124.40  
    0.125       490.92          2201.40        2724.22         3704.63         4275.89  
    0.131       492.46          2194.96        2714.68         3667.11         4455.30  
    0.138       496.16          2220.45        2744.11         3670.77         4508.50  
    0.144       495.08          2231.64        2792.00         3689.88         4579.29  
    0.150       503.70          2214.73        2782.18         3692.31         4740.05  
    0.156       501.99          2198.38        2760.86         3680.22         4799.02  
    0.163       499.99          2217.93        2802.17         3726.48         4828.04  
    0.169       500.12          2238.52        2828.03         3711.69         4711.91  
    0.175       506.16          2216.10        2811.11         3674.12         4685.07  
    0.181       505.88          2178.76        2816.95         3666.93         4531.26  
    0.188       506.03          2155.42        2785.38         3672.65         4491.43  
    0.194       504.43          2155.55        2760.01         3671.19         4425.89  
    0.200       493.91          2177.56        2763.68         3714.32         4390.89  
    0.206       484.55          2198.46        2746.59         3708.63         4546.18  
    0.213       482.74          2216.06        2672.70         3660.61         4234.39  
    0.219       473.44          2197.57        2730.55         3643.58         4320.86  
    0.225       472.89          2182.72        2731.47         3640.26         4184.31  
    0.231       464.13          2164.13        2777.75         3645.23         4116.68  
    0.238       458.26          2148.52        2772.71         3612.83         4062.42  
    0.244       450.46          2152.08        2723.20         3585.86         4034.35  
    0.250       444.99          2161.07        2696.65         3585.87         4008.80  
    0.256       445.48          2157.53        2678.83         3575.23         4017.65  
    0.263       457.17          2156.15        2762.51         3600.86         4019.75  
    0.269       467.78          2145.42        2797.58         3652.55         4081.88  
    0.275       457.39          2169.91        2779.66         3647.78         4084.03  
    