0.025       362.21          2524.81        2649.99         4027.35         4441.44  
    0.031       363.59          2513.32        2711.28         4040.34         4443.94  
    0.038       363.33          2489.78        2757.03         4034.00         4465.92  
    0.044       364.01          2473.34        2765.27         3981.35         4430.35  
    0.050       365.66          2464.58        2756.17         3966.49         4384.82  
    0.056       367.97          2398.04        2754.24         3933.54         4327.79  
    0.062       369.74          2349.56        2774.11         3902.01         4270.53  
    0.069       371.43          2356.96        2826.51         3903.61         4289.19  
    0.075       373.27          2358.44        2865.19         3912.12         4322.93  
    0.081       377.03          2350.94        2886.54         3894.41         4332.81  
    0.088       381.50          2352.42        2973.70         3898.29         4340.83  
    0.094       388.42          2355.31        3060.62         3935.19         4344.79  
    0.100       393.34          2357.60        3109.32         3974.88         4347.14  
    0.106       391.05          2356.18        3130.90         3987.79         4341.10  
    0.113       390.37          2359.38        3281.31         3994.45         4303.62  
    0.119       391.15          2367.36        3450.29         3963.90         4298.06  
    0.125       393.79          2371.24        3615.87         3932.93         4276.65  
    0.131       394.99          2374.81        3838.22         4031.76         4179.88  
    0.138       393.33          2375.90        3888.06         4115.22         4221.26  
    0.144       395.64          2375.89        3861.79         4079.31         4206.43  
    0.150       400.52          2376.04        3818.76         3979.06         4158.27  
    0.156       404.31          2377.19        3835.67         3929.08         4170.33  
    0.163       405.26          2381.11        3888.28         3996.07         4165.35  
    0.169       403.92          2382.72        3911.29         4107.93         4154.75  
    0.175       402.83          2383.62        3910.53         4106.89         4703.81  
    0.181       404.43          2387.16        3891.46         4092.07         5324.80  
    0.188       409.50          2389.30        3893.41         4140.49         5132.68  
    0.194       410.27          2391.46        3888.68         4032.93         4411.58  
    0.200       403.59          2398.26        3808.81         3962.87         4193.57  
    0.206       398.64          2407.25        3700.65         3917.02         4310.75  
    0.213       399.17          2414.51        3723.95         3897.86         4330.14  
    0.219       402.60          2420.90        3820.82         4073.08         4262.95  
    0.225       403.11          2436.44        3892.69         4102.74         4288.16  
    0.231       403.48          2497.35        3874.58         4027.81         4652.98  
    0.238       406.25          2517.70        3808.43         4054.57         4709.44  
    0.244       408.15          2503.81        3798.25         4096.49         5182.59  
    0.250       406.43          2494.40        3807.09         4092.50         4771.56  
    0.256       406.35          2490.27        3731.00         4005.14         4184.73  
    0.263       408.41          2482.27        3488.04         3955.46         4216.44  
    0.269       412.22          2446.94        3313.46         3930.54         4374.93  
    0.275       415.56          2415.73        3482.74         3926.73         4422.77  
    0.281       412.39          2400.07        3648.17         3946.71         4826.00  
    0.288       412.11          2399.86        3813.23         3916.38         4669.76  
    0.294       413.63          2404.52        3881.35         3909.90         4284.48  
    0.300       414.39          2425.75        3836.68         4046.03         4171.35  
    0.306       419.01          2465.41        3823.96         4077.23         4360.46  
    0.312       429.12          2488.54        3845.41         4065.62         4303.90  
    0.319       436.45          2482.47        3824.38         4097.63         4194.11  
    0.325       436.70          2435.85        3811.07         3948.77         4407.40  
    0.331       436.56          2368.51        3796.80         3914.22         4515.90  
    0.338       437.81          2340.56        3770.69         3878.42         4372.52  
    0.344       438.67          2340.89        3672.89         3886.19         4369.14  
    0.350       439.64          2358.82        3728.35         3881.79         4510.54  
    0.356       441.44          2407.92        3774.32         3947.88         4582.84  
    0.363       445.52          2443.22        3746.12         4049.83         4540.90  
    0.369       454.88          2457.01        3700.03         4057.75         5138.75  
    0.375       468.93          2425.40        3684.34         4025.15         5331.32  
    