0.025       366.85          2302.92        2872.78         4059.88         5292.24  
    0.031       369.02          2296.55        2918.19         5039.39         5475.41  
    0.038       367.32          2298.09        2895.69         5080.34         5224.99  
    0.044       366.62          2281.24        2855.18         4190.94         5229.11  
    0.050       367.48          2241.71        2749.19         4002.06         5207.02  
    0.056       366.87          2258.85        2814.27         3859.16         5140.62  
    0.062       366.29          2255.42        2842.16         3849.03         5200.04  
    0.069       369.82          2274.19        2840.77         3950.17         5465.57  
    0.075       370.40          2253.74        2828.16         3957.39         5430.57  
    0.081       369.17          2291.12        2872.33         3983.76         5490.68  
    0.088       369.71          2287.92        2879.27         3985.70         5500.00  
    0.094       371.81          2271.99        2850.81         4008.87         5500.00  
    0.100       374.17          2257.55        2819.94         4042.09         5500.00  
    0.106       375.73          2268.42        2816.66         4042.14         5500.00  
    0.113       375.87          2265.95        2820.37         3994.29         5273.05  
    0.119       375.19          2266.73        2828.62         4016.18         5239.84  
    0.125       373.99          2269.55        2841.69         4023.31         5176.71  
    0.131       374.01          2271.13        2864.67         4032.26         5198.66  
    0.138       374.93          2279.02        2880.36         4037.74         5464.81  
    0.144       374.78          2289.00        2849.52         3987.87         5500.00  
    0.150       374.94          2293.96        2840.56         3978.75         5500.00  
    0.156       377.28          2301.31        2865.45         3980.55         5500.00  
    0.163       377.45          2305.80        2878.04         3982.83         5500.00  
    0.169       378.55          2293.00        2871.42         3984.61         5500.00  
    0.175       378.78          2288.01        2859.05         3973.24         5148.77  
    0.181       378.75          2284.26        2843.78         3970.44         5088.96  
    0.188       378.64          2280.46        2834.07         3973.06         5126.86  
    0.194       377.85          2284.88        2831.25         3994.91         5254.80  
    0.200       378.40          2287.96        2842.45         3991.57         5472.93  
    0.206       381.18          2263.51        2807.45         3942.62         5217.91  
    0.213       382.11          2253.10        2785.85         3968.39         5075.33  
    0.219       381.46          2258.12        2786.97         4054.90         5097.50  
    0.225       381.70          2259.29        2799.64         4058.18         5058.49  
    0.231       381.52          2254.01        2809.47         4039.46         5023.13  
    0.238       382.74          2250.95        2817.41         4028.06         5050.04  
    0.244       384.62          2264.23        2813.96         3989.12         5074.42  
    0.250       386.22          2263.19        2818.57         3932.54         5058.58  
    0.256       387.36          2265.03        2826.20         3991.68         5184.35  
    0.263       387.07          2262.55        2828.77         4020.45         5464.68  
    0.269       386.11          2253.37        2820.94         4001.63         5500.00  
    0.275       385.85          2248.40        2812.55         3953.79         5500.00  
    0.281       386.64          2249.52        2806.69         3980.79         5367.81  
    0.288       387.32          2252.41        2805.64         3961.74         4922.47  
    0.294       389.20          2247.98        2802.46         3942.17         4795.50  
    0.300       390.84          2247.51        2804.64         3983.84         4745.05  
    0.306       390.17          2257.30        2822.07         3943.33         4744.72  
    0.312       390.58          2271.18        2839.47         3832.94         4787.14  
    0.319       391.79          2273.22        2781.45         3760.82         4800.07  
    0.325       394.32          2253.46        2754.30         3719.04         4785.58  
    0.331       398.86          2242.19        2750.17         3786.34         4774.54  
    0.338       403.77          2228.85        2728.11         3798.81         4733.40  
    