0.025       437.49          2457.08        2831.59         3694.65         4150.04  
    0.031       434.08          2447.17        2836.35         3530.41         4066.86  
    0.038       424.42          2456.26        2829.24         3740.33         4043.54  
    0.044       418.12          2485.07        2864.36         3244.25         4105.71  
    0.050       417.46          2516.65        2674.94         2962.97         4098.58  
    0.056       423.17          2443.58        2731.71         3107.49         4115.18  
    0.062       424.09          2455.57        2789.82         3178.50         4141.15  
    0.069       420.64          2470.77        2812.25         3215.98         4221.03  
    0.075       417.87          2477.99        2838.88         3280.70         4210.32  
    0.081       419.30          2453.02        2813.56         3263.12         4088.99  
    0.088       424.15          2441.18        2789.20         3227.35         4053.95  
    0.094       425.29          2431.42        2777.17         3223.37         4090.81  
    0.100       428.22          2442.56        2770.32         3227.62         4104.88  
    0.106       429.60          2424.06        2753.56         3200.08         4034.49  
    0.113       427.90          2424.33        2744.27         3188.88         4036.30  
    0.119       424.45          2447.63        2769.37         3213.15         4054.85  
    0.125       424.13          2472.41        2801.57         3263.85         4055.70  
    0.131       424.11          2462.84        2785.84         3254.77         3962.81  
    0.138       422.10          2445.80        2763.01         3246.12         3915.40  
    0.144       420.34          2435.88        2763.93         3284.09         3932.89  
    0.150       418.18          2424.32        2760.46         3318.21         4025.64  
    0.156       416.16          2421.20        2742.96         3336.91         4060.38  
    0.163       416.04          2418.24        2752.17         3354.11         4105.72  
    0.169       418.96          2402.49        2760.70         3356.32         4075.70  
    0.175       424.17          2413.37        2758.86         3419.99         4054.26  
    0.181       427.38          2423.38        2745.18         3470.13         4038.03  
    0.188       419.99          2414.87        2744.68         3517.88         4022.26  
    0.194       417.52          2403.69        2749.19         3544.61         4146.92  
    0.200       408.53          2412.55        2745.53         3642.40         4222.95  
    0.206       404.78          2393.81        2720.62         3800.41         4183.30  
    0.213       407.00          2465.16        2788.32         3811.98         4095.37  
    0.219       423.06          2499.43        2786.14         3828.84         4196.42  
    0.225       420.69          2501.50        2698.43         3846.65         4395.90  
    0.231       428.74          2495.01        2655.70         3800.60         4424.79  
    0.238       420.73          2504.17        2722.16         3853.07         4307.65  
    0.244       451.42          2565.42        2597.62         3972.51         4114.97  
    0.250       21.67          531.45        2579.18         3563.13         4064.78  
    0.256       0          416.34        2580.74         3185.63         4155.07  
    