0.025       459.35          1893.13        2783.15         3465.57         4280.98  
    0.031       473.97          1884.19        2764.20         3406.88         4321.27  
    0.038       477.84          1844.10        2659.00         3469.50         4395.59  
    0.044       476.77          1827.88        2824.93         3560.91         4226.62  
    0.050       471.87          1859.37        2952.18         3604.15         3785.70  
    0.056       44.79          607.59        2139.90         3035.06         3659.10  
    0.062       435.17          1457.83        2072.61         2967.88         3624.54  
    0.069       478.98          1761.00        2597.07         2967.89         3684.65  
    0.075       476.57          1681.95        2928.93         3019.22         3730.40  
    0.081       473.67          1657.01        2972.49         3153.15         3748.16  
    0.088       467.88          1735.48        2976.30         3173.42         3828.80  
    0.094       464.89          1791.15        3023.93         3393.74         3859.14  
    0.100       472.02          1767.04        3056.48         3579.97         3836.45  
    0.106       478.63          1749.60        3023.13         3644.59         3870.81  
    0.113       483.75          1800.49        3091.21         3440.94         3980.74  
    0.119       489.10          1817.79        3083.42         3499.30         4018.19  
    0.125       46.52          625.26        1966.43         3125.27         3916.71  
    0.131       0          505.82        1839.64         3044.13         3760.51  
    0.138       0          501.88        1830.71         3065.41         3849.60  
    0.144       0          504.30        1840.83         3087.84         3961.37  
    0.150       0          509.92        1898.24         3139.45         4045.15  
    0.156       0          511.75        1901.38         3208.27         4087.39  
    0.163       0          512.87        1868.61         3206.46         4131.39  
    0.169       0          514.23        1855.37         3235.44         4100.72  
    0.175       466.67          1285.09        1850.93         3297.40         4146.91  
    0.181       516.28          1630.99        1865.26         3312.89         4077.30  
    0.188       517.34          863.12        1879.22         3297.22         3998.00  
    0.194       517.09          811.36        1893.81         3416.33         3962.23  
    0.200       515.42          1384.87        1896.95         3623.42         4134.14  
    0.206       512.28          1448.11        1886.34         3603.53         4149.55  
    0.213       508.94          1546.98        1878.77         3393.68         4116.06  
    0.219       505.78          1560.87        1878.37         3375.27         4115.70  
    0.225       505.01          1589.49        1876.47         3373.77         4105.02  
    0.231       503.16          1602.85        1889.94         3419.60         4150.70  
    0.238       497.96          1566.78        1904.45         3556.41         4216.25  
    0.244       502.05          1732.71        1886.15         3537.67         4175.32  
    0.250       503.16          1869.67        1887.21         3141.39         4229.32  
    0.256       504.29          1888.51        2265.13         3071.08         3952.30  
    0.263       511.93          1876.83        1948.78         3057.25         4002.44  
    0.269       526.31          1874.93        2899.32         3652.23         3898.90  
    0.275       532.79          1875.05        2996.55         3618.10         3765.21  
    0.281       530.90          1862.24        2998.39         3747.97         3806.08  
    0.288       529.31          1860.81        2967.45         3833.03         3947.07  
    0.294       516.06          1865.77        2957.51         3866.27         4054.88  
    0.300       48.90          617.28        1975.84         3056.60         3925.39  
    0.306       0          469.68        1877.25         2970.92         3902.97  
    0.312       0          469.97        1868.15         2981.69         3833.42  
    0.319       0          518.80        1868.37         2936.83         3588.62  
    0.325       464.15          1744.21        2212.42         2965.70         3760.79  
    0.331       505.38          1873.95        2891.72         3216.59         3814.30  
    0.338       47.94          628.44        1987.84         2990.13         3670.16  
    0.344       450.84          1758.75        2864.12         3623.64         5324.67  
    0.350       494.53          1880.87        2947.74         3728.16         5500.00  
    0.356       509.13          1868.06        2919.92         3561.22         4324.59  
    