0.025       340.96          2099.86        2417.56         3644.14         4353.39  
    0.031       349.75          2114.48        2436.11         3633.02         4321.17  
    0.038       358.99          2130.03        2522.17         3622.35         4333.24  
    0.044       361.90          2136.74        2566.06         3604.54         4341.01  
    0.050       363.03          2145.83        2579.23         3603.71         4383.65  
    0.056       365.37          2164.23        2583.71         3632.14         4397.85  
    0.062       367.08          2175.21        2586.64         3653.62         4396.32  
    0.069       370.56          2168.44        2581.68         3668.30         4414.31  
    0.075       371.85          2143.34        2576.35         3677.65         4428.17  
    0.081       372.21          2114.09        2577.61         3685.84         4463.98  
    0.088       371.63          2106.00        2577.58         3690.89         4475.57  
    0.094       372.56          2121.36        2563.45         3701.15         4440.25  
    0.100       373.71          2153.59        2569.47         3693.98         4423.12  
    0.106       372.99          2182.57        2580.68         3684.33         4429.34  
    0.113       373.51          2192.42        2588.12         3690.89         4478.65  
    0.119       375.97          2178.73        2591.08         3692.28         4478.63  
    0.125       379.45          2157.03        2585.61         3701.90         4418.19  
    0.131       380.79          2158.16        2585.57         3730.43         4387.20  
    0.138       380.82          2168.55        2586.73         3733.36         4397.16  
    0.144       380.95          2170.71        2585.71         3713.89         4327.08  
    0.150       381.72          2162.75        2585.22         3668.17         4267.98  
    0.156       381.71          2152.52        2588.33         3651.06         4288.32  
    0.163       381.26          2154.73        2609.27         3685.87         4344.33  
    0.169       378.53          2160.41        2621.11         3718.95         4361.48  
    0.175       373.98          2165.32        2628.97         3733.91         4352.05  
    0.181       371.29          2158.91        2624.79         3730.33         4323.90  
    0.188       370.41          2148.19        2605.10         3729.07         4335.35  
    0.194       371.12          2134.83        2608.35         3717.92         4407.67  
    0.200       372.03          2120.12        2617.11         3698.62         4414.73  
    0.206       367.27          2111.26        2622.55         3682.71         4426.45  
    0.213       364.17          2101.60        2621.33         3671.00         4427.09  
    0.219       361.54          2105.77        2625.26         3656.56         4427.71  
    0.225       358.91          2138.85        2632.80         3669.06         4438.59  
    0.231       352.30          2166.53        2647.07         3671.83         4422.50  
    0.238       346.95          2168.97        2647.55         3655.65         4411.42  
    0.244       344.78          2164.62        2644.22         3668.32         4397.27  
    0.250       336.18          2158.96        2641.61         3725.40         4414.60  
    0.256       322.86          2155.04        2637.13         3738.66         4423.48  
    0.263       321.19          2147.23        2634.70         3697.35         4397.22  
    0.269       315.94          2131.71        2642.50         3669.29         4388.22  
    0.275       308.33          2113.50        2642.75         3648.45         4379.47  
    0.281       306.81          2104.64        2642.93         3649.02         4421.70  
    0.288       319.94          2111.15        2643.50         3680.79         4442.46  
    0.294       321.79          2135.85        2618.85         3683.00         4406.15  
    0.300       318.53          2127.45        2590.20         3604.20         4372.78  
    0.306       320.95          2113.76        2596.50         3584.59         4395.47  
    0.312       324.10          2112.03        2595.99         3639.34         4404.92  
    