0.025       468.08          1907.50        2800.25         3630.23         3707.96  
    0.031       476.53          1887.58        2749.82         3626.30         3915.67  
    0.038       482.94          1856.40        2736.78         3648.49         4083.81  
    0.044       478.79          1849.58        2838.93         3703.06         3895.53  
    0.050       474.45          1863.15        2931.05         3473.05         3729.13  
    0.056       476.13          1905.48        2772.14         3097.76         3687.20  
    0.062       480.26          1880.89        2723.98         2962.58         3660.40  
    0.069       481.80          1803.60        2888.45         3091.88         3679.78  
    0.075       481.42          1753.24        2949.24         3305.75         3706.23  
    0.081       479.53          1755.54        2948.19         3418.13         3737.22  
    0.088       476.45          1789.55        2960.67         3439.21         3775.23  
    0.094       476.80          1809.44        2983.44         3507.61         3782.54  
    0.100       483.14          1797.10        2971.75         3662.43         3787.23  
    0.106       489.07          1791.96        2945.41         3702.91         3810.26  
    0.113       492.15          1813.04        2969.11         3648.50         3842.44  
    0.119       496.41          1829.04        2997.36         3718.72         3827.18  
    0.125       227.87          1111.82        2366.64         3368.30         3761.68  
    0.131       274.65          1219.78        2473.23         3405.56         3867.32  
    0.138       504.07          1817.99        3009.27         3593.94         3911.85  
    0.144       504.95          1831.51        3025.44         3262.83         3894.16  
    0.150       508.55          1867.54        2645.22         3196.01         3969.49  
    0.156       509.79          1872.62        2246.11         3348.45         4028.49  
    0.163       510.64          1846.62        2187.06         3406.56         4061.45  
    0.169       514.11          1830.04        2175.28         3454.18         4068.12  
    0.175       519.17          1827.33        2162.50         3498.71         4056.14  
    0.181       522.59          1840.83        2073.19         3479.55         3994.39  
    0.188       524.37          1858.93        2052.64         3530.51         3934.80  
    0.194       523.51          1856.38        1989.56         3633.36         3976.79  
    0.200       520.17          1719.72        1921.41         3681.98         4073.26  
    0.206       516.79          1634.20        1930.50         3670.16         4103.95  
    0.213       513.52          1712.36        1908.26         3566.71         4070.25  
    0.219       510.66          1725.43        1902.77         3492.37         4021.93  
    0.225       506.76          1676.81        1916.36         3531.98         3997.04  
    0.231       502.72          1658.81        1929.12         3669.04         3955.14  
    0.238       499.34          1663.40        1931.89         3750.91         3937.58  
    0.244       498.40          1743.18        1907.14         3532.32         3943.74  
    0.250       497.66          1781.27        1896.61         3189.44         3928.21  
    0.256       502.22          1782.76        1897.49         3048.56         3871.00  
    0.263       514.12          1831.37        1882.89         3035.08         3822.33  
    0.269       531.74          1864.74        2024.33         3030.21         3786.07  
    0.275       544.26          1868.20        2339.15         3022.22         3765.39  
    0.281       545.70          1863.52        2684.58         2991.82         3769.25  
    0.288       549.34          1863.46        2892.79         2966.25         3791.41  
    0.294       543.05          1867.67        2949.05         3082.78         3818.22  
    0.300       521.54          1872.55        2899.33         3059.90         3839.98  
    0.306       233.15          1123.34        2310.28         2934.62         3802.30  
    0.312       282.00          1233.46        2052.27         2965.20         3815.11  
    