0.025       468.83          2094.80        2756.62         3234.05         3981.96  
    0.031       471.07          2096.88        3149.62         3187.41         4029.90  
    0.038       473.00          2112.40        3105.74         3191.05         4042.83  
    0.044       472.52          2127.47        2973.55         3071.89         4015.61  
    0.050       473.47          2110.52        3057.30         3535.64         3923.51  
    0.056       477.81          2087.94        3083.56         3521.08         3925.64  
    0.062       478.54          2135.45        3187.83         3392.39         3982.93  
    0.069       476.21          2138.18        3213.20         3302.68         4071.39  
    0.075       477.41          2131.24        2816.87         3571.17         4125.16  
    0.081       480.07          2138.88        2907.04         3397.88         4157.07  
    0.088       481.46          2140.00        2667.87         3528.55         4187.56  
    0.094       480.98          2114.87        2734.71         3589.48         4145.40  
    0.100       479.17          2111.58        2716.80         3703.73         4161.76  
    0.106       480.35          2115.44        2430.21         3664.57         4239.71  
    0.113       481.94          2119.02        3032.09         3375.52         4186.48  
    0.119       481.50          2113.31        3011.81         3543.66         4190.01  
    0.125       482.12          2110.18        2922.41         3543.73         4168.95  
    0.131       482.11          2100.53        2948.53         3495.78         4136.19  
    0.138       480.81          2094.48        2831.74         3469.26         4212.85  
    0.144       480.10          2110.82        2404.84         3656.88         4275.17  
    0.150       479.74          2127.35        2292.28         3734.69         4270.92  
    0.156       479.12          2135.68        2413.61         3649.29         4174.21  
    0.163       477.39          2141.19        2374.20         3560.45         4151.01  
    0.169       475.72          2134.51        2488.32         3484.09         4141.20  
    0.175       472.67          2117.90        2663.57         3422.33         4124.33  
    0.181       470.90          2090.94        2716.59         3359.95         4124.87  
    0.188       468.32          2122.76        2607.91         3309.22         4201.86  
    0.194       466.57          2130.86        2492.49         3634.43         4210.22  
    0.200       463.98          2134.07        2504.84         3716.16         4203.12  
    0.206       462.31          2125.79        2537.38         3493.75         4229.32  
    0.213       457.23          2122.95        2517.30         3446.34         4235.89  
    0.219       451.51          2113.42        2510.91         3428.67         4279.52  
    0.225       446.79          2105.15        2544.17         3504.47         4255.29  
    0.231       442.68          2104.61        2600.52         3611.86         4232.37  
    0.238       440.09          2102.23        2549.59         3686.76         4273.43  
    0.244       441.44          2101.99        2559.15         3677.73         4293.21  
    0.250       443.44          2099.48        2743.34         3665.66         4179.90  
    0.256       443.06          2097.63        2759.43         3692.11         4181.38  
    0.263       442.82          2083.48        2810.48         3883.77         3932.07  
    0.269       444.62          2076.84        2918.17         3745.43         4021.85  
    0.275       448.85          2080.91        2814.88         3644.63         4076.96  
    0.281       447.86          2069.07        2799.44         3649.03         4101.32  
    0.288       448.42          2075.67        2884.58         3627.68         4129.16  
    0.294       451.41          2081.36        2844.33         3700.01         4141.69  
    0.300       452.81          2085.80        2907.10         3552.00         4151.46  
    0.306       449.40          2095.57        2703.65         3515.99         4164.07  
    0.312       453.21          2104.76        2771.12         3469.64         4165.43  
    0.319       455.15          2100.95        2845.82         3592.98         4102.94  
    0.325       455.59          2101.04        2787.88         3711.84         4090.16  
    0.331       457.05          2086.70        2740.75         3724.74         4163.42  
    0.338       459.10          2077.96        2681.13         3683.34         4233.39  
    0.344       461.42          2077.13        2682.10         3710.58         4206.80  
    0.350       463.25          2051.09        2637.33         3719.53         4204.62  
    0.356       465.15          2030.01        2709.64         3643.82         4214.87  
    0.363       467.57          2047.18        2652.49         3633.66         4169.60  
    0.369       471.05          2078.41        2669.26         3416.57         4133.02  
    0.375       472.66          2074.04        2511.40         3237.95         4193.36  
    