0.025       363.92          2450.55        2850.23         4222.69         4335.74  
    0.031       363.06          2436.89        2835.18         4117.94         4308.87  
    0.038       363.76          2411.74        2827.57         4014.94         4287.76  
    0.044       365.59          2383.20        2819.12         3973.94         4281.24  
    0.050       367.07          2353.41        2809.82         3921.17         4269.19  
    0.056       369.13          2349.87        2828.45         3903.77         4268.67  
    0.062       371.07          2359.58        2869.33         3920.10         4290.73  
    0.069       373.48          2356.67        2887.33         3911.44         4298.75  
    0.075       375.74          2352.45        2917.74         3896.40         4289.81  
    0.081       378.68          2355.59        3005.40         3920.54         4284.39  
    0.088       382.38          2358.58        3088.36         3964.27         4302.78  
    0.094       383.19          2358.57        3151.24         3986.00         4310.33  
    0.100       381.40          2357.86        3223.03         4001.40         4294.68  
    0.106       380.80          2361.50        3378.87         3996.90         4284.93  
    0.113       381.80          2366.57        3525.87         3976.85         4291.40  
    0.119       383.64          2368.91        3629.04         3972.13         4292.32  
    0.125       383.87          2372.04        3721.71         4031.79         4273.57  
    0.131       382.64          2373.44        3724.46         4093.73         4273.94  
    0.138       384.43          2374.53        3692.71         4099.80         4274.62  
    0.144       386.39          2375.15        3664.51         4076.38         4308.57  
    0.150       387.21          2376.24        3722.58         4063.37         4318.33  
    0.156       386.92          2377.91        3775.05         4047.94         4304.68  
    0.163       386.03          2379.23        3801.54         4062.06         4396.53  
    0.169       386.01          2382.31        3806.49         4089.70         4712.92  
    0.175       389.02          2385.96        3821.06         4095.00         4763.17  
    0.181       391.85          2389.37        3842.12         4036.56         4474.79  
    0.188       390.61          2395.45        3755.76         4017.48         4427.95  
    0.194       388.74          2405.30        3661.65         4009.58         4518.17  
    0.200       388.14          2415.34        3648.86         3996.50         4535.44  
    0.206       389.96          2424.89        3671.62         3981.25         4582.13  
    0.213       391.64          2433.68        3674.34         4006.75         4655.87  
    0.219       391.80          2463.46        3656.25         4024.79         4714.17  
    0.225       393.36          2520.49        3666.19         4045.02         4755.88  
    0.231       395.76          2529.06        3679.99         4072.69         4701.28  
    0.238       396.24          2512.70        3707.95         4074.79         4762.23  
    0.244       396.03          2502.31        3666.55         4065.68         4580.12  
    0.250       397.80          2498.85        3609.25         4030.40         4415.36  
    0.256       397.93          2488.24        3543.10         3987.05         4479.04  
    0.263       397.98          2463.20        3556.33         3955.68         4563.69  
    0.269       402.45          2434.59        3628.54         3964.81         4763.54  
    0.275       406.03          2416.07        3647.38         3956.67         4949.11  
    0.281       407.97          2407.42        3670.27         3924.16         4780.68  
    0.288       409.43          2411.09        3720.71         3959.92         4531.14  
    0.294       412.21          2441.53        3737.90         4027.84         4534.23  
    0.300       417.81          2485.99        3724.74         4032.85         4623.87  
    0.306       425.59          2515.92        3725.57         4014.69         4614.27  
    0.312       429.91          2516.68        3708.30         3988.84         4684.78  
    0.319       432.16          2449.64        3689.74         3937.18         4832.68  
    0.325       434.04          2380.88        3704.18         3957.09         4867.47  
    0.331       436.36          2357.59        3663.90         3953.76         4625.49  
    0.338       439.97          2356.82        3624.88         3946.48         4536.16  
    0.344       443.26          2382.71        3643.62         3974.58         4665.37  
    0.350       445.16          2445.70        3667.57         3982.57         4702.20  
    0.356       450.75          2500.58        3687.76         4019.18         4759.45  
    0.363       464.56          2501.03        3678.80         4030.23         4737.37  
    