0.025       424.33          2166.95        2718.82         3637.48         4031.86  
    0.031       426.59          2171.37        2709.25         3546.71         4009.52  
    0.038       429.50          2177.21        2707.48         3537.49         3984.94  
    0.044       428.71          2181.07        2745.09         3583.22         3999.45  
    0.050       428.09          2165.90        2743.78         3609.23         4021.25  
    0.056       429.25          2156.93        2683.12         3629.19         4023.42  
    0.062       430.54          2163.61        2626.28         3627.75         4024.88  
    0.069       433.19          2172.75        2700.09         3697.56         3885.86  
    0.075       436.91          2185.77        2761.41         3680.34         4318.44  
    0.081       440.96          2192.66        2777.51         3697.80         4602.58  
    0.088       445.06          2199.32        2787.72         3730.69         4525.37  
    0.094       447.71          2212.28        2781.23         3709.42         4870.36  
    0.100       450.33          2222.39        2780.37         3719.70         5038.69  
    0.106       452.18          2223.04        2799.85         3769.23         4834.93  
    0.113       452.97          2220.94        2786.26         3773.49         4411.95  
    0.119       456.73          2223.24        2775.18         3768.39         4352.14  
    0.125       460.21          2211.89        2759.54         3732.45         4556.01  
    0.131       460.54          2199.15        2729.69         3678.86         4683.30  
    0.138       461.90          2218.40        2749.12         3675.95         4736.65  
    0.144       463.71          2226.81        2776.91         3692.27         4717.15  
    0.150       467.78          2210.75        2770.83         3694.50         4827.11  
    0.156       465.97          2197.60        2763.48         3693.61         4925.81  
    0.163       466.03          2215.85        2796.67         3732.87         4969.98  
    0.169       468.93          2235.39        2822.10         3721.86         4839.18  
    0.175       470.99          2216.08        2812.21         3686.59         4753.76  
    0.181       469.85          2182.06        2821.74         3677.82         4625.03  
    0.188       469.03          2159.16        2799.84         3683.98         4562.79  
    0.194       465.80          2160.28        2777.70         3689.80         4509.07  
    0.200       462.09          2184.09        2792.93         3729.77         4650.48  
    0.206       457.69          2204.80        2775.12         3723.71         4769.25  
    0.213       454.28          2223.36        2728.34         3679.82         4473.39  
    0.219       449.95          2210.97        2757.48         3656.52         4579.13  
    0.225       448.73          2196.40        2773.25         3662.16         4479.16  
    0.231       442.55          2173.73        2804.36         3668.26         4297.21  
    0.238       439.30          2156.02        2795.27         3643.27         4140.72  
    0.244       434.42          2152.95        2735.81         3600.50         4052.31  
    0.250       429.53          2157.30        2695.01         3585.56         4009.92  
    0.256       427.62          2155.44        2674.38         3572.56         4010.14  
    0.263       433.55          2152.72        2751.56         3595.70         4006.83  
    0.269       442.60          2146.58        2797.21         3646.08         4070.32  
    0.275       434.30          2164.37        2780.66         3647.99         4084.02  
    0.281       425.31          2157.32        2745.79         3624.57         4056.61  
    0.288       417.17          2161.31        2699.04         3627.00         4013.33  
    0.294       405.92          2170.93        2674.88         3629.25         3872.65  
    0.300       402.43          2158.82        2698.16         3539.54         3823.66  
    