0.025       375.27          2297.00        2848.62         3896.47         5250.11  
    0.031       372.34          2288.49        2837.49         3811.76         5210.92  
    0.038       369.12          2275.72        2832.72         3824.43         5203.92  
    0.044       367.48          2265.69        2814.16         3932.89         5212.82  
    0.050       367.06          2234.66        2755.08         3996.64         5185.37  
    0.056       368.78          2251.62        2796.84         3962.21         5154.65  
    0.062       368.39          2251.35        2847.61         3930.34         5189.17  
    0.069       371.16          2268.94        2853.10         3965.02         5242.16  
    0.075       372.41          2249.70        2838.06         3981.09         5190.27  
    0.081       372.49          2280.24        2851.68         3967.26         5219.26  
    0.088       373.32          2283.17        2853.45         3961.65         5321.74  
    0.094       375.84          2270.66        2830.32         3991.63         5265.73  
    0.100       378.88          2256.48        2784.37         4028.07         5345.27  
    0.106       379.97          2264.65        2773.27         4028.94         5315.05  
    0.113       379.72          2266.37        2807.96         3993.86         5206.79  
    0.119       379.71          2265.88        2823.40         4014.34         5212.66  
    0.125       379.04          2268.51        2837.96         4028.71         5177.87  
    0.131       378.90          2271.40        2858.79         4024.93         5157.40  
    0.138       380.45          2277.24        2873.29         4018.52         5445.23  
    0.144       381.33          2285.73        2842.55         3978.58         5487.78  
    0.150       381.89          2289.41        2818.85         3966.10         5497.69  
    0.156       384.48          2294.95        2829.59         3971.62         5500.00  
    0.163       385.48          2300.96        2857.20         3978.26         5500.00  
    0.169       386.10          2291.96        2866.26         3972.34         5500.00  
    0.175       385.90          2287.55        2856.14         3964.23         5195.22  
    0.181       385.11          2285.24        2843.31         3968.70         5108.53  
    0.188       384.57          2281.03        2829.13         3966.22         5119.55  
    0.194       383.44          2284.18        2826.99         3974.24         5201.53  
    0.200       383.43          2284.31        2830.97         3982.94         5454.99  
    0.206       385.82          2262.74        2798.28         3944.61         5242.29  
    0.213       386.69          2251.38        2778.04         3963.95         5117.74  
    0.219       386.07          2255.96        2788.65         4035.97         5090.90  
    0.225       386.85          2257.69        2810.50         4044.71         5082.79  
    0.231       387.63          2252.97        2825.92         4032.73         5077.56  
    0.238       388.76          2250.51        2833.03         4019.96         5144.04  
    0.244       390.32          2264.22        2826.48         3990.76         5177.58  
    0.250       391.49          2262.57        2824.24         3932.37         5105.73  
    0.256       392.52          2261.03        2827.01         3963.56         5147.26  
    0.263       392.88          2259.73        2828.59         3997.27         5445.68  
    0.269       393.13          2251.80        2826.57         3976.62         5500.00  
    0.275       393.00          2247.03        2817.56         3937.06         5389.11  
    0.281       393.87          2248.62        2809.70         3962.07         5299.05  
    0.288       394.68          2251.76        2806.80         3964.23         4994.98  
    0.294       396.47          2249.79        2805.29         3955.53         4852.68  
    0.300       398.12          2247.21        2803.90         3997.97         4812.93  
    0.306       397.55          2252.75        2808.38         3966.49         4821.39  
    0.312       397.73          2264.71        2815.51         3911.21         4867.24  
    0.319       398.62          2269.31        2770.62         3858.58         4898.96  
    0.325       400.50          2253.54        2746.58         3821.76         4858.86  
    