0.025       401.37          2113.37        2539.93         3797.96         5206.74  
    0.031       415.79          2129.65        2547.26         3773.42         5229.03  
    0.038       421.87          2132.50        2601.38         3757.68         5262.26  
    0.044       423.57          2138.13        2596.75         3773.10         5179.03  
    0.050       421.51          2145.15        2638.56         3772.95         5132.80  
    0.056       424.39          2150.22        2662.33         3765.34         5128.41  
    0.062       428.90          2173.19        2651.54         3801.93         5173.04  
    0.069       434.94          2179.70        2715.98         3803.29         5193.63  
    0.075       435.53          2166.34        2725.44         3778.44         5191.79  
    0.081       435.65          2168.93        2727.88         3791.20         5132.27  
    0.088       433.34          2169.53        2726.70         3847.08         5044.08  
    0.094       428.79          2166.57        2682.11         3802.30         5099.82  
    0.100       423.48          2156.74        2662.32         3754.75         5105.30  
    0.106       420.07          2153.63        2682.17         3761.00         5064.55  
    0.113       418.68          2147.23        2663.21         3765.88         5125.51  
    0.119       417.22          2139.08        2652.04         3734.59         5137.71  
    0.125       412.89          2135.46        2608.71         3735.85         5112.66  
    0.131       406.27          2142.12        2573.81         3729.64         5033.88  
    0.138       399.70          2164.57        2542.13         3758.29         4981.91  
    0.144       400.12          2170.48        2556.34         3767.98         4975.16  
    0.150       403.34          2169.14        2543.96         3716.23         4995.98  
    0.156       402.56          2160.99        2539.26         3700.40         5014.73  
    0.163       402.40          2156.62        2550.30         3688.76         5037.58  
    0.169       401.12          2150.22        2545.15         3690.92         5062.21  
    0.175       400.78          2151.79        2529.70         3697.97         5062.27  
    0.181       401.64          2155.55        2529.21         3699.79         5048.09  
    0.188       405.37          2157.13        2509.37         3702.13         5028.36  
    0.194       409.10          2159.32        2509.67         3709.40         5025.44  
    0.200       411.03          2160.40        2530.87         3702.69         5022.69  
    0.206       411.68          2160.96        2540.58         3680.14         5023.66  
    0.213       412.69          2156.24        2530.08         3677.86         5036.28  
    0.219       413.07          2157.38        2503.81         3693.82         5032.71  
    0.225       412.03          2153.35        2484.77         3694.41         5019.46  
    0.231       412.60          2149.91        2479.90         3698.02         5020.41  
    0.238       412.26          2148.68        2492.94         3685.18         5003.32  
    0.244       412.12          2148.51        2512.88         3696.41         5003.27  
    0.250       414.00          2144.74        2522.18         3693.82         4999.66  
    0.256       415.22          2137.70        2519.65         3687.51         5029.63  
    0.263       415.30          2136.38        2511.98         3678.20         5040.04  
    0.269       416.69          2136.92        2520.46         3684.86         4975.20  
    0.275       417.03          2140.85        2533.42         3683.04         4949.89  
    0.281       416.70          2144.98        2548.00         3697.51         4953.65  
    0.288       417.26          2146.60        2537.94         3697.36         4945.31  
    0.294       417.11          2145.21        2534.52         3683.63         4988.06  
    0.300       416.49          2148.62        2554.78         3684.30         4986.61  
    0.306       416.89          2152.22        2572.98         3704.30         4941.98  
    0.312       417.88          2151.63        2587.19         3719.00         4911.63  
    0.319       419.63          2151.71        2575.87         3716.15         4901.61  
    0.325       422.05          2157.40        2557.10         3721.45         4913.74  
    0.331       424.08          2156.93        2528.78         3703.50         4888.62  
    0.338       427.13          2164.07        2531.95         3694.40         4940.43  
    0.344       429.45          2178.61        2553.20         3680.01         4938.53  
    0.350       434.90          2176.44        2558.07         3694.48         4945.18  
    0.356       440.38          2180.98        2544.43         3726.63         4915.86  
    0.363       443.77          2171.90        2542.23         3767.17         4900.64  
    0.369       446.65          2165.74        2544.94         3776.72         4897.44  
    