0.025       353.05          2063.34        2677.73         3614.30         4736.16  
    0.031       352.94          2061.52        2685.64         3607.68         4730.32  
    0.038       350.32          2056.26        2696.15         3606.19         4755.73  
    0.044       344.28          2050.53        2713.72         3618.57         4761.88  
    0.050       340.98          2045.46        2717.96         3602.98         4765.20  
    0.056       338.37          2043.78        2725.88         3584.86         4803.81  
    0.062       335.51          2041.26        2739.42         3584.55         4824.89  
    0.069       333.32          2040.23        2752.61         3589.10         4816.04  
    0.075       330.55          2042.00        2774.39         3593.42         4791.99  
    0.081       323.76          2047.41        2778.82         3597.13         4755.57  
    0.088       323.62          2048.27        2755.71         3574.05         4752.49  
    0.094       325.81          2048.55        2729.77         3540.48         4736.74  
    0.100       323.01          2050.53        2723.87         3524.24         4734.65  
    0.106       318.77          2043.84        2728.92         3525.11         4741.54  
    0.113       315.23          2043.76        2751.15         3527.28         4736.28  
    0.119       312.30          2053.99        2786.10         3529.55         4749.55  
    0.125       312.76          2060.80        2782.32         3520.98         4759.77  
    0.131       318.23          2058.62        2763.28         3508.13         4729.61  
    0.138       321.57          2047.06        2743.62         3502.00         4713.50  
    0.144       321.98          2033.84        2724.49         3501.29         4773.95  
    0.150       321.58          2025.70        2701.29         3501.21         4790.29  
    0.156       322.38          2018.99        2692.86         3484.66         4726.16  
    0.163       326.57          2016.22        2687.26         3483.67         4662.39  
    0.169       329.62          2013.39        2680.74         3499.60         4584.38  
    0.175       330.50          2011.25        2693.14         3495.49         4585.10  
    0.181       331.12          2009.33        2704.96         3472.90         4676.09  
    0.188       330.94          2007.63        2713.54         3467.98         4692.95  
    0.194       331.04          2003.37        2754.02         3490.48         4647.58  
    0.200       331.20          2002.03        2773.39         3508.44         4688.12  
    0.206       330.13          2001.07        2736.28         3487.47         4714.26  
    0.213       329.30          2003.26        2722.98         3475.17         4727.89  
    0.219       329.57          2007.09        2720.51         3490.20         4790.50  
    0.225       329.04          2010.62        2724.67         3512.52         4793.61  
    0.231       329.28          2011.61        2742.82         3527.48         4755.22  
    0.238       332.78          2012.90        2757.00         3542.41         4743.79  
    0.244       335.12          2016.90        2737.60         3517.66         4787.42  
    0.250       336.51          2019.29        2725.50         3536.56         4807.25  
    0.256       338.32          2021.48        2728.60         3577.25         4782.01  
    0.263       340.85          2023.14        2729.78         3593.73         4769.91  
    0.269       345.32          2024.31        2718.01         3578.21         4730.97  
    0.275       351.05          2032.02        2695.68         3531.76         4748.85  
    0.281       351.50          2037.30        2680.92         3514.94         4817.98  
    0.288       348.67          2037.43        2672.69         3532.38         4828.04  
    0.294       345.69          2044.65        2693.90         3585.11         4751.23  
    0.300       344.26          2051.13        2709.63         3663.21         4703.55  
    0.306       344.70          2049.48        2713.09         3695.72         4727.46  
    0.312       344.03          2047.84        2698.86         3610.11         4757.87  
    0.319       344.13          2045.50        2689.89         3579.97         4802.57  
    0.325       344.94          2034.47        2694.30         3608.40         4842.10  
    0.331       344.67          2026.18        2700.83         3659.35         4824.28  
    0.338       344.64          2022.19        2685.76         3629.21         4735.75  
    0.344       346.24          2012.55        2674.92         3599.98         4660.93  
    0.350       347.42          2009.23        2666.75         3598.45         4667.09  
    0.356       346.51          2015.13        2666.54         3602.84         4751.49  
    0.363       345.47          2011.78        2662.07         3598.95         4816.56  
    0.369       346.75          2002.95        2664.71         3624.73         4854.65  
    0.375       348.73          2002.45        2664.69         3684.21         4807.10  
    0.381       348.74          2010.37        2648.83         3666.08         4737.40  
    0.388       349.44          2007.41        2630.13         3623.33         4734.76  
    0.394       351.30          2001.50        2628.85         3627.07         4728.64  
    0.400       352.83          2004.45        2638.74         3623.12         4736.45  
    0.406       356.03          2011.14        2648.19         3589.56         4805.77  
    0.413       358.14          2015.62        2647.77         3527.52         4847.66  
    0.419       359.26          2025.03        2642.86         3510.75         4846.91  
    0.425       361.25          2040.46        2626.79         3538.32         4832.96  
    0.431       363.74          2054.36        2583.79         3585.57         4843.94  
    0.438       366.06          2064.53        2583.49         3676.45         4860.95  
    0.444       368.43          2053.62        2579.16         3755.85         4843.00  
    0.450       371.70          2033.73        2550.31         3849.16         4800.81  
    0.456       372.92          2035.56        2542.36         3854.69         4740.33  
    0.463       374.53          2036.68        2538.71         3901.08         4697.17  
    0.469       373.34          2020.70        2518.48         3968.29         4652.65  
    0.475       364.73          2004.97        2512.40         4141.48         4563.82  
    0.481       354.27          2006.06        2520.35         4359.91         5171.38  
    0.488       330.07          2009.68        2477.73         4418.84         5500.00  
    