0.025       242.46          2050.88        2556.76         3613.15         4515.39  
    0.031       146.05          2047.53        2571.39         3610.78         4580.96  
    0.038       32.32          661.10        2209.90         2934.21         3938.63  
    0.044       67.31          1376.03        2436.91         3276.83         4290.99  
    0.050       119.23          2033.02        2637.11         3585.62         4622.80  
    0.056       41.58          656.94        2228.25         2958.61         3916.89  
    0.062       0          0        2032.24         2672.43         3576.15  
    0.069       0          0        2031.17         2680.95         3574.94  
    0.075       0          0        2034.44         2680.32         3574.98  
    0.081       0          0        2039.03         2668.23         3561.88  
    0.088       0          0        2043.38         2636.41         3545.29  
    0.094       0          0        2047.18         2620.27         3538.35  
    0.100       0          0        2039.48         2638.12         3536.84  
    0.106       0          0        2038.02         2665.22         3529.80  
    0.113       0          0        2048.31         2691.92         3526.48  
    0.119       0          0        2054.87         2684.76         3520.31  
    0.125       0          0        2052.07         2638.58         3507.23  
    0.131       0          0        2039.89         2632.88         3497.98  
    0.138       0          0        2025.68         2652.18         3496.47  
    0.144       0          0        2017.00         2646.66         3496.10  
    0.150       173.24          1361.85        2443.56         3212.32         4146.38  
    0.156       248.88          2009.43        2623.39         3486.31         4432.48  
    0.163       197.03          2004.33        2599.76         3494.51         4399.28  
    0.169       208.70          2003.23        2606.70         3488.89         4378.72  
    0.175       252.12          2003.69        2618.66         3475.79         4443.22  
    0.181       204.21          2001.45        2618.96         3477.82         4456.49  
    0.188       118.25          1996.30        2642.53         3487.45         4402.71  
    0.194       144.32          1995.80        2653.78         3490.83         4363.17  
    0.200       207.71          1996.78        2626.35         3480.21         4431.20  
    0.206       72.97          645.26        2197.99         2884.61         3795.98  
    0.213       0          0        2000.79         2591.74         3493.19  
    0.219       0          0        2004.41         2609.29         3509.24  
    0.225       0          0        2005.77         2644.85         3520.19  
    0.231       0          0        2007.39         2674.69         3536.29  
    0.238       0          0        2011.73         2660.91         3513.02  
    0.244       0          0        2012.57         2637.32         3507.56  
    0.250       0          0        2014.73         2634.40         3523.72  
    0.256       0          0        2017.09         2639.87         3524.03  
    0.263       0          0        2018.66         2647.26         3519.57  
    0.269       0          0        2027.66         2651.07         3509.86  
    0.275       0          0        2031.72         2640.02         3509.21  
    0.281       0          0        2027.83         2620.20         3534.20  
    0.288       0          0        2030.89         2629.18         3582.82  
    0.294       0          0        2039.22         2647.37         3631.24  
    0.300       0          0        2042.04         2659.61         3656.05  
    0.306       72.75          1384.46        2446.89         3272.57         4298.06  
    0.312       34.73          660.92        2232.49         2925.57         3894.46  
    0.319       0          0        2023.10         2634.66         3600.72  
    0.325       0          0        2010.55         2634.90         3690.74  
    0.331       0          0        2007.28         2592.42         3641.20  
    0.338       0          0        1999.14         2576.27         3604.58  
    0.344       0          0        1997.59         2583.49         3612.22  
    0.350       0          0        2001.39         2591.41         3612.15  
    0.356       0          0        1999.11         2601.78         3615.95  
    0.363       0          0        1993.43         2613.75         3660.40  
    0.369       0          0        1991.88         2605.17         3703.44  
    0.375       0          0        1996.64         2586.54         3663.76  
    0.381       0          0        1995.59         2577.51         3617.54  
    0.388       0          0        1994.11         2582.37         3613.00  
    0.394       0          0        2000.05         2592.65         3609.52  
    0.400       0          0        2008.41         2600.54         3579.05  
    0.406       165.34          1364.56        2409.23         3220.29         4427.82  
    0.413       227.27          2024.41        2587.53         3531.55         4836.61  
    0.419       216.26          2039.81        2554.08         3562.21         4827.49  
    0.425       191.65          2052.16        2507.67         3605.91         4830.35  
    0.431       127.70          2059.37        2511.64         3712.11         4829.94  
    0.438       213.26          2043.67        2514.87         3805.72         4805.48  
    0.444       331.77          2025.72        2507.97         3872.16         4760.42  
    0.450       370.75          2033.01        2510.22         3896.62         4716.82  
    0.456       367.14          2035.81        2497.65         3981.99         4688.37  
    0.463       362.54          2017.50        2455.99         4070.20         4659.11  
    0.469       356.80          2001.00        2442.63         4199.55         4595.58  
    