0.025       440.71          2292.14        2752.16         3701.29         3883.41  
    0.031       438.82          2279.87        2740.23         3740.67         3752.58  
    0.038       439.35          2275.68        2726.00         3646.25         4207.43  
    0.044       443.73          2268.69        2719.97         3644.47         4488.70  
    0.050       445.38          2261.53        2730.64         3633.26         4487.39  
    0.056       444.53          2266.64        2752.46         3635.82         4351.38  
    0.062       444.10          2261.15        2758.23         3603.85         4272.59  
    0.069       444.98          2254.59        2750.04         3507.43         4417.62  
    0.075       445.76          2251.85        2742.28         3461.97         5292.85  
    0.081       449.64          2245.61        2737.06         3520.52         5024.71  
    0.088       454.68          2247.77        2726.17         3561.26         4828.50  
    0.094       460.20          2259.36        2720.68         3586.65         4534.25  
    0.100       462.75          2262.88        2724.84         3591.82         4835.27  
    0.106       462.60          2272.54        2734.92         3602.48         4771.48  
    0.113       465.08          2272.93        2744.81         3612.22         4703.92  
    0.119       468.27          2272.29        2743.26         3574.08         4743.16  
    0.125       471.81          2282.54        2742.38         3541.32         5471.91  
    0.131       475.12          2263.72        2734.82         3524.31         5500.00  
    0.138       481.46          2254.93        2712.66         3496.68         5500.00  
    0.144       482.34          2241.47        2697.31         3524.36         4265.15  
    0.150       485.70          2232.83        2689.97         3551.85         4332.96  
    0.156       489.20          2229.85        2681.92         3569.12         5199.13  
    0.163       492.31          2221.74        2668.12         3543.04         5490.05  
    0.169       493.52          2234.55        2677.87         3515.27         4377.47  
    0.175       493.89          2211.81        2665.25         3480.70         4272.90  
    0.181       489.29          2188.09        2653.61         3486.69         3697.07  
    0.188       483.52          2189.56        2655.29         3332.61         3565.79  
    0.194       465.00          2190.19        2669.84         3394.40         3682.97  
    0.200       454.93          2198.13        2672.14         3707.07         4208.23  
    0.206       449.30          2163.68        2646.23         3681.72         4644.30  
    0.213       16.70          509.35        2144.25         2686.89         3624.68  
    0.219       435.42          2077.44        2633.25         3567.71         4661.47  
    0.225       432.29          2165.51        2659.48         3522.79         3701.33  
    