0.025       0          401.10        2124.45         2776.89         3213.28  
    0.031       0          401.00        2112.43         2780.17         3219.39  
    0.038       0          403.08        2108.12         2791.35         3188.45  
    0.044       0          406.55        2107.82         2807.55         3030.57  
    0.050       0          410.68        2108.14         2798.25         2909.34  
    0.056       0          412.71        2136.31         2775.55         2910.17  
    0.062       0          411.99        2139.98         2779.45         2991.16  
    0.069       244.58          1385.54        2551.82         3014.25         4506.61  
    0.075       409.76          2025.03        2847.04         3184.40         5500.00  
    0.081       410.64          2016.30        2862.71         3194.97         5500.00  
    0.088       412.63          2005.21        2875.33         3144.22         5337.91  
    0.094       414.00          2000.24        2852.53         3090.55         4899.78  
    0.100       414.09          2011.99        2828.86         3102.58         4686.39  
    0.106       413.08          2012.74        2827.96         3112.69         4561.11  
    0.113       412.14          2011.42        2878.04         3142.58         5085.76  
    0.119       166.07          1057.81        2372.10         2992.91         4147.28  
    0.125       0          412.65        2004.20         2851.16         3231.80  
    0.131       0          412.59        2000.11         2817.57         3232.74  
    0.138       0          413.19        2003.26         2800.00         3243.56  
    0.144       0          414.24        2009.68         2794.35         3258.76  
    0.150       248.05          1368.21        2476.33         3042.38         4598.80  
    0.156       417.05          2015.27        2814.22         3205.96         5500.00  
    0.163       419.90          2014.58        2862.17         3184.05         5093.79  
    0.169       422.16          2011.09        2870.92         3155.11         5225.59  
    0.175       421.72          2011.01        2772.30         3178.29         5500.00  
    0.181       420.35          2017.08        2688.70         3200.43         5500.00  
    0.188       418.71          2018.06        2715.97         3205.53         5500.00  
    0.194       416.32          2017.04        2777.58         3222.83         5500.00  
    0.200       413.05          2012.28        2796.32         3243.51         5500.00  
    0.206       408.40          2006.77        2778.48         3237.60         5500.00  
    0.213       408.01          2033.80        2767.56         3205.25         5500.00  
    0.219       411.32          2049.03        2742.09         3173.56         5500.00  
    0.225       166.41          1069.96        2331.86         2988.30         4070.87  
    0.231       0          408.52        2088.41         2781.88         3136.79  
    0.238       254.50          1453.35        2158.41         3002.70         4434.10  
    