0.025       357.71          2276.78        2636.78         4149.60         5057.60  
    0.031       356.30          2266.15        2645.32         4135.59         5058.87  
    0.038       352.46          2266.86        2688.34         4112.96         5054.53  
    0.044       352.00          2275.32        2703.57         4083.56         5034.26  
    0.050       356.74          2268.59        2691.07         4039.63         5020.54  
    0.056       358.64          2253.99        2712.82         4009.67         5009.14  
    0.062       356.76          2249.37        2754.91         4000.39         4992.03  
    0.069       359.81          2258.15        2725.46         3998.00         5001.46  
    0.075       365.05          2260.65        2664.16         3991.16         5028.30  
    0.081       368.84          2252.19        2649.00         3973.88         5037.95  
    0.088       371.09          2237.18        2698.35         3973.41         5028.92  
    0.094       371.77          2221.75        2722.16         4045.52         5020.09  
    0.100       371.27          2214.88        2731.48         4215.28         5008.95  
    0.106       371.50          2222.35        2746.96         4226.08         5001.36  
    0.113       373.07          2224.26        2740.88         4121.54         4989.97  
    0.119       373.47          2231.67        2684.99         4058.03         4982.78  
    0.125       374.25          2240.20        2652.32         4013.07         4974.69  
    0.131       375.57          2229.40        2674.67         3964.87         4945.08  
    0.138       377.57          2217.28        2667.08         3923.85         4926.88  
    0.144       381.62          2221.53        2659.52         3909.08         4934.07  
    0.150       385.20          2229.47        2671.76         3904.03         4915.70  
    0.156       386.01          2231.21        2651.18         3913.63         4858.34  
    0.163       387.99          2234.89        2651.82         3960.45         4869.86  
    0.169       391.77          2248.24        2666.64         3904.60         4945.73  
    0.175       394.41          2250.47        2656.70         3852.76         4958.49  
    0.181       396.28          2244.56        2655.83         3894.95         4928.93  
    0.188       397.67          2249.16        2672.32         3932.07         4918.66  
    0.194       399.08          2255.89        2693.41         3965.57         5233.29  
    0.200       401.96          2256.15        2704.97         3988.12         5500.00  
    0.206       405.62          2250.77        2702.14         3997.81         5357.77  
    0.213       407.62          2253.38        2665.72         3986.12         5303.09  
    0.219       407.81          2262.65        2643.01         3953.18         5202.68  
    0.225       407.07          2260.76        2651.10         3904.47         4975.42  
    0.231       405.91          2251.60        2667.74         3895.46         4888.72  
    0.238       405.79          2241.28        2699.73         3931.46         4886.70  
    0.244       405.88          2231.67        2721.45         3929.30         4858.11  
    0.250       405.15          2223.97        2728.00         3897.37         4814.64  
    0.256       404.89          2224.76        2733.25         3880.65         4815.71  
    0.263       404.69          2227.19        2727.54         3885.53         4863.99  
    0.269       404.19          2226.56        2731.07         3890.76         4889.43  
    0.275       402.42          2225.49        2742.19         3853.20         4879.94  
    0.281       400.82          2224.34        2746.07         3810.60         4888.37  
    0.288       401.11          2224.75        2753.11         3819.37         4894.06  
    0.294       402.75          2219.62        2761.87         3838.01         4869.43  
    0.300       403.73          2211.95        2737.98         3809.97         4835.69  
    0.306       402.74          2212.71        2710.71         3801.14         4797.63  
    0.312       401.29          2224.25        2704.10         3829.91         4771.17  
    