0.025       0          375.34        2734.46         3951.51         4904.57  
    0.031       0          32.43        559.67         2753.21         3980.32  
    0.038       0          318.20        2413.44         3830.01         4745.78  
    0.044       0          346.17        2627.11         4025.24         4106.20  
    0.050       312.54          2425.84        3833.59         4055.40         5373.70  
    0.056       338.87          2630.06        2872.87         3896.25         5014.92  
    0.062       336.98          2608.62        2969.13         3916.39         4985.73  
    0.069       338.07          2574.87        3629.44         3940.06         5455.71  
    0.075       29.22          530.91        2612.89         3711.59         4117.71  
    0.081       0          335.91        2500.89         3839.88         3916.13  
    0.088       305.76          2349.02        3709.00         3844.94         5362.58  
    0.094       336.66          2563.21        3670.01         3819.79         4776.22  
    0.100       339.16          2540.50        3235.28         3816.48         4719.81  
    0.106       337.59          2512.96        3292.15         3841.54         4733.18  
    0.113       336.35          2476.45        3305.79         3905.48         4629.99  
    0.119       335.37          2437.86        3163.25         3914.70         4697.96  
    0.125       335.10          2426.11        3114.75         3941.21         4791.00  
    0.131       335.37          2415.98        2951.45         3943.18         4816.11  
    0.138       335.83          2409.44        2908.53         3934.67         4805.09  
    0.144       333.03          2413.30        2989.65         3896.08         4815.14  
    0.150       332.89          2454.68        3016.34         3856.19         4919.55  
    0.156       334.77          2496.93        2904.44         3823.92         4875.70  
    0.163       335.42          2518.44        2934.85         3837.10         4872.32  
    0.169       334.56          2518.60        2984.69         3866.11         4934.47  
    0.175       335.62          2552.90        2827.48         3927.70         4860.43  
    0.181       343.12          2569.97        2767.17         3960.62         4829.27  
    0.188       341.98          2544.25        2884.78         3919.32         4851.92  
    0.194       337.53          2543.49        2788.39         3940.25         4949.35  
    0.200       336.08          2529.00        2914.58         3959.10         5052.50  
    0.206       339.24          2517.94        3044.20         3955.21         5005.19  
    0.213       339.17          2522.95        2916.70         3966.98         4826.39  
    0.219       340.16          2527.87        2654.48         3877.72         4815.53  
    0.225       343.77          2562.76        2596.37         3833.97         4794.96  
    0.231       342.98          2543.37        2612.19         3838.79         4824.50  
    0.238       343.40          2588.87        2617.77         3834.49         4904.17  
    0.244       342.13          2454.75        2650.28         3881.76         4998.39  
    0.250       341.48          2497.61        2686.70         3862.24         4983.83  
    0.256       337.40          2674.08        2755.78         3853.14         4972.15  
    0.263       334.95          2621.06        2942.83         3912.17         4962.33  
    0.269       334.18          2566.66        2950.76         3965.85         4836.75  
    0.275       334.96          2590.59        2843.42         3986.43         4768.96  
    0.281       338.40          2634.26        2978.21         3967.38         4801.03  
    0.288       342.44          2624.80        2823.51         3963.87         4777.80  
    0.294       343.95          2613.65        2781.59         3939.20         4860.03  
    0.300       346.58          2617.17        2634.47         3935.74         4892.02  
    0.306       349.07          2421.31        2654.74         3968.47         4915.04  
    0.312       347.74          2361.59        2757.56         4036.61         5055.83  
    0.319       346.93          2470.10        2931.51         3983.90         4948.00  
    0.325       345.34          2532.10        2926.57         3971.50         4979.85  
    0.331       345.98          2523.57        2884.83         3968.45         5112.68  
    0.338       348.18          2540.60        2798.36         3908.09         4847.94  
    0.344       357.64          2542.49        2568.23         3894.73         4798.54  
    0.350       392.70          2302.02        2616.53         3928.79         4847.97  
    0.356       422.23          2121.95        2676.95         3962.59         4991.24  
    0.363       435.08          2100.87        2697.78         3946.02         4969.02  
    0.369       441.60          2051.45        2712.94         3920.31         4991.99  
    0.375       449.89          1871.54        2732.60         3944.28         4990.89  
    0.381       468.74          775.64        2712.89         3866.48         4992.73  
    0.388       40.64          58.19        642.70         2720.29         4012.76  
    0.394       385.27          1778.12        2374.29         3767.64         4912.72  
    