0.025       459.28          1649.67        2370.06         3486.74         5080.25  
    0.031       446.35          1662.14        2399.11         3585.88         4780.79  
    0.038       380.38          1770.77        2522.67         3768.68         4587.42  
    0.044       367.12          1743.53        2317.36         3755.95         4738.53  
    0.050       327.95          1847.75        2371.64         3922.93         4762.17  
    0.056       234.35          2095.14        2194.43         3990.06         4733.73  
    0.062       317.84          2207.22        2290.57         3994.84         4847.07  
    0.069       365.70          2077.62        2422.61         3996.04         4921.15  
    0.075       380.90          2027.90        2423.44         3842.41         4631.53  
    0.081       382.59          2050.56        2400.58         3618.56         5349.12  
    0.088       378.60          2078.46        2394.19         3564.34         5500.00  
    0.094       370.50          2098.39        2383.78         3541.95         5500.00  
    0.100       361.97          2138.49        2389.44         3546.79         5500.00  
    0.106       349.92          2164.69        2415.46         3550.56         5262.19  
    0.113       331.77          2171.62        2441.77         3560.14         5097.19  
    0.119       313.42          2183.97        2475.59         3568.05         4994.19  
    0.125       302.72          2206.39        2525.04         3571.08         4967.77  
    0.131       300.42          2224.45        2547.29         3589.58         4983.46  
    0.138       298.78          2238.22        2618.08         3604.94         5416.47  
    0.144       303.13          2238.56        2655.21         3609.30         5329.55  
    0.150       309.78          2237.91        2704.86         3629.12         5410.79  
    0.156       311.21          2241.82        2762.01         3640.16         5489.10  
    0.163       309.79          2244.78        2774.37         3646.93         5123.10  
    0.169       307.69          2251.10        2770.66         3661.41         4900.83  
    0.175       307.83          2263.83        2746.40         3664.20         5007.49  
    0.181       308.28          2276.15        2729.10         3657.83         4951.11  
    0.188       307.67          2294.70        2737.74         3664.60         4909.47  
    0.194       306.30          2309.77        2722.42         3610.03         4834.93  
    0.200       302.07          2314.62        2700.90         3550.90         4793.67  
    0.206       298.80          2310.50        2712.51         3571.78         4969.85  
    0.213       296.34          2313.70        2756.86         3594.38         4850.46  
    0.219       297.28          2324.06        2756.99         3664.75         4849.08  
    0.225       297.89          2330.20        2826.30         3747.90         4862.31  
    0.231       298.52          2332.56        2821.13         3750.44         4654.37  
    0.238       298.60          2336.82        2844.28         3848.61         4753.00  
    0.244       297.65          2353.56        2897.20         3989.32         5382.79  
    0.250       297.08          2351.12        2899.91         3980.79         5500.00  
    0.256       297.32          2352.08        2854.87         3916.82         5500.00  
    0.263       296.49          2361.88        2863.95         3923.09         5500.00  
    0.269       297.25          2363.08        2912.43         3940.77         5500.00  
    0.275       296.33          2366.93        2917.03         3895.46         5247.71  
    0.281       296.21          2360.56        2800.28         3767.88         4763.52  
    0.288       296.40          2354.01        2773.02         3785.53         4811.23  
    0.294       296.56          2350.88        2800.25         3900.91         5392.05  
    0.300       296.23          2357.97        2890.41         3937.20         5500.00  
    0.306       295.71          2358.66        2872.19         3859.59         5500.00  
    0.312       295.40          2362.84        2860.16         3896.36         5500.00  
    0.319       295.76          2355.25        2821.03         3898.21         5233.65  
    0.325       296.67          2351.55        2833.93         3942.66         5448.20  
    0.331       296.70          2359.23        2809.16         3930.23         5500.00  
    0.338       296.15          2356.81        2822.72         3930.40         5500.00  
    0.344       295.63          2357.31        2820.95         3954.12         5438.85  
    0.350       293.53          2362.08        2895.53         3979.76         5076.80  
    0.356       292.81          2361.47        2968.22         3962.91         4984.30  
    0.363       292.36          2366.30        2932.63         3910.84         4956.92  
    0.369       289.74          2364.61        2924.65         3948.14         4966.08  
    0.375       288.37          2365.01        2964.76         3990.76         5283.01  
    0.381       288.10          2365.24        2907.39         3922.62         5285.45  
    0.388       287.38          2363.97        2917.63         3862.23         4999.32  
    0.394       288.65          2366.59        2923.73         3851.22         4833.30  
    0.400       288.32          2367.21        2988.31         4003.35         5107.89  
    0.406       289.55          2356.80        2998.06         4145.56         5445.55  
    0.413       47.18          626.35        2456.64         3255.57         4359.33  
    