0.025       290.22          1941.87        2560.89         3643.55         4020.88  
    0.031       297.85          1980.38        2584.45         3604.32         3902.65  
    0.038       305.80          2026.84        2619.19         3553.55         3804.65  
    0.044       311.43          2060.21        2609.93         3490.31         3800.73  
    0.050       312.27          2112.63        2606.94         3447.97         3766.92  
    0.056       311.73          2152.41        2619.25         3392.05         3730.53  
    0.062       312.50          2232.80        2663.71         3461.29         3714.32  
    0.069       311.95          2254.10        2718.09         3492.98         3823.03  
    0.075       312.93          2237.81        2771.40         3434.09         3849.69  
    0.081       316.27          2282.05        2802.66         3447.97         3890.88  
    0.088       314.69          2308.02        2836.20         3540.66         4040.19  
    0.094       307.92          2330.15        2802.18         3580.43         4063.10  
    0.100       296.62          2332.00        2793.54         3557.43         3931.75  
    0.106       280.25          2364.72        2807.67         3536.67         3824.40  
    0.113       261.53          2384.60        2797.63         3499.69         3812.63  
    0.119       250.59          2386.94        2807.90         3511.30         3813.51  
    0.125       253.04          2372.96        2827.18         3468.55         3801.39  
    0.131       256.18          2376.84        2835.38         3451.58         3768.22  
    0.138       249.73          2374.97        2837.58         3464.04         3756.80  
    0.144       241.61          2360.42        2855.42         3462.49         3754.80  
    0.150       236.55          2356.40        2871.03         3429.63         3738.39  
    0.156       234.66          2347.08        2902.40         3424.29         3701.77  
    0.163       232.44          2341.73        2924.97         3486.35         3670.65  
    0.169       233.57          2338.85        2925.82         3428.80         3661.29  
    0.175       237.48          2325.94        2924.53         3329.71         3675.04  
    0.181       242.33          2317.01        2919.87         3285.64         3689.51  
    0.188       247.54          2310.97        2955.32         3342.34         3686.27  
    0.194       254.40          2302.38        2956.64         3436.89         3700.43  
    0.200       263.44          2295.42        2954.03         3514.14         3725.69  
    0.206       274.32          2297.55        2957.19         3539.63         3658.08  
    0.213       287.36          2306.99        2946.60         3380.39         3606.99  
    0.219       298.07          2303.98        2935.66         3326.79         3632.21  
    0.225       303.86          2312.22        2932.89         3363.96         3648.63  
    0.231       310.79          2346.12        2936.96         3457.55         3633.86  
    0.238       320.90          2384.29        2940.55         3560.56         3634.64  
    0.244       326.75          2387.69        2923.13         3520.66         3680.69  
    0.250       326.12          2398.81        2947.83         3527.70         3712.22  
    0.256       317.29          2400.28        2969.89         3542.69         3646.86  
    0.263       309.06          2399.47        2972.18         3469.10         3648.98  
    0.269       306.45          2390.20        2970.96         3402.49         3683.96  
    0.275       311.24          2365.59        2961.15         3413.77         3701.13  
    0.281       317.07          2358.75        2936.16         3476.84         3800.64  
    0.288       310.56          2422.73        2909.28         3445.98         3963.65  
    0.294       300.18          2449.98        2911.82         3389.13         4081.47  
    0.300       300.07          2435.45        2915.44         3416.17         4121.80  
    0.306       302.85          2419.03        2882.45         3403.86         4141.35  
    