0.025       292.27          1873.35        2664.06         3728.41         5037.74  
    0.031       296.74          1888.92        2646.81         3754.36         4892.43  
    0.038       299.34          1918.20        2656.62         3816.37         4686.07  
    0.044       298.49          1948.24        2683.57         3821.11         4575.10  
    0.050       297.46          1975.51        2676.35         3769.23         4496.62  
    0.056       295.94          2024.67        2693.12         3829.67         4602.91  
    0.062       294.74          2082.27        2722.59         3906.60         4487.22  
    0.069       294.95          2117.83        2718.72         3905.72         4502.49  
    0.075       120.20          1041.38        2362.43         3206.67         4189.25  
    0.081       0          293.81        2138.09         2743.85         3851.73  
    0.088       168.64          1405.84        2533.29         3381.22         4816.17  
    0.094       279.04          2189.45        2825.85         3812.66         5500.00  
    0.100       271.98          2217.07        2854.92         3778.85         5500.00  
    0.106       274.15          2228.25        2876.73         3727.54         5500.00  
    0.113       282.70          2229.59        2925.89         3731.76         5500.00  
    0.119       287.58          2230.57        2936.22         3735.83         5210.82  
    0.125       288.71          2248.68        2945.45         3712.42         4961.70  
    0.131       286.23          2276.57        2987.32         3765.10         5174.91  
    0.138       280.94          2300.90        3022.81         3832.08         5436.96  
    0.144       113.40          1103.96        2610.72         3391.48         4512.41  
    0.150       165.94          1502.52        2762.82         3491.90         4822.10  
    0.156       282.03          2342.91        3029.42         3764.33         5420.33  
    0.163       284.03          2337.17        2940.21         3735.71         5067.67  
    0.169       286.35          2312.31        2901.14         3720.40         4837.11  
    0.175       290.69          2291.86        2874.79         3717.48         4845.11  
    0.181       292.31          2290.27        2802.34         3723.60         4837.47  
    0.188       291.59          2292.67        2783.40         3715.55         4795.55  
    0.194       291.36          2300.27        2842.63         3673.54         4768.48  
    0.200       293.09          2307.65        2838.79         3642.28         4765.54  
    0.206       295.73          2313.09        2790.64         3637.16         4782.64  
    0.213       296.62          2317.60        2770.98         3629.72         4804.36  
    0.219       295.60          2331.98        2810.00         3607.96         4810.16  
    0.225       294.92          2345.07        2868.09         3609.55         4778.56  
    0.231       294.57          2352.12        2892.59         3617.09         4750.65  
    0.238       293.33          2363.09        2887.55         3641.87         4794.95  
    0.244       291.95          2364.10        2857.22         3658.90         4824.79  
    0.250       291.00          2359.46        2884.94         3652.12         4814.19  
    0.256       288.93          2359.73        2943.36         3635.95         4816.81  
    0.263       285.13          2356.98        2975.99         3640.09         4807.98  
    0.269       281.87          2349.65        2979.61         3642.87         4774.53  
    0.275       278.64          2348.26        2983.12         3663.41         4743.77  
    0.281       276.85          2349.05        3010.05         3655.11         4742.10  
    0.288       278.28          2347.30        3063.92         3585.13         4748.69  
    0.294       278.99          2352.07        3079.56         3574.64         4754.27  
    0.300       279.97          2350.74        3055.03         3623.71         4771.10  
    0.306       282.31          2347.31        3046.00         3656.43         4768.20  
    0.312       282.20          2352.09        3082.79         3653.54         4751.25  
    0.319       278.47          2355.96        3096.68         3619.41         4728.88  
    0.325       275.24          2349.95        3049.76         3547.67         4708.15  
    0.331       274.15          2348.59        3030.92         3524.79         4701.03  
    0.338       274.22          2365.04        3068.76         3516.55         4705.96  
    0.344       274.06          2383.95        3034.18         3521.05         4718.69  
    0.350       273.35          2362.81        2946.16         3554.66         4705.58  
    0.356       271.04          2342.63        2950.67         3516.81         4671.99  
    0.363       269.33          2361.13        3136.55         3562.09         4624.79  
    0.369       263.86          2385.29        3241.57         3685.36         4592.25  
    0.375       256.49          2399.36        3215.00         3476.21         4603.49  
    0.381       248.40          2410.06        2969.52         3340.23         4623.63  
    0.388       239.29          2418.21        2634.73         3407.44         4644.59  
    0.394       233.23          2343.09        2459.98         3509.01         4653.06  
    0.400       94.26          1071.95        2426.52         3529.36         4650.92  
    0.406       0          244.27        2434.52         3391.02         4642.61  
    