0.025       219.36          1839.87        2676.17         3823.72         4812.04  
    0.031       214.13          1839.66        2682.56         3821.16         4727.60  
    0.038       213.11          1819.27        2703.99         3734.37         4678.23  
    0.044       220.36          1841.55        2808.96         3751.80         4653.36  
    0.050       205.01          1922.88        2752.97         3749.34         4835.63  
    0.056       222.71          1901.82        2669.58         3691.14         4938.53  
    0.062       247.34          1838.57        2761.85         3712.31         4829.37  
    0.069       243.49          1853.90        3026.65         3789.67         4731.94  
    0.075       205.01          1872.62        3026.40         3830.25         4781.98  
    0.081       169.36          1833.35        2927.67         3771.77         4830.75  
    0.088       236.68          1850.80        2872.47         3782.01         4879.42  
    0.094       264.22          1898.31        2941.63         3896.78         4903.99  
    0.100       175.39          1901.33        2812.63         3867.97         4936.58  
    0.106       190.60          1894.29        2705.35         3786.29         5049.75  
    0.113       241.94          1913.07        2691.55         3758.11         4981.94  
    0.119       241.68          1914.04        2671.05         3755.51         4818.41  
    0.125       233.46          1951.42        2653.24         3717.31         4706.68  
    0.131       251.46          1968.05        2632.19         3666.34         4721.84  
    0.138       248.43          1991.81        2622.00         3661.00         4828.80  
    0.144       248.14          2028.94        2631.45         3649.33         5052.08  
    0.150       261.18          2049.68        2659.25         3640.67         5397.66  
    0.156       276.65          2067.21        2696.55         3636.52         5500.00  
    0.163       283.21          2061.61        2709.75         3580.21         5500.00  
    0.169       282.82          2080.99        2729.08         3569.89         5500.00  
    0.175       275.58          2145.81        2776.28         3580.93         5500.00  
    0.181       264.86          2158.83        2858.10         3608.04         5500.00  
    0.188       270.76          2184.70        2911.74         3608.55         5215.73  
    0.194       271.24          2214.67        2921.28         3576.46         5394.34  
    0.200       259.82          2236.51        2917.87         3539.69         5500.00  
    0.206       69.36          790.44        2458.46         3183.48         4075.79  
    0.213       0          246.59        2286.64         3128.59         3561.86  
    0.219       165.96          1723.44        2874.73         3439.05         4976.37  
    0.225       228.01          2279.19        3024.65         3568.07         5500.00  
    0.231       227.07          2239.87        2981.57         3583.46         5500.00  
    0.238       61.42          778.76        2453.39         3199.42         4098.02  
    0.244       0          234.68        2258.61         3040.07         3594.69  
    0.250       0          229.68        2245.44         3028.13         3596.71  
    0.256       0          230.32        2256.67         3052.93         3576.20  
    0.263       0          230.99        2269.90         3052.77         3567.33  
    0.269       0          230.74        2285.84         3028.00         3565.25  
    0.275       176.77          1665.27        2716.55         3387.49         4975.59  
    0.281       238.89          2216.40        2964.79         3540.16         5500.00  
    0.288       236.75          2251.38        3037.24         3530.88         5500.00  
    0.294       64.07          797.52        2509.83         3206.82         4062.31  
    0.300       0          259.35        2311.33         3124.20         3531.18  
    0.306       0          250.11        2309.44         3194.71         3542.67  
    0.312       192.29          1739.14        2984.42         3475.18         4970.65  
    0.319       272.50          2282.90        3207.67         3588.76         5500.00  
    0.325       266.70          2275.12        3211.35         3574.66         5500.00  
    0.331       252.10          2284.53        3145.67         3539.47         5500.00  
    0.338       257.16          2313.83        3025.83         3497.10         5500.00  
    0.344       271.89          2315.58        3161.04         3471.96         5500.00  
    0.350       276.69          2310.65        3172.12         3513.63         5500.00  
    0.356       279.69          2303.78        3053.70         3544.21         5500.00  
    0.363       281.87          2298.02        2994.90         3542.87         5500.00  
    0.369       280.36          2326.11        3056.20         3578.94         5500.00  
    0.375       281.99          2358.83        3088.25         3604.15         5500.00  
    0.381       293.74          2359.16        3097.18         3587.83         5500.00  
    0.388       298.26          2372.59        3067.94         3580.87         5500.00  
    0.394       299.73          2372.98        3092.49         3606.67         5500.00  
    0.400       299.40          2369.93        3069.41         3618.82         5500.00  
    0.406       298.20          2379.37        3079.18         3611.79         5500.00  
    0.413       302.01          2411.35        3044.35         3594.04         5500.00  
    0.419       301.27          2407.59        2846.86         3586.48         5500.00  
    0.425       300.07          2295.02        2747.13         3588.60         5500.00  
    0.431       296.86          2179.84        2808.61         3606.61         5500.00  
    0.438       302.22          2173.93        2797.96         3573.05         5500.00  
    0.444       82.55          813.29        2667.02         3034.07         4108.88  
    0.450       0          310.40        2606.70         2948.98         3633.10  
    0.456       0          271.71        2585.10         2867.32         3665.40  
    