0.025       343.39          1870.63        2544.04         2549.17         4106.31  
    0.031       341.60          1806.61        2465.23         2595.09         4262.97  
    0.038       336.48          1787.86        2457.57         2626.84         4422.57  
    0.044       333.32          1823.70        2501.35         2642.78         4543.94  
    0.050       332.45          1837.24        2514.21         2651.73         4599.48  
    0.056       328.88          1846.93        2533.26         2900.30         4603.34  
    0.062       325.33          1848.96        2544.53         3156.64         4539.56  
    0.069       326.06          1855.78        2544.72         3205.62         4480.12  
    0.075       326.94          1872.84        2555.42         3111.90         4378.63  
    0.081       328.55          1886.09        2575.24         3226.53         4381.22  
    0.088       328.41          1872.64        2606.37         3299.47         4463.74  
    0.094       330.05          1912.78        2605.95         3325.96         4462.07  
    0.100       330.32          1934.06        2606.66         3553.12         4518.33  
    0.106       328.06          1920.31        2618.53         3558.37         4573.34  
    0.113       328.30          1920.66        2617.47         3438.25         4499.07  
    0.119       330.62          1932.82        2614.29         3741.85         4378.53  
    0.125       332.05          1952.04        2642.38         4103.83         4416.07  
    0.131       332.55          1951.83        2655.77         4209.02         4293.44  
    0.138       334.97          1954.11        2627.11         3948.92         4308.60  
    0.144       337.49          1965.54        2620.74         3703.89         4459.96  
    0.150       338.11          1982.51        2628.15         3658.03         4497.40  
    0.156       338.45          2017.58        2636.14         3559.37         4461.44  
    0.163       339.72          2059.33        2648.60         3370.76         4489.31  
    0.169       340.67          2097.11        2665.64         3389.68         4603.18  
    0.175       338.26          2121.21        2676.77         3391.99         4647.48  
    0.181       337.59          2142.09        2695.35         3497.42         4638.72  
    0.188       339.22          2167.80        2716.99         3567.67         4636.13  
    0.194       342.30          2200.88        2739.09         3550.79         4666.79  
    0.200       344.89          2232.88        2758.48         3535.79         4701.59  
    0.206       344.99          2245.39        2765.22         3526.26         4748.39  
    0.213       342.88          2261.76        2766.10         3549.11         4830.93  
    0.219       340.83          2287.27        2800.24         3548.12         4929.41  
    0.225       336.26          2301.30        2856.92         3604.11         4933.42  
    0.231       331.64          2310.68        2886.56         3769.87         4900.20  
    0.238       326.84          2317.03        2900.99         3939.93         4829.10  
    0.244       322.64          2321.26        2933.19         4004.20         4815.17  
    0.250       318.95          2326.23        2976.04         3986.40         4889.86  
    0.256       312.52          2335.09        3004.31         4034.95         4859.06  
    0.263       305.91          2340.22        2995.28         3862.78         4866.87  
    0.269       302.78          2340.75        2995.88         3747.22         4909.36  
    0.275       300.94          2343.74        3019.87         3733.07         4901.36  
    0.281       299.03          2354.01        3023.63         3734.82         4894.48  
    0.288       297.79          2359.08        3015.64         3679.16         4894.02  
    0.294       299.59          2362.14        3021.78         3679.45         4860.26  
    0.300       300.01          2357.72        3032.02         3788.00         4822.31  
    0.306       299.56          2355.54        3036.57         3832.16         4821.26  
    0.312       300.17          2363.99        3052.74         3841.26         4821.79  
    0.319       299.88          2376.71        3054.83         4007.24         4769.85  
    0.325       299.02          2383.03        3041.51         3891.70         4773.17  
    0.331       298.97          2377.18        3007.66         3760.35         4861.72  
    0.338       297.82          2373.99        3016.01         3687.09         4894.24  
    0.344       296.58          2377.33        3059.47         3735.49         4852.36  
    0.350       296.77          2386.49        3030.88         3771.63         4944.13  
    0.356       297.23          2390.65        3023.17         3775.23         5013.27  
    0.363       296.83          2399.98        3021.12         3801.89         4943.97  
    0.369       298.14          2410.93        3005.86         3827.17         4843.11  
    0.375       297.94          2416.50        2990.88         3849.52         4798.12  
    0.381       295.73          2416.29        3001.15         3849.10         4794.58  
    0.388       294.13          2415.18        3042.75         3843.38         4767.98  
    0.394       292.91          2410.23        3030.48         3684.18         4782.90  
    0.400       291.82          2415.38        3037.91         3622.49         4802.05  
    0.406       290.63          2414.80        3053.25         3856.85         4725.61  
    0.413       290.07          2427.13        3061.46         3911.14         4687.13  
    0.419       290.50          2457.93        3080.69         4014.39         4674.87  
    0.425       290.37          2452.32        3035.14         3782.91         4693.43  
    0.431       291.75          2457.18        3012.72         3482.99         4686.30  
    0.438       297.45          2447.37        3020.57         3698.26         4646.43  
    