0.025       40.67          1467.62        2221.73         2535.95         3652.54  
    0.031       211.76          1492.69        2238.59         2545.92         3646.88  
    0.038       319.90          1517.31        2247.48         2593.94         3635.77  
    0.044       354.43          1559.39        2231.77         2615.78         3632.00  
    0.050       376.33          1587.06        2273.77         2606.33         3630.99  
    0.056       380.93          1581.85        2285.99         2597.86         3614.20  
    0.062       379.96          1569.77        2267.22         2561.77         3603.36  
    0.069       381.90          1599.52        2257.57         2545.84         3602.34  
    0.075       384.40          1703.25        2289.20         2563.11         3593.05  
    0.081       384.87          1803.61        2320.21         2560.65         3596.65  
    0.088       383.85          1884.50        2363.37         2632.28         3596.51  
    0.094       382.77          1947.15        2393.20         2836.25         3603.40  
    0.100       380.98          1949.76        2399.97         3158.58         3591.42  
    0.106       375.14          1962.18        2400.32         3436.02         3631.47  
    0.113       365.82          1994.83        2416.03         3505.84         3999.51  
    0.119       346.75          2030.96        2457.27         3513.70         4568.20  
    0.125       321.74          2049.39        2534.08         3528.03         4832.80  
    0.131       300.27          2056.00        2648.55         3543.09         4543.46  
    0.138       288.05          2065.26        2755.95         3560.40         4207.18  
    0.144       282.72          2075.27        2823.06         3571.46         4205.71  
    0.150       280.31          2078.00        2874.41         3579.64         4348.93  
    0.156       280.79          2079.52        2912.88         3561.64         4772.90  
    0.163       279.53          2106.31        2946.40         3566.60         5325.58  
    0.169       279.39          2125.94        2961.55         3561.03         5500.00  
    0.175       278.81          2110.60        2990.14         3567.69         5500.00  
    0.181       278.45          2095.12        3017.00         3597.63         5500.00  
    0.188       279.75          2095.17        3028.58         3604.27         5500.00  
    0.194       280.72          2096.37        3019.47         3563.16         5500.00  
    0.200       282.85          2104.68        3042.04         3568.35         5500.00  
    0.206       283.85          2113.10        3077.62         3592.28         5500.00  
    0.213       285.38          2112.98        3070.49         3600.62         5500.00  
    0.219       286.92          2096.48        3059.08         3597.85         5500.00  
    0.225       288.47          2093.41        3057.42         3560.24         5500.00  
    0.231       291.43          2106.55        3060.25         3539.05         5400.59  
    0.238       295.27          2114.41        3043.88         3537.52         5314.92  
    0.244       296.93          2120.44        3017.65         3538.82         5294.09  
    0.250       300.61          2117.27        3040.17         3557.95         5299.21  
    0.256       301.58          2099.97        3065.07         3574.16         5352.00  
    0.263       295.83          2084.94        3064.40         3572.63         5345.53  
    0.269       286.79          2081.65        3061.42         3533.27         5308.93  
    0.275       277.30          2084.37        3061.11         3483.77         5293.65  
    0.281       261.18          2094.31        3086.83         3513.81         5295.10  
    0.288       284.21          2101.79        3111.46         3551.71         5306.40  
    0.294       309.27          2108.57        3109.30         3562.80         5284.84  
    0.300       316.31          2114.02        3110.10         3565.80         5264.67  
    0.306       313.81          2125.89        3088.80         3553.20         5273.99  
    0.312       310.33          2133.05        3046.70         3508.50         5273.59  
    0.319       305.28          2132.07        3007.55         3495.64         5287.34  
    0.325       302.05          2118.36        3001.06         3463.19         5282.10  
    0.331       296.20          2087.19        3024.16         3493.02         5269.34  
    0.338       288.11          2069.75        3028.91         3528.71         5308.44  
    0.344       282.45          2075.23        3021.62         3548.33         5445.85  
    0.350       281.70          2083.96        3021.16         3571.58         5500.00  
    0.356       276.85          2088.10        3026.34         3588.51         5468.39  
    0.363       272.32          2095.08        3025.70         3587.34         5485.49  
    0.369       284.13          2104.09        3015.47         3553.74         5368.75  
    0.375       290.50          2112.88        3012.96         3564.70         5299.44  
    0.381       287.48          2129.97        3040.07         3587.25         5363.05  
    0.388       279.05          2144.39        3047.54         3594.91         5466.71  
    0.394       251.83          2144.93        3096.68         3613.13         5500.00  
    0.400       231.45          2143.09        3124.15         3631.13         5500.00  
    0.406       258.04          2143.90        3098.16         3656.76         5500.00  
    0.413       294.71          2144.92        3053.11         3710.11         5500.00  
    0.419       305.71          2151.73        3065.25         3723.66         5457.94  
    0.425       296.80          2169.32        3075.00         3686.06         5480.70  
    0.431       280.87          2192.45        3078.78         3669.91         5399.51  
    0.438       271.01          2202.72        3204.21         3676.27         5364.68  
    0.444       295.93          2207.05        3534.98         3999.41         5459.07  
    0.450       285.78          2241.59        3157.39         3838.04         5126.33  
    0.456       274.43          2250.34        2671.77         3706.22         4561.76  
    