0.025       489.05          1634.95        2344.33         3753.85         4431.35  
    0.031       408.49          1616.08        2334.30         3859.46         4288.38  
    0.038       401.53          1655.76        2308.03         3918.25         4469.82  
    0.044       370.67          1695.92        2299.52         3983.91         4496.98  
    0.050       50.48          234.94        1735.48         2514.18         4051.85  
    0.056       0          0        1816.04         2357.76         3926.82  
    0.062       296.37          1716.62        2331.04         3737.48         4269.28  
    0.069       402.18          1991.87        2391.98         3777.24         4122.14  
    0.075       416.55          2023.43        2376.21         3654.23         4142.44  
    0.081       415.16          2065.42        2378.15         3622.30         5313.70  
    0.088       408.09          2081.83        2363.63         3615.59         5304.27  
    0.094       398.14          2111.68        2354.92         3612.19         4980.12  
    0.100       386.54          2145.84        2367.08         3622.72         5037.92  
    0.106       364.90          2156.19        2383.66         3614.82         4769.97  
    0.113       332.54          2160.36        2389.53         3611.19         4564.02  
    0.119       305.21          2174.35        2399.87         3610.26         4527.88  
    0.125       299.20          2189.05        2408.09         3622.34         4551.86  
    0.131       293.14          2208.41        2428.15         3639.00         4523.90  
    0.138       296.43          2220.11        2453.55         3643.33         4518.60  
    0.144       311.06          2223.44        2474.90         3648.45         4445.06  
    0.150       315.50          2228.45        2510.48         3661.31         4518.43  
    0.156       314.06          2227.92        2506.32         3667.02         4389.01  
    0.163       309.77          2223.37        2471.47         3680.95         4252.28  
    0.169       306.43          2231.31        2455.32         3693.74         4371.49  
    0.175       306.58          2235.76        2443.76         3693.77         4418.73  
    0.181       305.40          2248.45        2453.58         3699.44         4356.50  
    0.188       305.87          2269.69        2428.64         3681.45         4376.72  
    0.194       302.16          2289.76        2453.40         3670.71         4432.11  
    0.200       297.88          2286.34        2490.93         3684.50         4545.52  
    0.206       294.10          2280.83        2521.30         3680.84         4495.35  
    0.213       294.23          2277.27        2485.37         3681.17         4448.83  
    0.219       295.01          2288.54        2485.58         3724.81         4476.30  
    0.225       296.34          2294.19        2520.20         3718.08         4420.10  
    0.231       296.87          2302.37        2531.17         3733.75         4414.90  
    0.238       296.22          2332.23        2543.31         3790.04         4488.11  
    0.244       295.88          2336.82        2588.29         3798.98         4437.34  
    0.250       296.44          2333.28        2584.24         3807.58         4452.62  
    0.256       294.88          2346.13        2554.58         3816.77         4521.44  
    0.263       295.69          2351.88        2563.38         3850.07         4673.09  
    0.269       294.98          2356.04        2566.08         3817.97         4579.69  
    0.275       294.16          2352.07        2502.69         3804.43         4451.98  
    0.281       294.49          2339.07        2471.89         3800.33         4478.06  
    0.288       294.86          2329.25        2468.45         3822.43         4644.48  
    0.294       294.46          2349.41        2479.80         3849.57         4729.67  
    0.300       294.32          2354.77        2492.81         3834.28         4713.34  
    0.306       294.33          2359.83        2497.18         3841.27         4777.95  
    0.312       294.93          2355.59        2497.44         3846.55         4734.85  
    0.319       295.97          2346.69        2489.65         3842.73         4635.61  
    0.325       296.70          2355.09        2481.35         3864.69         4629.84  
    0.331       296.53          2359.49        2486.29         3866.96         4630.75  
    0.338       296.29          2354.07        2474.15         3898.48         4581.18  
    0.344       294.61          2357.83        2531.30         3893.54         4500.19  
    0.350       293.17          2356.08        2556.05         3877.71         4456.24  
    0.356       293.01          2358.70        2556.55         3848.95         4494.47  
    0.363       290.92          2357.06        2561.23         3857.30         4507.35  
    0.369       288.89          2360.38        2596.77         3877.76         4541.64  
    