0.025       0          341.09        2016.10         2491.88         4492.25  
    0.031       0          337.70        2011.28         2435.04         4383.58  
    0.038       173.53          1190.73        2179.94         2483.00         4901.76  
    0.044       336.22          2007.85        2335.85         2638.37         5486.29  
    0.050       331.05          1993.69        2319.01         2840.04         5359.37  
    0.056       321.95          1981.82        2362.40         3076.39         5377.53  
    0.062       154.06          1132.39        2214.09         2818.16         4465.92  
    0.069       162.05          1173.39        2250.43         2969.06         4506.38  
    0.075       318.80          1986.18        2452.30         3429.10         5317.27  
    0.081       318.23          1973.04        2429.03         3428.33         5050.69  
    0.088       316.51          1960.13        2398.16         3436.80         4817.40  
    0.094       316.47          1942.61        2362.06         3443.00         4631.83  
    0.100       315.38          1920.85        2318.19         3451.32         4615.46  
    0.106       313.80          1901.64        2258.77         3447.36         4632.80  
    0.113       311.86          1887.26        2218.02         3439.09         4701.35  
    0.119       307.94          1887.48        2232.37         3453.44         5144.93  
    0.125       302.39          1888.22        2260.48         3463.16         5412.93  
    0.131       297.06          1873.34        2252.99         3443.52         5416.34  
    0.138       292.88          1851.04        2202.36         3410.12         5190.36  
    0.144       288.69          1836.97        2131.22         3380.88         4882.24  
    0.150       286.62          1840.07        2079.01         3371.26         4920.65  
    0.156       287.64          1852.79        2049.42         3494.90         5238.99  
    0.163       290.11          1869.50        2042.48         3570.11         5500.00  
    0.169       296.44          1888.39        2101.58         3529.18         5500.00  
    0.175       306.01          1904.12        2190.76         3530.89         5500.00  
    0.181       313.90          1911.06        2233.12         3538.66         5500.00  
    0.188       320.33          1913.89        2242.81         3542.79         5500.00  
    0.194       158.55          1107.65        2099.02         2912.59         4499.51  
    0.200       0          334.41        1979.66         2372.35         3538.95  
    0.206       0          338.18        2011.30         2470.23         3543.53  
    0.213       0          338.89        2015.90         2526.33         3546.19  
    0.219       172.64          1185.03        2299.05         3053.90         4542.11  
    0.225       339.21          1985.92        2603.09         3560.45         4690.45  
    0.231       341.10          1997.18        2697.87         3602.45         4722.12  
    0.238       167.73          1163.87        2421.78         3215.02         4562.70  
    0.244       0          341.01        2091.71         2836.43         3670.05  
    0.250       0          340.44        2093.42         2878.81         3692.27  
    0.256       0          341.96        2091.40         2941.06         3754.14  
    0.263       174.84          1200.09        2550.50         3394.85         4373.10  
    0.269       342.07          2013.74        3005.90         3780.32         4964.16  
    0.275       341.88          1998.11        3015.00         3767.30         5073.52  
    0.281       342.93          2013.96        3012.96         3813.43         5324.17  
    0.288       342.28          2047.29        3015.87         3864.65         5500.00  
    0.294       339.98          2033.43        3033.29         3873.20         5500.00  
    0.300       336.71          1997.42        3061.41         3868.93         5500.00  
    0.306       333.83          1995.61        3079.23         3856.11         5500.00  
    0.312       333.43          1998.04        3071.67         3850.13         5326.02  
    0.319       334.54          2011.43        3074.35         3862.02         5110.37  
    0.325       336.83          2048.07        3102.01         3855.71         5061.94  
    0.331       338.91          2067.70        3119.54         3834.76         5093.69  
    0.338       339.49          2086.47        3132.02         3844.02         5058.51  
    0.344       339.41          2113.28        3154.84         3877.65         4976.13  
    0.350       340.99          2125.92        3173.16         3888.43         4962.83  
    0.356       344.10          2107.44        3173.17         3851.07         4998.42  
    0.363       346.38          2085.45        3186.47         3809.69         5075.34  
    0.369       347.93          2128.03        3222.26         3811.02         5135.38  
    0.375       347.69          2233.15        3254.38         3911.34         5135.58  
    0.381       346.65          2301.30        3263.07         4036.74         5177.58  
    0.388       346.95          2301.46        3251.31         3987.51         5159.49  
    0.394       348.25          2272.36        3219.93         3880.82         5078.71  
    0.400       349.79          2240.80        3186.54         3862.10         5066.51  
    0.406       351.50          2255.96        3185.12         3870.45         5099.44  
    0.413       352.69          2349.81        3261.55         4085.29         5319.80  
    0.419       352.55          2417.12        3296.61         4407.65         5500.00  
    0.425       353.46          2369.52        3226.42         4253.29         5176.77  
    0.431       355.18          2313.51        3182.34         3971.37         4884.78  
    0.438       355.70          2286.68        3189.73         3969.26         4932.88  
    0.444       356.74          2250.21        3215.12         3971.25         5000.71  
    0.450       358.22          2263.42        3258.19         4013.46         5207.91  
    0.456       359.82          2331.31        3315.25         4208.99         5436.88  
    0.463       362.35          2375.67        3351.78         4419.65         5500.00  
    0.469       365.94          2412.02        3328.82         4493.14         5500.00  
    0.475       369.97          2459.56        3292.19         4477.47         5500.00  
    0.481       372.95          2471.57        3317.48         4488.94         5500.00  
    0.488       375.00          2476.15        3345.99         4526.85         5500.00  
    0.494       376.98          2488.82        3335.21         4475.01         5500.00  
    0.500       378.56          2492.55        3326.79         4446.16         5500.00  
    0.506       379.66          2448.37        3349.38         4482.49         5500.00  
    0.513       380.26          2419.94        3381.25         4552.27         5500.00  
    0.519       381.06          2488.71        3399.37         4683.99         5500.00  
    0.525       187.08          1440.37        2927.60         4071.52         4998.56  
    0.531       0          384.50        2451.00         3400.79         4509.70  
    0.537       0          380.28        2388.23         3399.68         4561.48  
    0.544       0          364.23        2323.74         3426.38         4650.80  
    0.550       0          336.06        2357.11         3471.72         4637.75  
    0.556       0          297.60        2416.56         3514.26         4585.51  
    0.562       0          274.36        2449.36         3561.42         4582.34  
    0.569       0          268.79        2451.95         3565.96         4560.91  
    