0.025       205.13          1737.94        2539.02         3875.01         4650.42  
    0.031       199.32          1726.85        2549.92         3806.12         4529.10  
    0.038       192.53          1756.46        2562.30         3739.41         4352.20  
    0.044       152.04          1806.45        2703.61         3740.70         4316.93  
    0.050       48.60          688.85        2198.33         3109.45         3939.48  
    0.056       0          0        1758.50         2599.28         3708.55  
    0.062       0          0        1752.88         2717.92         3749.10  
    0.069       0          0        1821.17         2887.01         3806.76  
    0.075       0          0        1779.78         2628.22         3773.81  
    0.081       0          1045.18        2122.42         3254.55         4238.89  
    0.088       0          1689.44        2329.50         3765.90         4413.33  
    0.094       0          1711.21        2388.40         3792.26         4254.99  
    0.100       0          1750.23        2482.77         3763.39         4368.32  
    0.106       0          667.94        2092.03         3009.11         4017.96  
    0.113       0          0        1842.95         2563.40         3749.94  
    0.119       0          0        1881.92         2572.26         3737.27  
    0.125       0          0        1931.67         2574.56         3693.42  
    0.131       0          0        1959.24         2556.19         3667.68  
    0.138       0          0        1991.05         2568.71         3661.61  
    0.144       119.44          1261.44        2381.27         3237.30         3983.15  
    0.150       205.02          2039.99        2629.11         3652.05         4155.20  
    0.156       227.04          2052.62        2658.04         3639.39         4205.03  
    0.163       241.97          2056.35        2692.98         3596.54         4636.41  
    0.169       241.58          2109.67        2725.44         3585.80         5263.71  
    0.175       214.82          2148.87        2778.66         3606.92         5223.22  
    0.181       218.14          2154.82        2826.71         3630.90         4484.60  
    0.188       243.68          2185.71        2850.94         3612.48         4035.77  
    0.194       247.09          2212.14        2857.88         3582.79         3970.02  
    0.200       237.53          2237.99        2884.95         3552.39         3797.15  
    0.206       231.29          2265.63        3013.83         3506.51         3622.18  
    0.213       215.58          2273.83        3122.48         3545.41         3770.27  
    0.219       207.11          2276.48        3060.26         3584.32         4890.44  
    0.225       210.01          2263.47        2980.21         3604.29         5500.00  
    0.231       79.98          953.05        2518.16         3253.52         4315.56  
    0.238       0          150.85        2258.44         3054.76         3606.78  
    0.244       0          137.48        2252.63         3032.72         3612.69  
    0.250       0          129.15        2252.95         3056.95         3601.02  
    0.256       0          47.72        852.91         2574.81         3274.98  
    0.263       0          0        0         2279.31         3077.30  
    0.269       0          0        0         2289.88         3036.31  
    0.275       0          310.30        1422.94         2754.48         3364.62  
    0.281       0          708.13        2283.94         3082.28         3563.91  
    0.288       0          816.77        2300.82         3141.93         3554.91  
    0.294       0          891.23        2314.05         3191.40         3551.96  
    0.300       0          1049.09        2314.56         3262.11         3558.70  
    0.306       0          916.63        2307.78         3307.43         3580.12  
    0.312       0          301.17        870.36         2678.11         3376.19  
    0.319       0          0        0         2293.24         3247.66  
    0.325       0          62.85        1423.16         2900.75         3450.34  
    0.331       115.03          1472.96        2824.66         3426.62         4771.99  
    0.338       172.47          2300.49        3200.00         3497.04         5500.00  
    0.344       147.03          2305.84        3259.69         3516.61         5500.00  
    0.350       148.95          2312.13        3168.21         3557.65         5500.00  
    0.356       90.99          2302.70        3028.60         3563.20         5500.00  
    0.363       19.30          867.60        1127.38         2779.66         4009.60  
    0.369       110.66          1444.52        1954.75         3123.90         4595.12  
    0.375       200.46          2340.16        3126.40         3608.73         5500.00  
    0.381       246.01          2362.06        3088.54         3590.64         5500.00  
    0.388       267.58          2373.96        3093.67         3604.50         5500.00  
    