0.025       258.07          1920.02        2614.19         3772.75         4375.69  
    0.031       272.98          1950.78        2654.21         3748.96         4354.57  
    0.038       273.96          1978.84        2641.01         3712.79         4305.49  
    0.044       264.00          2025.43        2648.67         3699.76         4176.01  
    0.050       257.01          2074.02        2670.00         3642.81         4112.73  
    0.056       253.08          2108.17        2669.10         3612.11         4007.63  
    0.062       249.58          2103.51        2681.05         3299.34         3987.87  
    0.069       244.73          2123.48        2702.16         3282.54         3928.62  
    0.075       235.61          2146.58        2745.39         3503.16         3908.64  
    0.081       225.47          2172.15        2800.79         3530.70         3903.65  
    0.088       219.32          2195.29        2815.32         3459.55         3876.44  
    0.094       225.67          2207.58        2815.37         3717.36         3910.44  
    0.100       237.98          2219.92        2859.93         3773.72         4297.33  
    0.106       242.81          2228.15        2877.43         3804.32         4903.00  
    0.113       244.86          2248.72        2884.29         3793.07         4826.97  
    0.119       240.95          2273.09        2913.94         3818.89         4603.23  
    0.125       233.63          2289.38        2912.42         3836.26         4307.22  
    0.131       229.57          2299.70        2910.73         3829.80         4171.12  
    0.138       233.98          2312.99        2915.81         3797.40         4506.90  
    0.144       239.65          2318.07        2941.65         3793.50         4822.20  
    0.150       242.84          2318.26        2889.39         3796.42         4770.78  
    0.156       247.67          2296.83        2888.02         3794.32         4751.38  
    0.163       255.35          2283.39        2869.49         3785.47         4833.36  
    0.169       256.71          2283.75        2784.16         3785.20         4779.48  
    0.175       255.84          2287.17        2763.24         3782.50         4738.60  
    0.181       255.38          2299.48        2833.70         3769.62         4722.42  
    0.188       259.01          2302.21        2819.01         3748.73         4711.78  
    0.194       263.05          2303.09        2770.78         3732.68         4715.92  
    0.200       263.73          2306.70        2741.03         3719.40         4735.14  
    0.206       262.83          2321.17        2761.53         3707.92         4720.19  
    0.213       262.80          2335.20        2801.59         3721.01         4668.61  
    0.219       263.08          2338.91        2823.77         3719.85         4644.15  
    0.225       262.88          2355.40        2827.97         3751.19         4665.31  
    0.231       262.02          2357.55        2790.18         3751.60         4693.28  
    0.238       262.10          2351.32        2785.12         3748.11         4665.89  
    0.244       260.49          2355.83        2903.32         3761.04         4696.81  
    0.250       256.75          2352.66        2955.87         3770.90         4690.48  
    0.256       254.61          2344.27        2959.46         3766.54         4677.01  
    0.263       251.33          2343.50        2944.77         3763.18         4675.27  
    0.269       250.47          2342.00        2973.46         3745.89         4696.86  
    0.275       253.81          2332.47        2967.98         3705.83         4698.95  
    0.281       254.78          2337.31        2903.49         3735.33         4692.07  
    0.288       258.25          2330.87        2913.61         3736.58         4689.99  
    0.294       263.12          2332.00        2940.51         3731.84         4679.32  
    0.300       262.37          2344.95        2975.41         3731.78         4686.83  
    0.306       257.02          2343.94        2964.01         3738.10         4678.67  
    0.312       254.37          2328.56        2889.21         3697.97         4664.88  
    0.319       253.69          2327.37        2874.97         3713.38         4670.54  
    0.325       253.53          2342.21        2882.36         3707.29         4674.32  
    0.331       253.21          2341.00        2847.68         3691.51         4671.72  
    0.338       252.00          2310.13        2819.31         3715.95         4672.97  
    0.344       248.40          2318.32        2763.38         3722.54         4670.01  
    0.350       246.25          2349.49        2882.54         3711.27         4627.04  
    0.356       237.90          2375.00        2967.11         3651.20         4579.97  
    0.363       230.09          2392.01        2809.12         3678.15         4609.60  
    0.369       221.23          2405.35        2644.08         3669.19         4628.75  
    0.375       210.94          2413.83        2492.57         3676.45         4643.02  
    0.381       204.27          2351.06        2425.23         3750.09         4653.41  
    