0.025       347.55          1735.75        2818.01         3309.12         3886.02  
    0.031       344.08          1712.69        2862.09         3394.70         3865.40  
    0.038       346.13          1704.16        2879.24         3475.54         4184.90  
    0.044       341.77          1698.93        2861.49         3456.57         4101.34  
    0.050       312.32          1705.36        2822.79         3479.48         4144.11  
    0.056       272.12          1712.77        2854.27         3470.09         4396.02  
    0.062       254.82          1732.09        2848.95         3455.98         4391.10  
    0.069       245.38          1786.29        2820.30         3456.84         4450.14  
    0.075       240.52          1802.40        2878.47         3457.63         4380.79  
    0.081       249.13          1832.22        2966.32         3503.36         4342.37  
    0.088       259.03          1898.58        2950.47         3736.00         4353.94  
    0.094       282.92          1929.60        2944.66         3786.72         4292.28  
    0.100       341.92          1911.57        2952.94         3917.90         4227.71  
    0.106       13.90          450.10        2018.94         3004.98         4206.73  
    0.113       0          409.16        2033.98         2961.71         4233.37  
    0.119       0          418.27        2059.53         2936.77         4210.25  
    0.125       0          418.40        2102.62         2918.22         4132.92  
    0.131       0          422.25        2181.95         2923.12         4201.22  
    0.138       0          429.05        2248.89         2933.19         4223.59  
    0.144       0          429.88        2255.62         2932.94         4256.58  
    0.150       0          427.88        2275.10         2938.14         4454.94  
    0.156       0          423.79        2286.32         2960.04         4288.51  
    0.163       0          418.74        2305.46         2997.37         4361.99  
    0.169       0          413.37        2338.99         2971.57         4403.26  
    0.175       0          409.52        2350.63         2912.54         4297.33  
    0.181       0          396.45        2354.98         2895.07         4194.39  
    0.188       0          377.96        2362.92         2898.78         4170.42  
    0.194       0          378.87        2356.41         2915.12         4231.38  
    0.200       0          391.57        2352.69         2967.55         4303.60  
    0.206       0          398.77        2353.57         3031.18         4332.19  
    0.213       0          402.07        2343.99         3015.61         4400.01  
    0.219       0          407.62        2358.14         3007.16         4305.19  
    0.225       0          416.70        2366.05         3003.62         4235.62  
    0.231       0          419.79        2394.00         3046.05         4171.18  
    0.238       0          421.73        2435.21         3110.97         4013.15  
    0.244       0          427.12        2442.19         3149.41         3991.78  
    0.250       0          428.32        2436.63         3112.42         3994.46  
    0.256       0          427.75        2419.52         3102.38         3955.15  
    0.263       0          425.74        2399.08         3077.29         3804.11  
    0.269       0          424.91        2395.09         3066.95         3825.43  
    0.275       0          424.17        2391.13         3058.88         4111.70  
    0.281       405.38          1134.07        2376.98         3027.32         4257.87  
    0.288       17.05          453.60        2363.60         3005.58         4117.71  
    0.294       0          423.10        2353.14         3008.22         3740.01  
    0.300       0          421.07        2339.88         2998.02         3596.35  
    0.306       0          419.44        2339.96         2974.01         3576.27  
    0.312       0          415.41        2349.29         2951.22         3417.98  
    0.319       0          408.40        2327.40         2931.03         3391.37  
    0.325       0          400.33        2319.94         2906.58         3537.28  
    0.331       0          396.74        2523.55         2894.13         3717.76  
    0.338       0          398.48        2682.47         2895.73         3880.56  
    0.344       0          396.94        2580.54         2926.84         3785.42  
    0.350       0          390.08        2492.36         2934.13         3979.45  
    0.356       0          380.79        2480.05         2910.91         3955.17  
    0.363       0          377.65        2435.31         2908.66         3890.20  
    0.369       0          374.49        2385.14         2938.43         3775.39  
    0.375       0          360.11        2355.54         2924.99         3683.95  
    0.381       0          348.16        2337.28         2939.60         3829.58  
    0.388       0          344.93        2357.52         2972.69         3837.60  
    