0.025       311.64          1751.87        2095.14         3243.78         3845.03  
    0.031       313.64          1746.45        2085.59         3263.03         3866.36  
    0.038       314.37          1733.68        2074.98         3253.56         3846.11  
    0.044       316.06          1738.36        2075.89         3193.08         3754.40  
    0.050       317.68          1825.62        2098.31         2805.19         3754.33  
    0.056       318.97          1868.44        2112.51         2638.86         3768.47  
    0.062       320.51          1882.65        2109.07         2705.80         3782.87  
    0.069       318.25          1858.17        2119.22         2933.38         3792.19  
    0.075       316.89          1896.78        2179.81         3308.27         3724.68  
    0.081       316.30          1932.61        2222.67         3335.71         3736.46  
    0.088       315.80          1947.77        2266.43         3501.57         3785.46  
    0.094       317.31          1905.09        2288.53         3447.11         4180.88  
    0.100       316.60          1878.53        2325.56         3546.51         4338.05  
    0.106       305.87          1888.34        2299.24         3555.64         4361.32  
    0.113       295.68          1893.76        2325.95         3782.62         4358.80  
    0.119       278.71          1881.14        2358.34         4041.03         4384.72  
    0.125       205.51          1863.03        2388.84         4148.54         4638.86  
    0.131       140.97          1903.06        2469.01         4151.54         4605.73  
    0.138       172.97          1976.04        2536.45         4169.05         4614.76  
    0.144       245.23          2069.60        2574.04         4142.49         4369.25  
    0.150       278.75          2150.03        2624.58         3623.71         4286.15  
    0.156       294.82          2246.33        2693.61         3341.21         4259.94  
    0.163       302.39          2333.72        2772.96         3408.31         4182.82  
    0.169       303.21          2391.72        2851.71         3375.61         4083.19  
    0.175       299.53          2429.14        2910.64         3353.98         4083.31  
    0.181       292.17          2454.97        2935.81         3691.03         4020.13  
    0.188       284.00          2495.30        2947.36         3911.05         4005.68  
    0.194       276.41          2527.54        2967.26         3952.07         3966.25  
    0.200       275.92          2556.42        3041.52         3899.00         3939.46  
    0.206       280.46          2571.59        3128.16         3761.46         4019.48  
    0.213       275.85          2567.31        3164.16         3603.31         4111.11  
    0.219       264.56          2532.31        3170.33         3555.27         4196.68  
    0.225       256.59          2509.59        3204.33         3628.82         4217.17  
    0.231       251.82          2479.76        3213.18         3710.70         4362.50  
    0.238       243.02          2447.46        3224.75         3776.27         4562.71  
    0.244       233.00          2479.25        3246.84         3817.34         5297.95  
    0.250       236.28          2530.20        3189.12         3830.65         4684.72  
    0.256       241.05          2541.30        2961.06         3768.99         4348.36  
    0.263       240.69          2575.79        2965.14         3743.47         4392.82  
    0.269       239.38          2604.74        2987.65         3723.88         4384.56  
    0.275       236.84          2615.06        2925.93         3723.48         4384.49  
    0.281       236.00          2586.68        3365.96         3703.50         4363.14  
    0.288       237.58          2588.69        3441.63         3873.31         5240.62  
    0.294       242.51          2587.45        3348.56         3911.68         5500.00  
    0.300       250.42          2578.03        3344.94         3894.37         5500.00  
    0.306       260.98          2568.42        3348.27         3935.96         5500.00  
    0.312       268.58          2554.89        3328.19         3847.98         5500.00  
    0.319       275.76          2532.84        3310.22         3779.00         4953.86  
    0.325       281.93          2526.25        3302.77         3769.92         4713.46  
    0.331       283.27          2532.62        3319.38         3792.24         4903.88  
    0.338       278.77          2577.32        3323.22         3787.53         4874.75  
    0.344       271.90          2573.01        3306.10         3786.47         4751.38  
    0.350       268.35          2549.86        3308.89         3766.73         4466.89  
    0.356       273.53          2544.42        3302.05         3789.57         4321.98  
    0.363       288.40          2570.84        3285.84         3792.84         4394.25  
    0.369       304.29          2589.83        3290.60         3829.41         4475.52  
    0.375       308.51          2568.80        3312.35         3843.89         4384.02  
    0.381       301.81          2543.95        3274.80         3801.56         4261.33  
    0.388       294.47          2534.31        3306.90         3821.90         4199.02  
    0.394       291.92          2546.91        3364.35         3865.64         4144.33  
    0.400       292.69          2551.29        3373.80         3861.88         4134.45  
    