0.025       344.79          1942.75        2249.57         2607.50         3709.45  
    0.031       345.93          1962.16        2302.22         2647.73         3699.36  
    0.038       346.87          1987.60        2378.33         2775.27         3691.37  
    0.044       344.61          1995.23        2411.63         2912.95         3700.67  
    0.050       334.82          1989.74        2417.81         3009.09         3710.58  
    0.056       309.47          1992.60        2427.48         2996.74         3724.00  
    0.062       275.23          2004.00        2438.99         2923.94         3725.14  
    0.069       263.15          2005.88        2447.02         2958.03         3723.04  
    0.075       273.23          2006.92        2453.91         3023.02         3737.78  
    0.081       284.97          2010.83        2460.82         3081.77         3742.26  
    0.088       293.20          2008.70        2469.62         3235.24         3735.13  
    0.094       292.56          1993.53        2477.15         3407.57         3735.20  
    0.100       267.39          1982.91        2487.62         3525.91         3783.25  
    0.106       177.61          1998.57        2516.35         3581.27         3885.54  
    0.113       53.77          916.02        2289.30         3044.84         3721.01  
    0.119       134.24          1156.81        2371.50         3046.68         3702.07  
    0.125       263.29          2150.00        2637.90         3403.46         3837.58  
    0.131       284.50          2218.43        2685.39         3369.52         3847.17  
    0.138       294.73          2299.50        2742.45         3344.97         3856.36  
    0.144       299.30          2356.54        2805.02         3346.34         3861.71  
    0.150       301.11          2389.30        2855.23         3377.18         3897.10  
    0.156       302.60          2409.14        2896.06         3393.19         3967.61  
    0.163       303.71          2421.41        2923.31         3395.61         3996.95  
    0.169       304.72          2425.34        2919.46         3375.26         3983.54  
    0.175       305.73          2435.71        2917.47         3335.29         3995.72  
    0.181       305.82          2464.71        2947.79         3315.39         4022.89  
    0.188       305.32          2480.02        3002.28         3363.15         4062.35  
    0.194       304.36          2475.88        3051.58         3419.70         4079.73  
    0.200       303.39          2471.17        3084.87         3391.94         4053.20  
    0.206       303.28          2482.61        3102.35         3353.39         4038.15  
    0.213       302.69          2512.60        3109.39         3390.73         4028.03  
    0.219       300.60          2526.14        3103.32         3412.39         3996.45  
    0.225       298.97          2529.50        3090.92         3397.74         3977.16  
    0.231       298.02          2539.04        3101.59         3416.26         4000.11  
    0.238       296.57          2538.55        3117.26         3423.69         4043.36  
    0.244       295.48          2541.62        3131.65         3431.47         4059.47  
    0.250       294.62          2557.32        3158.59         3524.85         4068.51  
    0.256       292.81          2563.39        3174.91         3601.73         4074.83  
    0.263       289.98          2564.32        3161.19         3557.60         4030.59  
    0.269       287.89          2569.33        3148.99         3512.22         4039.17  
    0.275       285.04          2565.77        3154.52         3478.45         4063.50  
    0.281       281.40          2559.06        3151.42         3436.94         4049.01  
    0.288       278.15          2560.46        3147.43         3427.63         4055.29  
    0.294       276.15          2560.78        3146.22         3421.74         4072.32  
    0.300       274.18          2551.79        3153.74         3429.44         4036.69  
    