0.025       0          299.44        2034.36         2369.02         3401.90  
    0.031       280.90          1942.77        2388.97         3264.72         5385.82  
    0.038       294.10          2035.66        2427.29         3054.40         5212.71  
    0.044       293.77          2038.18        2430.34         3322.17         5483.47  
    0.050       289.16          2040.07        2428.67         3333.50         5500.00  
    0.056       286.69          2047.60        2450.62         3419.05         5500.00  
    0.062       286.93          2048.72        2464.89         3510.31         5500.00  
    0.069       288.62          2052.07        2450.11         3560.08         5500.00  
    0.075       290.56          2062.78        2423.24         3530.53         5500.00  
    0.081       291.16          2085.05        2446.15         3568.92         5500.00  
    0.088       290.42          2085.12        2508.07         3597.89         5172.58  
    0.094       288.25          2084.49        2605.69         3619.77         5035.11  
    0.100       289.32          2055.41        2651.11         3625.09         5007.26  
    0.106       291.96          2050.18        2642.98         3632.39         5473.12  
    0.113       291.78          2062.95        2555.02         3605.57         5049.93  
    0.119       291.36          2092.12        2549.67         3601.05         4944.41  
    0.125       288.99          2125.81        2534.75         3591.96         4977.93  
    0.131       286.71          2103.77        2583.80         3580.29         4971.21  
    0.138       287.67          2082.25        2655.20         3586.88         4968.05  
    0.144       287.66          2086.19        2656.06         3585.38         4943.93  
    0.150       288.85          2092.57        2612.22         3568.75         4966.48  
    0.156       291.12          2099.15        2685.73         3577.43         5266.77  
    0.163       290.28          2092.77        2767.00         3572.06         5488.24  
    0.169       289.78          2098.89        2823.29         3575.63         5500.00  
    0.175       289.39          2114.36        2829.87         3564.82         5500.00  
    0.181       289.39          2130.26        2798.29         3555.23         5210.79  
    0.188       289.88          2139.89        2793.09         3583.39         5171.97  
    0.194       290.61          2157.01        2829.73         3599.82         5482.08  
    0.200       290.23          2139.16        2859.46         3610.98         5500.00  
    0.206       289.98          2117.32        2853.11         3613.45         5019.85  
    0.213       288.03          2124.29        2882.20         3614.17         5110.85  
    0.219       288.11          2125.62        2939.90         3630.06         5479.19  
    0.225       287.19          2128.13        2891.28         3611.21         5056.95  
    0.231       286.33          2131.59        2818.51         3578.12         4872.50  
    0.238       286.98          2140.53        2813.32         3560.86         4833.95  
    0.244       288.16          2137.39        2774.89         3588.96         4666.31  
    0.250       287.46          2137.54        2743.99         3611.47         4557.34  
    0.256       285.80          2154.91        2718.48         3638.90         4478.85  
    0.263       285.94          2151.79        2726.02         3615.02         4560.69  
    0.269       285.54          2144.54        2652.33         3561.51         4692.07  
    0.275       285.46          2144.92        2637.76         3566.62         4676.86  
    0.281       285.40          2150.01        2643.32         3597.47         4590.73  
    0.288       284.86          2163.58        2650.32         3597.16         4567.22  
    0.294       287.24          2189.24        2724.44         3633.04         4534.93  
    0.300       288.71          2212.48        2687.10         3642.06         4543.50  
    0.306       287.31          2189.69        2637.12         3647.18         4595.97  
    0.312       289.24          2183.56        2620.75         3617.10         4628.46  
    0.319       290.89          2158.83        2649.48         3560.63         4607.22  
    0.325       293.40          2150.50        2637.97         3587.85         4589.54  
    0.331       296.07          2160.52        2690.60         3604.98         4626.13  
    0.338       296.83          2181.51        2814.97         3640.62         4491.76  
    0.344       298.01          2193.00        2833.15         3683.30         4455.72  
    0.350       301.44          2197.79        2882.62         3676.19         4473.73  
    0.356       303.26          2202.87        2883.70         3635.12         4405.87  
    0.363       305.20          2213.75        2864.52         3647.39         4444.01  
    0.369       305.19          2224.69        2882.76         3657.20         4476.23  
    0.375       303.64          2230.12        2860.56         3672.18         4478.42  
    0.381       300.88          2221.91        2839.60         3681.00         4499.09  
    0.388       295.21          2216.79        2800.17         3702.48         4533.31  
    0.394       284.65          2234.94        2783.30         3698.47         4518.60  
    0.400       277.83          2223.66        2784.92         3678.06         4500.86  
    0.406       280.88          2218.39        2758.93         3675.73         4516.69  
    0.413       284.62          2218.20        2759.60         3687.42         4514.65  
    0.419       291.42          2214.22        2837.19         3694.44         4486.41  
    0.425       296.62          2215.01        2869.82         3698.37         4429.93  
    0.431       295.25          2231.32        2850.67         3719.41         4388.66  
    0.438       290.13          2242.73        2776.67         3722.57         4419.65  
    0.444       283.99          2247.84        2745.50         3696.90         4471.93  
    0.450       281.55          2254.86        2736.25         3682.27         4448.09  
    0.456       283.38          2260.85        2735.77         3676.42         4373.04  
    0.463       285.80          2266.08        2773.33         3665.85         4345.45  
    0.469       286.84          2282.36        2817.07         3679.53         4351.21  
    0.475       279.99          2285.52        2835.02         3698.80         4377.19  
    0.481       286.13          2284.82        2840.14         3722.85         4398.23  
    0.488       292.42          2289.33        2877.48         3763.59         4422.62  
    0.494       293.79          2291.52        2888.40         3782.33         4395.66  
    0.500       292.17          2290.80        2864.39         3772.33         4356.94  
    0.506       288.95          2269.85        2819.94         3741.72         4381.33  
    0.513       295.95          2258.25        2789.17         3742.38         4392.55  
    0.519       310.21          2261.59        2827.77         3750.52         4378.42  
    0.525       317.20          2261.79        2869.62         3728.28         4362.48  
    0.531       318.11          2263.10        2877.29         3718.09         4341.76  
    0.537       323.27          2276.06        2856.20         3731.53         4338.28  
    0.544       328.34          2288.40        2824.25         3666.76         4342.49  
    0.550       329.69          2299.18        2729.15         3679.44         4329.30  
    0.556       326.57          2306.00        2595.80         3708.78         4312.43  
    0.562       315.74          2301.97        2587.09         3699.36         4314.16  
    0.569       310.50          2271.82        2646.94         3737.56         4310.19  
    0.575       306.94          2257.68        2752.73         3760.60         4309.40  
    0.581       293.83          2263.28        2838.09         3742.64         4300.90  
    0.588       270.17          2283.25        2907.41         3789.99         4300.64  
    0.594       258.88          2300.57        2863.31         3857.66         4271.00  
    0.600       278.49          2319.33        2834.17         3927.50         4254.91  
    0.606       306.33          2337.81        2798.32         4024.36         4272.14  
    0.613       309.26          2355.15        2840.33         4023.55         4307.57  
    0.619       284.83          2355.62        2947.95         3983.82         4311.04  
    0.625       269.50          2324.05        2881.78         3916.94         4296.84  
    0.631       261.11          2290.51        2831.87         4186.28         4257.97  
    0.638       276.85          2288.11        2728.25         4128.09         4270.71  
    0.644       300.64          2305.33        2720.20         4112.80         4250.04  
    0.650       284.56          2327.47        2762.11         4191.86         4343.64  
    0.656       257.57          2345.10        2689.27         4214.10         4498.94  
    0.663       251.42          2358.71        2614.52         4218.04         4422.15  
    0.669       256.47          2368.69        2591.61         4064.27         4345.52  
    0.675       268.55          2374.15        2618.82         4055.54         4338.96  
    0.681       272.42          2340.37        2647.14         4121.63         4337.72  
    0.688       272.40          2334.62        2682.40         4118.07         4273.24  
    0.694       269.83          2318.43        2675.48         4020.62         4297.98  
    0.700       269.62          2322.68        2696.39         4038.79         4358.85  
    