0.025       340.16          1608.79        2768.79         2769.99         4882.63  
    0.031       345.51          1630.68        2763.86         2884.82         4945.24  
    0.038       353.57          1655.42        2753.81         3090.61         4984.11  
    0.044       358.47          1650.45        2752.05         3117.89         5089.30  
    0.050       356.75          1665.48        2734.62         3011.10         4971.00  
    0.056       351.73          1708.61        2744.94         3094.39         4909.86  
    0.062       345.74          1746.19        2729.39         3061.46         4934.88  
    0.069       340.20          1758.20        2787.71         3175.84         5054.73  
    0.075       338.16          1774.22        2781.60         3547.31         5046.68  
    0.081       326.03          1891.62        2779.56         3557.02         5014.33  
    0.088       310.06          2039.83        2797.98         3509.78         4994.93  
    0.094       295.14          2125.38        2814.66         3633.73         5032.82  
    0.100       298.03          2209.26        2884.10         3650.16         5047.64  
    0.106       330.52          2267.66        2852.94         3840.92         5015.84  
    0.113       339.83          2495.33        2820.21         3878.95         4926.20  
    0.119       327.76          2695.62        2871.47         3849.20         4958.37  
    0.125       316.67          2618.36        2844.57         3894.41         4949.92  
    0.131       309.18          2183.04        2797.48         3949.22         4960.82  
    0.138       308.62          2114.01        2790.44         3923.79         5042.38  
    0.144       309.71          2144.17        2811.06         3756.30         4981.65  
    0.150       310.64          2237.84        2833.32         3684.28         4882.62  
    0.156       310.67          2327.11        2850.61         3664.06         4837.16  
    0.163       310.21          2352.81        2858.67         3669.87         4858.33  
    0.169       309.01          2386.28        2865.02         3686.83         4884.29  
    0.175       308.50          2419.82        2884.41         3728.62         4872.23  
    0.181       308.87          2435.83        2887.80         3726.16         4805.99  
    0.188       309.92          2451.77        2886.62         3695.34         4797.99  
    0.194       311.24          2469.97        2929.66         3692.75         4895.78  
    0.200       312.66          2492.40        2918.85         3685.83         4860.12  
    0.206       313.38          2507.27        2893.74         3690.76         4870.06  
    0.213       314.44          2530.88        2924.28         3722.66         4937.91  
    0.219       316.85          2553.12        2908.95         3726.68         4911.09  
    0.225       319.92          2580.40        2848.21         3734.93         4886.35  
    0.231       323.95          2558.28        2887.70         3783.04         4942.82  
    0.238       326.86          2551.66        2896.27         3810.38         4922.02  
    0.244       329.14          2558.24        2901.87         3840.92         4882.43  
    0.250       331.55          2552.47        2948.91         3800.53         4839.20  
    0.256       335.94          2551.05        2958.54         3726.50         4904.83  
    0.263       340.81          2564.08        2906.94         3720.78         4968.60  
    0.269       347.62          2524.92        2898.91         3661.16         4805.58  
    0.275       352.89          2511.20        2932.55         3692.79         4909.58  
    0.281       355.49          2515.42        2959.06         3652.57         4874.49  
    0.288       357.56          2538.86        2988.88         3700.12         4837.43  
    0.294       356.39          2557.67        2979.69         3752.66         5142.06  
    0.300       19.80          479.78        2598.51         3035.39         3880.68  
    0.306       0          356.92        2625.27         3033.47         3795.36  
    0.312       0          355.46        2649.36         3063.09         3748.38  
    0.319       0          366.52        2617.61         3088.25         3738.59  
    0.325       356.09          2507.96        2979.57         3679.00         5402.12  
    0.331       377.38          2575.49        2736.51         3687.52         5500.00  
    0.338       364.28          2574.46        3154.65         3682.91         5500.00  
    0.344       326.75          2605.93        3119.17         3728.82         5500.00  
    