0.025       354.59          1779.86        2783.14         3337.32         5500.00  
    0.031       349.58          1746.55        2788.42         3355.21         4057.95  
    0.038       348.17          1762.31        2847.83         3321.66         3908.29  
    0.044       346.95          1740.95        2871.40         3515.02         4081.87  
    0.050       348.63          1713.10        2881.13         3459.00         4402.81  
    0.056       336.42          1714.34        2833.09         3471.22         4183.01  
    0.062       297.05          1710.97        2839.02         3490.86         4412.45  
    0.069       266.84          1694.44        2857.78         3457.86         4441.56  
    0.075       258.55          1831.75        2795.92         3458.22         4462.91  
    0.081       251.69          1998.70        2758.48         3450.81         4535.28  
    0.088       252.60          1843.92        2841.63         3453.83         4487.20  
    0.094       267.97          1983.70        2873.40         3484.50         4528.48  
    0.100       267.25          2070.57        2859.44         3557.84         4614.69  
    0.106       308.10          2232.84        2962.67         3998.86         4511.83  
    0.113       2.03          377.74        2237.42         2964.21         4066.62  
    0.119       0          398.21        2198.22         3016.84         4212.39  
    0.125       0          416.17        2278.76         3009.14         4252.03  
    0.131       0          419.33        2308.27         3042.45         4131.18  
    0.138       0          420.98        2488.93         3059.06         4216.70  
    0.144       0          430.01        2468.64         3060.15         4257.09  
    0.150       0          434.61        2429.44         2981.61         4193.07  
    0.156       0          436.90        2453.31         2944.42         4389.80  
    0.163       0          436.25        2416.25         2947.65         4443.49  
    0.169       0          431.08        2393.13         3008.41         4391.83  
    0.175       0          428.32        2404.30         3057.95         4375.77  
    0.181       0          425.83        2467.95         2974.34         4368.48  
    0.188       0          417.29        2414.75         2933.73         4281.85  
    0.194       0          399.96        2432.33         3037.26         3909.66  
    0.200       0          390.02        2440.62         3063.29         4060.53  
    0.206       0          397.47        2439.91         3114.19         4274.53  
    0.213       0          413.13        2430.65         3155.41         4533.32  
    0.219       0          420.33        2438.13         3165.11         4580.75  
    0.225       0          420.62        2450.03         3139.19         4412.01  
    0.231       0          428.84        2503.96         3117.89         4205.83  
    0.238       0          440.16        2493.64         3097.11         4254.18  
    0.244       0          441.32        2519.43         3177.46         4125.24  
    0.250       0          436.31        2509.58         3235.43         3982.97  
    0.256       0          435.75        2479.83         3243.05         4000.55  
    0.263       0          434.43        2469.49         3180.01         4086.31  
    0.269       0          434.95        2431.19         3174.24         3888.41  
    0.275       0          433.43        2421.39         3154.21         3797.46  
    0.281       0          433.23        2412.61         3157.31         3864.93  
    0.288       0          428.14        2404.32         3145.24         4127.21  
    0.294       0          426.69        2391.90         3093.81         4151.44  
    0.300       0          427.35        2386.39         3077.21         3883.45  
    0.306       0          423.89        2397.31         3096.07         3835.49  
    0.312       0          421.36        2439.69         3079.44         3780.93  
    0.319       0          418.92        2640.77         3039.38         3684.11  
    0.325       0          411.45        2613.29         3012.92         3567.04  
    0.331       0          404.54        2549.47         2948.53         3625.37  
    0.338       0          401.36        2773.70         2908.61         3881.89  
    0.344       0          400.78        2788.37         3011.86         4017.91  
    0.350       0          399.98        2754.70         3014.26         4074.83  
    0.356       0          394.05        2706.82         2975.29         4110.53  
    0.363       0          384.57        2691.61         3027.09         4394.83  
    0.369       0          374.91        2643.43         3025.90         4196.34  
    0.375       0          376.93        2522.20         3020.11         3997.01  
    0.381       0          367.18        2451.04         3032.26         3776.97  
    0.388       0          352.42        2423.10         3007.51         3832.02  
    0.394       0          342.12        2484.59         3051.85         3889.18  
    