0.025       224.72          1986.67        2944.63         3841.37         4387.38  
    0.031       272.06          1934.09        2940.69         3907.40         4426.06  
    0.038       303.26          1838.36        2804.07         3851.10         4452.40  
    0.044       307.20          1791.60        2714.29         3653.32         4539.19  
    0.050       308.33          1884.52        2671.48         3598.99         4371.55  
    0.056       308.64          1947.95        2609.07         3579.05         4102.77  
    0.062       311.43          1954.34        2596.04         3521.91         3882.82  
    0.069       314.91          1994.97        2626.83         3458.14         3776.49  
    0.075       318.81          2034.86        2614.78         3396.11         3765.43  
    0.081       319.25          2082.60        2596.33         3355.11         3730.47  
    0.088       317.86          2164.11        2606.19         3376.15         3697.11  
    0.094       316.58          2261.55        2665.42         3527.83         3640.28  
    0.100       314.02          2275.67        2732.75         3547.66         3796.86  
    0.106       313.68          2241.95        2777.73         3467.47         3825.91  
    0.113       315.84          2266.70        2796.15         3439.04         3853.33  
    0.119       315.26          2280.51        2819.23         3499.01         3985.31  
    0.125       310.22          2305.50        2791.49         3539.82         3979.01  
    0.131       300.56          2322.07        2784.56         3535.31         3853.30  
    0.138       286.33          2394.38        2801.68         3591.25         3729.45  
    0.144       272.64          2465.40        2830.22         3626.42         3858.33  
    0.150       265.83          2491.18        2889.53         3638.10         4333.08  
    0.156       267.66          2472.82        2945.07         3641.34         5159.96  
    0.163       271.77          2453.73        2945.40         3638.57         5500.00  
    0.169       266.88          2425.27        2922.25         3632.14         4456.65  
    0.175       256.33          2402.58        2957.86         3637.84         4312.04  
    0.181       249.54          2398.39        2998.16         3640.98         5162.17  
    0.188       248.72          2382.14        2997.92         3629.13         5500.00  
    0.194       249.61          2367.50        2986.67         3624.15         5500.00  
    0.200       250.97          2363.78        2981.56         3611.35         5500.00  
    0.206       251.27          2351.31        2991.18         3593.01         5305.82  
    0.213       253.17          2341.26        3000.24         3580.09         4746.26  
    0.219       257.47          2331.29        3010.90         3577.31         5143.25  
    0.225       264.56          2321.72        2999.97         3572.92         5172.88  
    0.231       273.19          2316.01        2982.84         3565.89         5319.52  
    0.238       284.38          2335.00        2978.79         3546.83         5500.00  
    0.244       297.93          2381.17        2981.41         3529.18         5500.00  
    0.250       308.39          2405.54        2987.56         3553.46         4692.98  
    0.256       313.69          2414.37        2982.54         3587.85         4197.56  
    0.263       111.99          1069.73        2651.57         3197.73         3802.69  
    0.269       0          332.37        2512.96         2987.93         3590.08  
    0.275       218.03          1743.38        2834.32         3361.61         4818.95  
    0.281       335.46          2497.50        3013.12         3565.23         5500.00  
    0.288       326.67          2485.17        3028.22         3578.59         5500.00  
    0.294       319.19          2472.54        3026.56         3590.99         5500.00  
    0.300       317.17          2437.67        3016.91         3584.21         4684.80  
    0.306       320.55          2386.26        2989.93         3578.78         3960.30  
    0.312       323.95          2363.01        2945.78         3567.10         3800.08  
    0.319       318.31          2420.43        2896.03         3432.09         3899.20  
    0.325       310.36          2449.26        2894.88         3359.88         4054.86  
    0.331       308.72          2470.53        2909.92         3418.86         4144.74  
    0.338       309.17          2475.45        2912.71         3477.35         4259.50  
    0.344       308.03          2451.89        2911.44         3485.40         4335.29  
    0.350       305.65          2446.82        2909.69         3412.73         4232.44  
    0.356       302.43          2482.10        2901.90         3380.68         4234.20  
    0.363       298.89          2520.26        2895.39         3403.63         4316.94  
    0.369       294.82          2470.31        2912.11         3419.63         4329.57  
    0.375       292.22          2466.35        2923.67         3438.97         4298.53  
    0.381       291.81          2466.61        2943.14         3514.37         4323.70  
    0.388       295.31          2504.83        2963.18         3598.85         4308.31  
    0.394       301.27          2588.86        2939.38         3671.34         4273.79  
    0.400       293.96          2642.65        2903.98         3638.07         4424.74  
    