0.025       308.03          1832.58        2436.43         2533.32         4047.39  
    0.031       311.96          1836.34        2427.68         2564.89         4198.07  
    0.038       320.27          1829.62        2395.83         2575.00         4315.28  
    0.044       321.79          1839.93        2413.66         2577.66         4283.14  
    0.050       320.59          1852.35        2487.09         2571.28         4291.47  
    0.056       323.33          1857.43        2498.78         2566.50         4365.29  
    0.062       327.14          1871.41        2512.58         2618.71         4149.91  
    0.069       331.26          1879.91        2523.52         2660.90         4113.86  
    0.075       333.26          1900.00        2534.44         2660.74         4067.06  
    0.081       334.28          1929.26        2539.26         2697.84         3981.90  
    0.088       337.51          1951.36        2542.05         2718.28         3810.57  
    0.094       341.99          1976.24        2542.90         2826.65         3745.30  
    0.100       348.14          2004.57        2545.46         3306.05         3817.38  
    0.106       352.22          2040.13        2560.18         3478.50         4071.94  
    0.113       356.88          2068.34        2582.21         3544.51         4512.91  
    0.119       358.64          2090.04        2590.93         3546.00         5189.21  
    0.125       357.70          2109.14        2593.29         3538.89         5265.30  
    0.131       354.04          2138.05        2591.80         3532.27         4864.59  
    0.138       346.76          2172.38        2596.86         3495.36         4731.25  
    0.144       339.33          2202.48        2614.06         3521.95         4853.72  
    0.150       334.66          2239.12        2666.24         3609.33         4866.25  
    0.156       330.83          2264.59        2706.10         3661.16         4810.61  
    0.163       331.91          2281.82        2739.15         3640.23         4871.87  
    0.169       330.95          2295.84        2746.23         3634.67         4869.52  
    0.175       327.18          2307.59        2765.41         3630.90         4799.20  
    0.181       322.90          2323.26        2804.51         3669.00         4787.61  
    0.188       318.99          2345.53        2790.66         3663.90         4794.88  
    0.194       319.58          2365.28        2767.14         3660.55         4849.93  
    0.200       318.81          2376.57        2822.37         3663.81         4892.37  
    0.206       314.97          2384.31        2895.89         3676.01         4913.36  
    0.213       308.99          2389.27        2939.18         3700.43         4890.00  
    0.219       305.33          2393.09        2963.42         3688.84         4882.84  
    0.225       303.46          2396.57        2893.92         3662.40         4866.24  
    0.231       298.74          2393.09        2774.29         3652.56         4817.26  
    0.238       296.56          2396.64        2817.72         3648.75         4872.33  
    0.244       293.76          2396.83        2858.46         3649.79         4900.15  
    0.250       290.42          2394.14        2841.49         3651.90         4863.32  
    0.256       286.08          2400.01        2880.23         3642.19         4780.64  
    0.263       281.80          2404.12        2930.86         3650.68         4786.79  
    0.269       281.40          2434.64        3135.35         3655.79         4835.86  
    0.275       280.09          2442.36        3157.91         3642.19         4823.88  
    0.281       275.04          2468.17        3293.62         3593.87         4800.73  
    0.288       273.07          2474.58        3305.66         3671.87         4781.46  
    0.294       276.97          2440.76        3168.50         3670.17         4778.91  
    0.300       285.60          2427.10        3140.59         3674.08         4804.07  
    0.306       290.61          2436.05        3212.08         3802.03         4773.86  
    0.312       291.49          2440.04        3251.97         3702.75         4727.63  
    0.319       293.35          2448.91        3268.53         3901.97         4738.38  
    0.325       295.15          2454.73        3221.11         3835.09         4811.49  
    0.331       295.94          2460.27        3183.41         3910.97         4897.59  
    0.338       295.35          2465.68        3204.45         3970.06         4844.23  
    0.344       294.77          2462.48        3221.04         3922.71         4779.47  
    0.350       294.41          2455.32        3186.81         3742.42         4849.82  
    0.356       295.72          2460.61        3196.88         3677.98         4937.88  
    