0.025       0          385.60        1689.13         2490.34         3688.12  
    0.031       0          407.07        1710.21         2467.63         3668.30  
    0.038       0          408.94        1655.98         2410.90         3634.47  
    0.044       336.51          1513.02        2330.37         2670.43         3616.20  
    0.050       400.47          1741.12        2444.13         2778.77         3624.48  
    0.056       388.77          1791.64        2480.97         2715.64         3625.38  
    0.062       378.72          1837.14        2523.04         2650.92         3617.85  
    0.069       371.33          1703.75        2504.54         2813.95         3607.37  
    0.075       368.03          1628.80        2429.26         2874.57         3580.19  
    0.081       367.76          1616.76        2417.61         2957.91         3580.72  
    0.088       370.54          1771.90        2427.96         2855.66         3569.21  
    0.094       371.36          1928.76        2455.08         2842.90         3562.64  
    0.100       370.57          1980.17        2440.22         2941.53         3570.61  
    0.106       368.48          2003.56        2454.70         3145.06         3578.19  
    0.113       367.50          1980.88        2445.38         3295.85         3600.94  
    0.119       365.48          1972.53        2476.13         3487.27         3790.63  
    0.125       360.66          1993.18        2506.77         3491.56         4923.66  
    0.131       351.46          2023.38        2551.65         3488.54         5444.20  
    0.138       331.53          2047.43        2626.80         3503.47         5019.45  
    0.144       310.08          2054.51        2696.37         3518.03         5016.40  
    0.150       293.55          2061.65        2799.72         3536.37         4876.61  
    0.156       284.46          2071.81        2852.69         3549.23         4722.92  
    0.163       280.63          2081.32        2891.85         3560.41         4950.78  
    0.169       280.01          2080.04        2914.58         3557.76         5235.67  
    0.175       278.70          2091.05        2935.49         3536.26         5468.33  
    0.181       277.30          2121.74        2963.90         3558.70         5500.00  
    0.188       278.06          2129.21        2978.43         3542.69         5500.00  
    0.194       278.65          2105.88        3008.58         3552.44         5500.00  
    0.200       279.26          2096.02        3041.04         3577.43         5500.00  
    0.206       279.55          2097.36        3053.42         3567.74         5500.00  
    0.213       280.34          2098.55        3048.02         3531.07         5371.29  
    0.219       283.50          2110.22        3084.72         3568.20         5442.58  
    0.225       284.82          2116.25        3101.78         3584.97         5494.04  
    0.231       287.31          2111.84        3079.46         3588.70         5500.00  
    0.238       290.56          2097.13        3068.59         3577.28         5500.00  
    0.244       292.47          2105.46        3080.71         3513.05         5500.00  
    0.250       296.14          2120.89        3103.25         3535.91         5457.68  
    0.256       298.67          2122.73        3075.20         3528.98         5348.59  
    0.263       302.09          2131.61        3048.86         3529.97         5323.88  
    0.269       304.85          2121.78        3067.55         3555.27         5404.08  
    0.275       305.82          2099.65        3071.58         3568.02         5466.65  
    0.281       303.40          2087.19        3061.39         3554.15         5463.75  
    0.288       301.36          2085.01        3056.56         3493.63         5494.62  
    0.294       301.49          2089.83        3060.38         3462.88         5343.56  
    0.300       304.94          2100.24        3095.36         3530.74         5349.27  
    0.306       307.11          2104.82        3110.01         3556.64         5420.80  
    0.312       311.21          2110.88        3102.29         3563.06         5332.96  
    0.319       312.79          2117.97        3099.55         3560.04         5319.14  
    0.325       312.38          2132.63        3053.85         3536.81         5326.61  
    0.331       312.72          2135.40        3010.05         3486.08         5300.03  
    0.338       311.94          2132.32        2986.60         3490.89         5309.77  
    0.344       312.90          2111.10        3001.83         3457.67         5284.50  
    0.350       311.56          2081.06        3029.86         3510.51         5304.68  
    0.356       309.11          2073.37        3029.16         3532.21         5412.30  
    0.363       309.72          2082.36        3023.38         3551.31         5490.02  
    0.369       313.51          2088.37        3026.75         3571.95         5500.00  
    0.375       314.16          2091.46        3025.54         3578.33         5500.00  
    0.381       315.01          2100.98        3015.70         3558.34         5500.00  
    0.388       318.63          2107.28        3005.64         3530.07         5360.75  
    0.394       320.70          2118.93        3027.53         3572.11         5335.64  
    0.400       319.28          2140.47        3043.76         3589.89         5476.73  
    0.406       314.60          2149.93        3034.34         3597.53         5500.00  
    0.413       316.70          2146.64        3069.44         3619.27         5500.00  
    0.419       316.57          2145.64        3030.23         3627.66         5500.00  
    0.425       320.06          2147.50        3006.75         3668.95         5500.00  
    0.431       328.24          2148.26        2995.15         3726.27         5500.00  
    0.438       333.31          2158.34        3024.61         3713.77         5500.00  
    0.444       328.67          2180.94        2998.85         3673.60         5500.00  
    0.450       316.49          2202.60        3018.93         3673.03         5465.36  
    0.456       336.28          2220.97        3110.27         3669.92         5494.30  
    0.463       48.01          739.71        2397.72         3653.91         4767.38  
    0.469       0          354.75        2348.64         3662.07         4195.57  
    0.475       0          399.74        2336.31         3700.67         4102.77  
    0.481       0          503.83        2347.15         3691.61         3776.46  
    