0.025       0          246.98        2035.84         2917.96         4144.50  
    0.031       0          229.77        1993.83         2983.66         4146.17  
    0.038       0          206.77        1946.41         3098.79         4180.11  
    0.044       0          202.80        1936.68         3213.84         4201.99  
    0.050       146.22          1427.22        2679.00         3912.21         5102.74  
    0.056       197.75          2125.52        3060.88         4217.94         5500.00  
    0.062       222.93          2227.59        3173.44         4202.74         5500.00  
    0.069       252.57          2221.30        3411.69         4212.34         4921.56  
    0.075       272.37          2224.08        3499.77         4233.86         4592.59  
    0.081       85.29          885.59        2695.10         3870.92         4329.48  
    0.088       0          299.39        2340.95         3801.77         4226.31  
    0.094       0          309.33        2303.89         3703.79         4233.86  
    0.100       0          314.70        2280.31         3556.93         4252.98  
    0.106       0          316.97        2252.99         3423.15         4258.40  
    0.113       0          316.79        2308.95         3429.29         4250.28  
    0.119       0          316.76        2312.21         3774.60         4228.68  
    0.125       0          315.46        2295.31         3913.31         4232.22  
    0.131       0          314.55        2304.81         4030.85         4234.92  
    0.138       0          312.78        2329.21         3707.69         4229.38  
    0.144       214.81          1721.94        2944.58         3995.01         5109.57  
    0.150       95.07          934.47        2648.69         4144.79         4572.14  
    0.156       0          308.55        2559.05         4005.35         4189.84  
    0.163       0          305.90        2700.16         3400.62         4217.71  
    0.169       0          303.78        2493.18         3185.94         4215.68  
    0.175       0          301.83        2322.17         3262.06         4218.11  
    0.181       0          300.68        2317.64         3197.62         4242.54  
    0.188       0          298.59        2373.22         3157.47         4253.23  
    0.194       0          296.93        2416.68         3455.56         4239.63  
    0.200       0          296.27        2405.29         3511.33         4243.14  
    0.206       0          296.39        2394.55         3172.95         4254.01  
    0.213       0          296.14        2842.67         3151.16         4244.22  
    0.219       0          296.06        3012.78         3100.61         4234.13  
    0.225       0          294.77        2839.29         3048.40         4227.21  
    0.231       0          292.98        2769.86         3025.34         4195.07  
    0.238       0          289.50        2621.40         3021.15         4206.68  
    0.244       0          287.08        2584.21         3056.21         4221.56  
    0.250       0          290.64        2928.38         3446.37         4217.62  
    0.256       201.99          1315.39        3066.65         3989.71         5105.79  
    0.263       89.40          746.31        2704.21         3427.60         4620.39  
    0.269       0          295.63        2568.66         3118.09         4252.53  
    0.275       0          298.05        2504.90         3101.52         4274.59  
    0.281       208.22          1577.56        2920.30         4071.08         5125.75  
    0.288       298.29          2133.42        3097.60         4471.50         5500.00  
    0.294       290.45          2182.52        3102.58         4409.99         5500.00  
    0.300       88.17          871.86        2536.40         3611.36         4688.09  
    0.306       185.85          1677.16        2915.97         3935.14         5140.66  
    0.312       82.26          881.62        2576.42         3461.22         4625.12  
    0.319       0          254.21        2382.25         3134.44         4254.13  
    0.325       173.24          1727.03        2898.07         3908.10         5119.97  
    0.331       243.61          2311.31        3064.97         4255.22         5500.00  
    0.338       238.99          2290.24        3127.59         4262.19         5500.00  
    0.344       235.92          2307.77        3145.21         4253.39         5500.00  
    0.350       229.86          2342.37        3083.11         4232.65         5500.00  
    0.356       225.16          2396.10        3117.27         4199.85         5233.79  
    0.363       222.94          2427.03        3191.09         4187.28         5205.38  
    0.369       220.47          2550.86        3117.44         4218.94         5094.41  
    