0.025       0          322.33        1840.47         3002.88         3978.10  
    0.031       0          324.53        1959.71         3025.91         3934.58  
    0.038       0          320.02        2248.06         3102.78         3858.86  
    0.044       0          298.87        2174.09         3242.63         3783.90  
    0.050       242.68          1605.69        3081.75         3735.16         5162.94  
    0.056       299.42          1860.46        3286.13         3757.37         5500.00  
    0.062       287.00          1864.60        3319.24         3800.74         5500.00  
    0.069       286.68          1949.48        3306.72         3821.86         5500.00  
    0.075       295.61          2151.93        3334.59         3818.79         5500.00  
    0.081       300.88          2197.54        3327.38         3790.06         5500.00  
    0.088       306.32          2226.71        3273.07         3850.30         5248.74  
    0.094       315.23          2293.86        3234.62         3926.95         4235.32  
    0.100       318.33          2182.88        2798.89         3936.79         4288.12  
    0.106       318.50          2188.47        2671.87         3969.57         4524.63  
    0.113       317.42          2182.85        2673.72         3955.76         4659.81  
    0.119       316.34          2147.31        2681.39         3952.22         4622.68  
    0.125       315.34          2213.92        2708.39         3991.76         4604.74  
    0.131       313.60          2294.65        2724.68         3977.41         4638.62  
    0.138       312.41          2181.93        2745.49         3916.01         4679.29  
    0.144       310.98          2192.84        2733.97         3915.64         4694.04  
    0.150       310.49          2284.67        2711.83         4004.00         4711.96  
    0.156       308.72          2211.97        2725.98         4030.23         4746.84  
    0.163       307.84          2125.01        2716.44         3988.36         4718.01  
    0.169       306.89          2469.64        2741.61         4015.27         5345.97  
    0.175       305.47          2347.10        2787.36         4032.74         5500.00  
    0.181       304.16          2004.72        2778.66         3960.36         4944.16  
    0.188       302.30          2099.01        2725.94         3936.31         4795.54  
    0.194       300.46          2223.07        2750.26         3985.72         4831.17  
    0.200       298.97          2488.86        2601.33         4051.11         4947.37  
    0.206       298.95          2468.58        2620.30         4028.43         4936.35  
    0.213       299.90          2122.62        2683.02         4021.16         4775.11  
    0.219       300.03          2059.15        2679.52         4020.97         4967.13  
    0.225       298.56          2112.83        2642.83         3969.65         5006.84  
    0.231       299.28          2091.59        2673.12         4003.41         4841.59  
    0.238       300.87          2079.61        2751.15         3958.81         4658.26  
    0.244       299.20          2060.54        2743.73         3895.25         4699.88  
    0.250       298.93          2146.41        2772.71         3909.14         4688.97  
    0.256       297.66          2263.90        2785.13         3975.77         4784.25  
    0.263       297.60          2208.91        2754.57         3922.87         4872.28  
    0.269       297.83          2103.24        2743.84         3913.33         4870.36  
    0.275       298.65          2212.83        2731.70         3966.13         5008.09  
    0.281       300.67          2432.89        2645.73         3960.46         5074.62  
    0.288       299.76          2481.13        3259.47         4020.21         5418.66  
    0.294       300.55          2411.27        2935.44         4031.78         5097.32  
    0.300       302.27          2296.77        2862.12         4038.86         5088.66  
    0.306       306.67          2271.90        2829.11         4010.85         5124.28  
    0.312       309.25          2112.98        2870.25         3988.22         4909.24  
    0.319       311.73          2205.34        2986.53         4010.44         4988.65  
    0.325       314.93          2239.96        3147.59         4000.40         4981.86  
    0.331       318.20          2255.40        3139.98         3993.66         4764.40  
    0.338       316.88          2290.38        3340.65         3949.90         4718.71  
    0.344       306.59          2417.52        3070.65         3953.83         4857.53  
    0.350       59.26          716.70        2782.97         3910.10         4672.03  
    0.356       233.48          1325.90        2767.67         3952.61         4738.94  
    0.363       285.83          1973.61        2809.36         3972.64         4927.95  
    0.369       289.47          2266.59        2814.61         3930.73         5251.62  
    0.375       296.38          2316.94        3623.83         4161.71         5465.05  
    0.381       58.00          691.82        2626.93         3886.32         4503.61  
    0.388       0          295.83        2332.98         3840.58         4411.32  
    0.394       0          305.43        2268.92         3839.21         4578.77  
    0.400       0          290.88        2261.96         3824.79         4650.38  
    0.406       0          257.41        2275.59         3801.31         4623.46  
    