0.025       314.15          2140.52        3094.76         3716.45         4912.80  
    0.031       334.77          2195.65        2986.60         3780.25         5175.54  
    0.038       335.08          2196.44        2959.48         3784.07         5489.69  
    0.044       335.60          2151.34        2908.10         3797.28         4693.51  
    0.050       347.55          2171.36        2872.20         3771.99         4646.94  
    0.056       356.31          2190.91        2839.63         3762.59         4685.37  
    0.062       358.30          2195.38        2803.97         3690.48         4590.95  
    0.069       350.99          2208.84        2785.41         3630.34         4395.73  
    0.075       338.88          2215.74        2738.94         3608.11         3937.70  
    0.081       333.99          2218.17        2742.21         3528.81         3841.70  
    0.088       331.53          2253.74        2771.09         3544.12         3828.16  
    0.094       325.69          2283.76        2848.61         3580.25         4067.61  
    0.100       324.05          2270.41        2800.47         3577.81         3871.40  
    0.106       321.23          2267.58        2766.95         3551.06         3857.15  
    0.113       316.45          2307.38        2825.11         3615.11         3931.08  
    0.119       313.95          2319.91        2885.11         3638.09         4144.35  
    0.125       314.49          2306.49        2890.78         3627.75         4393.67  
    0.131       317.00          2301.75        2896.07         3626.74         4580.20  
    0.138       318.22          2293.10        2892.07         3633.09         4113.35  
    0.144       314.84          2299.94        2905.39         3624.80         4016.61  
    0.150       317.17          2300.17        2909.68         3647.30         3998.32  
    0.156       315.17          2302.19        2915.01         3640.03         3922.28  
    0.163       312.24          2308.56        2931.35         3620.69         3921.84  
    0.169       309.94          2297.58        2933.03         3594.16         3901.21  
    0.175       309.62          2300.32        2938.22         3579.34         3879.82  
    0.181       308.97          2285.25        2931.73         3555.11         3851.89  
    0.188       308.16          2281.85        2916.30         3543.71         3834.34  
    0.194       308.22          2316.61        2894.04         3524.37         3839.64  
    0.200       307.25          2328.20        2898.60         3515.43         3844.38  
    0.206       306.83          2323.88        2906.26         3519.30         3829.65  
    0.213       308.44          2315.11        2885.19         3542.95         3845.29  
    0.219       308.56          2310.36        2876.31         3551.28         3849.22  
    0.225       310.30          2318.97        2866.98         3541.53         3833.60  
    0.231       316.53          2335.72        2908.35         3566.68         3870.90  
    0.238       323.35          2334.71        2920.92         3586.70         3855.64  
    0.244       325.00          2337.25        2881.70         3593.47         3849.87  
    0.250       319.88          2299.81        2870.30         3656.76         3893.37  
    0.256       319.43          2330.93        2908.96         3616.25         3915.29  
    0.263       316.39          2365.36        2967.12         3620.26         3971.72  
    0.269       304.89          2358.39        2968.52         3602.45         3987.01  
    0.275       308.97          2348.97        2905.86         3605.53         3926.73  
    0.281       310.09          2358.96        2917.27         3589.03         3901.23  
    0.288       305.98          2344.40        2917.90         3613.48         3937.43  
    0.294       305.56          2354.23        2891.88         3587.85         4000.65  
    0.300       300.28          2367.84        2897.46         3585.88         3966.80  
    