0.025       349.70          2138.71        2958.46         3775.74         4458.71  
    0.031       358.18          2107.18        2834.13         3742.90         4187.65  
    0.038       360.09          2106.65        2817.27         3730.15         4059.74  
    0.044       362.08          2148.90        2808.17         3747.85         4048.04  
    0.050       354.33          2164.03        2762.93         3679.71         4048.49  
    0.056       351.92          2185.86        2746.89         3589.03         4038.38  
    0.062       336.84          2196.99        2707.02         3550.56         3855.57  
    0.069       338.20          2210.20        2725.95         3511.42         3845.17  
    0.075       333.12          2236.05        2742.99         3501.55         3816.63  
    0.081       308.33          2249.03        2761.49         3511.24         3824.22  
    0.088       293.32          2242.56        2754.99         3509.59         3813.81  
    0.094       291.86          2242.16        2738.64         3504.35         3823.12  
    0.100       260.58          2262.97        2751.68         3523.52         3859.33  
    0.106       202.49          2277.70        2784.95         3547.80         3909.92  
    0.113       116.74          2277.95        2824.14         3574.44         4022.05  
    0.119       5.09          102.79        2300.28         2874.34         3615.64  
    0.125       159.62          2165.59        2809.43         3562.07         3871.08  
    0.131       280.33          2278.43        2857.82         3561.49         3838.22  
    0.138       289.01          2278.38        2862.81         3575.46         3833.68  
    0.144       284.32          2276.25        2866.29         3586.45         3772.43  
    0.150       300.99          2291.91        2896.83         3586.68         3837.07  
    0.156       301.90          2288.39        2920.36         3581.90         3883.70  
    0.163       306.45          2290.55        2924.55         3564.86         3857.03  
    0.169       312.31          2288.40        2935.33         3550.46         3854.98  
    0.175       312.27          2280.87        2933.03         3544.72         3847.63  
    0.181       313.49          2310.87        2916.09         3531.64         3846.66  
    0.188       313.48          2329.77        2908.80         3522.55         3855.04  
    0.194       309.31          2329.69        2916.54         3521.85         3845.17  
    0.200       307.07          2322.03        2904.74         3538.01         3849.11  
    0.206       308.10          2310.48        2889.56         3553.03         3873.66  
    0.213       314.19          2318.13        2881.34         3546.99         3846.80  
    0.219       323.83          2333.69        2917.87         3570.57         3895.11  
    0.225       332.71          2339.89        2935.17         3578.03         3936.88  
    0.231       339.34          2334.54        2911.32         3573.85         3905.91  
    0.238       333.31          2314.10        2881.53         3619.87         3924.25  
    0.244       330.90          2316.57        2926.26         3634.47         3929.94  
    0.250       329.68          2359.00        2991.02         3626.88         3970.65  
    0.256       316.41          2361.89        2996.73         3618.89         3992.88  
    0.263       315.70          2347.10        2922.78         3603.10         3954.25  
    0.269       316.16          2353.07        2912.05         3610.34         3926.40  
    0.275       310.44          2347.42        2922.72         3633.93         3933.68  
    0.281       307.16          2344.48        2910.06         3611.57         4009.73  
    