0.025       296.34          1575.38        2070.96         2866.13         3768.54  
    0.031       23.12          450.56        1854.81         2310.16         3518.30  
    0.038       0          362.91        1863.50         2282.99         3534.75  
    0.044       0          349.21        1785.89         2228.24         3457.96  
    0.050       0          362.38        1830.48         2267.03         3411.11  
    0.056       0          382.64        1837.22         2402.65         3470.84  
    0.062       0          363.50        1683.45         2384.25         3485.11  
    0.069       328.23          1624.57        2277.06         3417.13         5342.89  
    0.075       355.11          1866.41        2314.03         3501.41         5500.00  
    0.081       345.03          1845.13        2357.19         3512.28         5500.00  
    0.088       333.27          1852.84        2351.89         3517.76         5500.00  
    0.094       312.63          1808.61        2295.47         3474.39         5500.00  
    0.100       296.05          1793.13        2261.12         3469.40         5109.51  
    0.106       291.86          1747.68        2271.97         3460.98         4942.47  
    0.113       296.28          2035.88        2337.13         3553.79         5015.51  
    0.119       309.18          2046.57        2632.67         3641.10         5065.89  
    0.125       310.29          2072.43        2684.22         3623.77         5466.42  
    0.131       298.11          2062.23        2644.97         3511.45         5500.00  
    0.138       291.74          2068.59        2633.38         3498.26         5500.00  
    0.144       278.60          2087.12        2739.75         3500.87         5308.96  
    0.150       274.27          2107.38        2788.42         3485.67         5397.52  
    0.156       269.92          2120.38        2866.85         3492.96         5492.70  
    0.163       265.21          2123.79        3011.96         3509.20         5500.00  
    0.169       259.65          2138.30        3136.55         3516.52         5381.00  
    0.175       256.63          2145.71        3129.54         3512.12         5301.52  
    0.181       252.24          2165.08        3085.14         3495.64         5286.93  
    0.188       249.04          2169.58        3017.78         3488.47         5254.54  
    0.194       250.88          2176.77        3098.62         3508.01         5275.04  
    0.200       251.98          2145.24        3177.79         3517.37         5266.16  
    0.206       248.90          2123.86        3255.88         3489.93         5225.01  
    0.213       246.48          2122.86        3253.66         3468.42         5219.94  
    0.219       254.65          2130.18        3366.45         3430.38         5201.08  
    0.225       260.67          2137.36        3360.83         3496.80         5175.13  
    0.231       266.05          2139.81        3383.69         3506.37         5160.75  
    0.238       274.02          2152.28        3378.17         3590.43         5145.20  
    0.244       279.76          2168.82        3335.81         3670.95         5130.63  
    0.250       286.52          2159.57        3315.74         3635.22         5174.17  
    0.256       295.59          2120.16        3296.41         3837.93         5160.69  
    0.263       299.87          2110.92        3287.55         3783.32         5140.78  
    0.269       295.83          2112.18        3284.91         3855.34         5117.39  
    0.275       287.17          2110.14        3280.23         3935.50         5119.41  
    0.281       282.85          2103.92        3277.25         4093.24         5106.60  
    0.288       283.70          2105.25        3291.62         4075.85         5084.06  
    0.294       291.11          2105.54        3291.84         3919.80         5123.32  
    0.300       296.02          2105.82        3297.44         3893.70         5133.53  
    0.306       295.49          2111.01        3298.38         3952.55         5116.82  
    0.312       294.43          2109.84        3281.05         4167.10         5070.06  
    0.319       291.46          2114.58        3281.48         4329.11         5069.79  
    0.325       291.45          2121.11        3298.23         4302.39         5093.98  
    0.331       290.89          2125.28        3306.12         4341.59         5145.27  
    0.338       290.83          2128.85        3307.25         4439.84         5044.51  
    0.344       293.96          2133.03        3309.82         4724.77         4968.70  
    0.350       296.65          2141.12        3293.90         4924.22         5027.14  
    0.356       294.00          2145.98        3297.53         4965.54         5463.54  
    0.363       291.78          2153.43        3306.99         5029.25         5500.00  
    0.369       290.07          2156.20        3295.14         4806.01         5061.63  
    0.375       288.59          2145.79        3284.37         4492.45         5052.38  
    0.381       289.43          2153.75        3315.70         4679.13         5019.67  
    0.388       293.17          2138.75        3312.81         4680.80         5035.64  
    0.394       298.58          2134.24        3323.13         4688.09         5024.89  
    0.400       303.91          2142.62        3315.19         4549.82         5050.40  
    0.406       306.07          2131.76        3316.74         4324.93         5038.04  
    0.413       311.03          2142.39        3309.62         4143.38         5069.93  
    0.419       309.64          2166.60        3294.67         4144.86         5010.28  
    0.425       307.05          2152.59        3310.70         4287.45         4977.92  
    0.431       306.31          2125.96        3324.71         4237.56         5017.18  
    0.438       309.78          2151.08        3332.95         3942.08         5043.17  
    0.444       308.99          2174.50        3340.00         3675.30         5035.23  
    0.450       311.52          2174.12        3379.30         3787.92         5012.82  
    0.456       314.10          2165.26        3401.76         4078.11         5094.36  
    0.463       314.81          2192.67        3436.67         4487.15         5123.49  
    0.469       311.39          2213.25        3451.55         4493.81         5079.18  
    0.475       306.73          2192.13        3470.91         4048.09         5126.69  
    0.481       304.66          2212.75        3492.35         3774.67         5100.69  
    0.488       302.87          2238.33        3095.83         3529.06         5087.08  
    0.494       285.89          2271.61        3425.45         3503.70         4987.85  
    0.500       22.19          433.28        2379.80         3494.63         4941.77  
    0.506       255.24          2126.52        3324.56         3423.70         4935.98  
    0.513       21.59          431.08        2451.53         3372.55         4963.99  
    0.519       0          483.32        2515.51         3591.59         4949.14  
    0.525       0          254.56        2255.59         3175.12         4415.46  
    0.531       0          236.38        2428.79         3216.18         4679.85  
    0.537       216.15          1482.19        2535.78         3536.74         5098.88  
    0.544       236.71          1318.33        2555.78         3575.72         5121.49  
    0.550       245.38          961.65        2519.33         3685.50         5129.84  
    