0.025       374.46          1777.45        2837.07         3791.25         4713.01  
    0.031       377.42          1791.57        2825.29         3793.63         4715.26  
    0.038       382.12          1814.89        2808.46         3780.16         5278.89  
    0.044       395.82          1842.23        2813.80         3356.75         4270.82  
    0.050       400.64          1866.01        2810.38         2947.81         3811.37  
    0.056       401.10          1902.13        2667.68         2867.91         3804.64  
    0.062       401.38          1939.82        2563.58         2880.63         3772.94  
    0.069       401.34          1961.54        2472.16         2894.85         3775.58  
    0.075       405.09          1978.00        2751.55         2977.86         3823.54  
    0.081       114.69          854.86        2236.73         2881.38         3802.22  
    0.088       295.95          1544.68        2593.98         3547.51         5016.84  
    0.094       412.78          1973.60        2735.18         3839.83         5022.48  
    0.100       414.19          1944.71        2680.60         3877.46         4715.76  
    0.106       418.70          1969.92        2729.92         4106.54         4517.37  
    0.113       421.00          1985.50        2703.40         4115.11         4523.17  
    0.119       414.96          1971.56        2718.14         4315.07         4483.23  
    0.125       407.56          1950.24        2746.02         3931.81         4498.97  
    0.131       405.43          1956.68        2760.00         3747.46         4556.43  
    0.138       406.59          2000.47        2786.73         3581.66         4735.38  
    0.144       406.34          2052.81        2865.08         3455.75         4650.92  
    0.150       401.44          2047.72        2749.49         3457.89         4366.95  
    0.156       401.65          2034.85        2564.83         3288.25         4419.71  
    0.163       400.57          2021.28        2503.42         3176.90         4570.57  
    0.169       399.63          2000.35        2699.87         3395.53         4441.12  
    0.175       398.41          1996.09        2921.90         3246.17         4430.84  
    0.181       396.09          2018.77        2522.94         3126.75         4457.97  
    0.188       394.48          1967.21        2238.30         3106.24         4609.97  
    0.194       392.58          1949.93        2197.90         3068.05         4734.52  
    0.200       390.50          2036.34        2160.79         3039.92         4351.16  
    0.206       390.06          2072.81        2168.30         3029.22         4060.67  
    0.213       390.54          2063.62        2304.68         3022.42         3969.62  
    0.219       387.50          2054.00        2299.61         3007.14         3890.88  
    0.225       385.42          2047.49        2193.37         2996.97         3842.31  
    0.231       384.93          2052.58        2105.34         2996.48         3783.80  
    0.238       384.96          2073.44        2118.84         3002.45         3741.11  
    0.244       384.57          2066.70        2269.47         3020.28         3743.46  
    0.250       387.03          2054.67        2273.48         3031.18         3764.46  
    0.256       390.90          2056.09        2178.41         3038.47         3753.69  
    0.263       394.51          2050.90        2304.80         3022.80         3745.94  
    0.269       403.38          2049.21        2479.18         3013.05         3757.75  
    0.275       420.22          2051.35        2549.42         3021.70         3768.17  
    0.281       432.98          2047.91        2599.22         3018.12         3758.99  
    0.288       442.69          2038.38        2662.07         2997.42         3739.17  
    0.294       446.07          2029.66        2701.52         2984.47         3725.62  
    0.300       442.13          2031.12        2482.41         3007.35         3733.18  
    0.306       439.62          2016.08        2472.41         3027.44         3757.15  
    0.312       434.82          2003.79        2775.18         2955.13         3806.20  
    0.319       122.16          865.72        2289.35         2995.04         3816.87  
    0.325       0          413.78        2062.32         3043.62         3703.39  
    