0.025       318.58          1900.25        1973.58         3136.51         3749.88  
    0.031       318.46          1883.94        2074.56         3228.82         3837.47  
    0.038       321.33          1865.96        2202.00         3321.69         3822.36  
    0.044       323.94          1862.48        2152.24         3270.76         3835.89  
    0.050       324.83          1886.21        1945.87         3232.98         3778.24  
    0.056       327.12          1603.33        2019.07         2973.34         3733.56  
    0.062       326.30          1744.64        2012.92         2694.98         3751.12  
    0.069       328.75          1937.41        1995.58         2644.57         3745.94  
    0.075       329.13          1994.80        2085.49         2786.03         3758.27  
    0.081       326.83          1990.23        2648.41         3004.50         3671.18  
    0.088       326.07          1989.62        2576.26         3642.16         3727.59  
    0.094       324.05          1999.79        2489.43         3620.75         3756.47  
    0.100       325.37          1965.92        2383.49         3452.33         4549.04  
    0.106       328.01          1900.90        2453.98         3548.90         4571.77  
    0.113       325.66          1917.74        2486.66         3483.13         4513.66  
    0.119       318.57          1974.69        2539.81         3413.60         4433.15  
    0.125       310.23          1993.85        2641.14         3888.32         4394.23  
    0.131       305.73          1977.78        2584.92         4036.87         4908.22  
    0.138       298.89          1953.47        2724.05         4061.58         4891.69  
    0.144       294.17          2002.98        2748.60         3917.20         4937.43  
    0.150       294.45          2123.99        2680.50         4062.25         4980.89  
    0.156       298.25          2187.26        2654.41         4259.87         4287.69  
    0.163       302.26          2273.32        2712.08         3810.83         4350.81  
    0.169       305.95          2387.60        2759.69         3665.31         4316.44  
    0.175       307.90          2427.84        2859.14         3951.54         4593.39  
    0.181       308.57          2460.77        2915.18         3967.92         4259.39  
    0.188       305.67          2487.74        2953.09         3974.34         4291.52  
    0.194       300.77          2525.77        2975.85         3917.52         5473.99  
    0.200       296.97          2571.24        3016.67         3934.08         5500.00  
    0.206       6.40          342.57        2605.29         3125.95         3951.28  
    0.213       0          299.05        2615.44         3205.69         3925.31  
    0.219       0          299.11        2624.27         3241.94         4034.43  
    0.225       280.05          2579.17        3236.01         4042.56         5468.48  
    0.231       278.31          2620.15        3277.54         3995.31         5500.00  
    0.238       5.99          324.14        2581.67         3283.21         3867.71  
    0.244       0          268.09        2535.92         3273.33         4017.86  
    0.250       248.85          2464.12        3308.01         3920.66         5468.16  
    0.256       5.48          299.36        2572.23         3283.89         3872.28  
    0.263       0          261.97        2586.71         3251.19         3854.49  
    0.269       257.23          2554.28        3407.02         3811.79         5464.56  
    0.275       5.66          314.55        2639.87         3504.66         4156.83  
    0.281       0          261.96        2640.52         3400.37         4287.45  
    0.288       0          261.68        2632.69         3386.34         4318.18  
    0.294       0          264.01        2607.77         3414.93         4201.78  
    0.300       0          268.97        2622.39         3384.59         4158.52  
    0.306       271.55          2550.53        3372.15         4201.39         5471.08  
    0.312       290.34          2586.44        3383.96         4371.76         5500.00  
    0.319       6.26          350.56        2589.47         3386.77         4086.50  
    0.325       299.57          2518.29        3316.18         3868.14         5468.88  
    0.331       312.44          2582.98        3332.93         3858.94         5500.00  
    0.338       313.70          2590.07        3332.00         3905.36         5500.00  
    0.344       6.76          360.76        2634.02         3370.75         3977.89  
    0.350       295.56          2568.58        3321.88         3928.29         5466.49  
    0.356       296.94          2578.99        3335.70         3896.95         5500.00  
    0.363       296.37          2577.28        3346.83         3898.02         5500.00  
    0.369       306.65          2597.30        3310.15         3862.38         5500.00  
    0.375       318.21          2617.70        3300.95         3880.22         5500.00  
    0.381       322.88          2598.89        3302.35         3904.79         5500.00  
    0.388       317.65          2570.15        3362.36         3884.28         5500.00  
    0.394       307.37          2559.70        3369.78         3898.51         5500.00  
    0.400       298.31          2562.95        3405.48         3930.56         5500.00  
    0.406       297.82          2563.27        3405.76         3958.78         5500.00  
    0.413       297.52          2560.91        3446.76         3975.26         4357.83  
    0.419       300.17          2567.94        3538.10         3859.75         3987.62  
    0.425       6.47          347.50        2594.96         3612.55         3992.75  
    0.431       0          313.44        2574.09         3719.82         4082.85  
    