0.025       0          261.79        2043.82         3044.19         4102.60  
    0.031       0          250.98        2078.37         2842.03         4119.78  
    0.038       0          237.18        1993.38         2970.24         4136.11  
    0.044       0          207.60        1952.69         3054.84         4139.84  
    0.050       0          202.34        1930.05         3186.04         4151.15  
    0.056       0          207.21        1932.73         3058.09         4113.15  
    0.062       176.92          1850.91        2887.25         3994.50         5305.70  
    0.069       222.22          2221.52        3128.82         4156.33         5500.00  
    0.075       247.64          2222.55        3351.14         4176.96         5500.00  
    0.081       270.08          2202.83        3404.59         4199.19         5115.18  
    0.088       283.97          2269.20        3450.40         4161.44         5437.64  
    0.094       39.85          573.94        2507.99         3971.17         4291.23  
    0.100       0          306.83        2305.00         3649.70         4178.29  
    0.106       0          313.67        2286.87         3230.25         4209.14  
    0.113       273.19          1949.55        2869.20         4062.43         5320.37  
    0.119       317.95          2245.26        2918.64         4262.10         5500.00  
    0.125       44.35          586.67        2400.76         3695.24         4367.64  
    0.131       0          316.32        2292.35         3842.07         4110.97  
    0.138       0          315.14        2294.06         3866.41         4186.30  
    0.144       0          314.38        2295.12         3396.36         4250.63  
    0.150       268.48          1966.54        2800.39         4083.32         5326.90  
    0.156       311.17          2311.53        3085.77         4140.79         5500.00  
    0.163       310.41          2487.96        2674.98         4117.55         5500.00  
    0.169       307.65          2091.65        2794.23         4135.62         5500.00  
    0.175       42.84          545.22        2292.55         3205.93         4322.87  
    0.181       0          304.21        2210.66         3073.13         4139.39  
    0.188       0          303.31        2207.58         3129.03         4199.09  
    0.194       0          301.11        2227.25         3117.46         4246.98  
    0.200       0          299.06        2341.31         3294.07         4175.60  
    0.206       0          298.40        2342.02         3522.43         4170.15  
    0.213       0          299.57        2320.14         3339.85         4209.73  
    0.219       256.76          1646.62        2935.54         4068.96         5320.93  
    0.225       298.08          1780.26        3064.56         4175.69         5500.00  
    0.231       41.56          501.88        2361.92         3222.84         4364.71  
    0.238       254.46          1578.28        2910.22         3919.38         5316.02  
    0.244       293.48          1826.30        2995.93         4085.43         5500.00  
    0.250       40.88          506.39        2418.81         3175.56         4361.91  
    0.256       0          294.45        2397.50         3049.49         4172.71  
    0.263       256.06          1275.84        2950.89         3923.42         5314.79  
    0.269       41.50          456.87        2594.81         3232.61         4359.99  
    0.275       0          299.93        2510.88         3130.83         4252.83  
    0.281       0          302.65        2515.99         3127.51         4244.35  
    0.288       0          304.90        2439.52         3175.15         4379.00  
    0.294       0          305.14        2293.03         3155.73         4495.62  
    0.300       0          299.02        2272.99         3155.73         4425.66  
    0.306       0          293.89        2287.48         3298.34         4336.83  
    0.312       0          288.11        2297.70         3531.79         4218.80  
    0.319       0          275.41        2309.45         3285.24         4154.24  
    0.325       0          269.63        2369.95         3251.63         4190.79  
    0.331       0          269.21        2413.52         3337.58         4220.67  
    0.338       224.85          2031.86        2916.43         4076.27         5322.10  
    0.344       258.19          2287.50        3012.82         4216.07         5500.00  
    0.350       259.60          2298.94        3131.07         4249.11         5500.00  
    0.356       253.22          2321.39        3059.96         4191.67         5500.00  
    0.363       249.16          2357.32        3006.82         4151.08         5500.00  
    0.369       245.61          2377.27        3091.67         4130.20         5500.00  
    0.375       243.05          2436.42        3064.96         4117.88         5500.00  
    0.381       232.25          2715.04        3052.99         4128.02         5500.00  
    