0.025       0          309.85        2510.35         3716.69         4086.71  
    0.031       0          288.02        2666.13         3589.79         4082.79  
    0.038       174.24          1098.90        3157.37         3661.42         4284.73  
    0.044       226.52          1336.29        3383.00         3726.13         4352.33  
    0.050       239.33          1328.00        3478.55         3875.98         5232.09  
    0.056       234.49          1285.83        3384.29         3942.90         5500.00  
    0.062       54.19          297.70        1673.78         3401.09         4244.58  
    0.069       0          0        949.95         3194.83         3792.55  
    0.075       0          469.22        2642.43         3574.81         4054.10  
    0.081       186.06          2232.93        3628.12         3775.48         4212.61  
    0.088       256.53          2807.11        3172.43         3855.93         4311.42  
    0.094       288.42          2742.42        3469.82         3903.24         4183.62  
    0.100       307.70          2611.31        3689.14         4096.05         4607.47  
    0.106       313.27          2497.40        3495.98         3749.80         4300.37  
    0.113       315.31          2462.16        2759.09         3863.13         4264.38  
    0.119       319.09          1977.68        2592.87         3948.02         4394.12  
    0.125       322.32          1742.83        2683.27         3958.70         4434.89  
    0.131       324.51          2076.34        2655.24         4018.91         4395.70  
    0.138       324.76          2434.19        2613.67         4010.46         4419.57  
    0.144       75.91          835.17        2426.56         3912.50         4353.17  
    0.150       0          322.56        2366.97         3943.18         4334.90  
    0.156       245.39          1935.26        2443.11         4021.62         4429.73  
    0.163       74.87          813.38        2434.71         4023.80         4490.52  
    0.169       0          320.76        2445.32         3992.73         4241.46  
    0.175       0          322.76        2533.21         3931.86         4277.77  
    0.181       0          323.30        2548.11         3915.65         4264.77  
    0.188       0          318.27        2619.56         3991.22         4122.57  
    0.194       0          317.02        2642.88         4050.10         4066.59  
    0.200       0          316.79        2623.17         3943.89         4143.20  
    0.206       0          316.40        2672.49         3931.10         4126.95  
    0.213       0          318.85        2653.93         3951.60         4225.65  
    0.219       0          318.52        2669.28         4068.09         4703.81  
    0.225       0          318.52        2661.03         4057.77         4528.51  
    0.231       242.09          2149.83        2699.92         3995.86         4586.20  
    0.238       313.75          2564.85        2763.54         3969.15         4509.35  
    0.244       73.19          829.07        2713.73         3887.17         4139.71  
    0.250       0          312.36        2681.52         3915.95         4050.86  
    0.256       0          308.61        2670.32         3905.18         4149.20  
    0.263       234.64          2084.21        3610.97         4012.37         5190.94  
    0.269       310.17          2643.61        3811.54         4078.61         5500.00  
    0.275       309.84          2641.42        3874.92         3991.29         4464.11  
    0.281       303.86          2631.26        3911.57         4138.83         4208.98  
    0.288       300.88          2620.57        3882.90         4192.12         5202.52  
    0.294       294.81          2668.56        3882.85         4165.12         5500.00  
    0.300       293.93          2741.44        3873.24         4127.33         5500.00  
    0.306       68.78          870.69        3045.16         3928.42         4451.31  
    0.312       221.49          2217.13        3627.61         4157.67         5180.02  
    0.319       290.96          2734.05        3826.54         3992.57         4669.57  
    0.325       289.09          2584.70        3830.24         3991.56         4426.20  
    0.331       283.45          2482.10        3760.20         4076.86         4630.53  
    0.338       273.84          2460.99        3801.20         4086.53         4878.40  
    0.344       267.16          2479.20        3859.96         4053.08         5199.47  
    0.350       260.88          2501.00        3896.01         3957.46         5229.86  
    0.356       261.14          2569.61        3873.81         3965.34         5091.93  
    0.363       273.16          2612.44        3828.16         4061.65         5312.12  
    0.369       279.76          2640.57        3829.44         4104.40         5474.45  
    0.375       275.61          2646.66        3854.40         4114.36         5500.00  
    0.381       270.29          2651.00        3871.98         4167.42         4792.72  
    0.388       269.11          2645.36        3855.39         4112.85         5284.19  
    0.394       271.25          2597.16        3700.22         4057.16         5009.96  
    0.400       273.53          2534.46        3750.18         3990.38         4511.60  
    0.406       268.61          2451.51        3869.06         3934.05         4451.36  
    0.413       265.18          2437.09        3913.61         3940.83         4427.09  
    0.419       270.17          2546.51        3922.74         4006.79         4212.49  
    0.425       274.54          2640.75        3628.05         3980.63         4331.62  
    0.431       282.83          2656.37        3694.50         3958.23         4338.24  
    