0.025       356.81          1641.62        2707.20         2866.13         4936.82  
    0.031       364.36          1641.88        2764.44         2850.90         4951.04  
    0.038       374.27          1635.65        2772.41         2884.60         5023.49  
    0.044       377.34          1635.52        2722.33         2916.55         4998.66  
    0.050       375.20          1677.98        2717.61         2908.42         4922.61  
    0.056       369.57          1711.68        2704.24         2907.01         4919.31  
    0.062       362.61          1707.41        2759.35         2987.12         4996.52  
    0.069       358.60          1709.89        2794.61         3367.30         5031.02  
    0.075       350.21          1764.05        2793.55         3608.38         5021.11  
    0.081       334.72          1806.58        2813.72         3662.10         5007.58  
    0.088       313.85          1825.92        2842.41         3724.00         5031.47  
    0.094       299.59          1825.61        2876.19         3788.35         5055.05  
    0.100       318.18          1818.34        2880.94         3875.20         5045.48  
    0.106       337.58          1909.53        2873.73         3925.80         4963.75  
    0.113       339.09          2106.92        2878.79         3910.95         4938.13  
    0.119       327.81          2225.93        2932.81         3904.62         4938.36  
    0.125       315.46          2152.96        2875.25         3914.32         4914.03  
    0.131       312.15          2094.18        2811.28         3927.48         4918.44  
    0.138       312.23          2113.59        2819.29         3853.58         4851.64  
    0.144       312.20          2179.11        2840.77         3757.88         4777.30  
    0.150       311.66          2279.17        2856.94         3709.89         4752.19  
    0.156       310.69          2338.64        2866.17         3699.22         4756.22  
    0.163       309.40          2369.90        2873.60         3698.24         4780.99  
    0.169       308.50          2403.00        2890.26         3714.45         4787.16  
    0.175       308.48          2431.06        2904.97         3731.14         4763.05  
    0.181       309.22          2451.82        2915.42         3722.13         4729.66  
    0.188       310.52          2466.50        2932.47         3713.59         4728.86  
    0.194       311.99          2485.45        2941.22         3707.31         4730.11  
    0.200       313.09          2505.78        2951.50         3703.77         4761.81  
    0.206       314.25          2521.95        2976.61         3719.04         4833.21  
    0.213       316.33          2535.59        2992.51         3739.64         4851.58  
    0.219       319.29          2542.55        2949.13         3757.70         4851.23  
    0.225       323.10          2541.72        2911.08         3785.18         4878.78  
    0.231       326.62          2538.00        2908.96         3807.04         4873.51  
    0.238       329.30          2532.46        2910.99         3826.42         4838.34  
    0.244       331.75          2531.78        2943.86         3810.19         4793.21  
    0.250       335.61          2533.22        2951.47         3765.22         4766.70  
    0.256       340.71          2533.85        2926.01         3748.81         4790.05  
    0.263       347.17          2517.39        2917.80         3749.87         4776.61  
    0.269       353.13          2504.59        2924.23         3744.86         4777.33  
    0.275       356.82          2505.86        2920.79         3745.13         4784.51  
    0.281       359.19          2521.18        2912.35         3753.63         4719.84  
    0.288       359.71          2538.62        2924.46         3750.76         4734.25  
    0.294       360.92          2541.59        2957.10         3768.41         5223.10  
    0.300       363.57          2536.04        2984.50         3778.34         5500.00  
    0.306       368.62          2541.83        2986.28         3746.67         5500.00  
    0.312       373.69          2536.53        2977.00         3734.81         5500.00  
    0.319       380.63          2507.66        2983.13         3745.14         5500.00  
    0.325       386.54          2479.09        3044.08         3747.98         5500.00  
    0.331       381.50          2487.73        3062.48         3749.60         5500.00  
    