0.025       0          385.06        1697.25         2181.75         3480.17  
    0.031       0          380.45        1742.25         2194.13         3479.64  
    0.038       360.97          1760.71        2217.95         3450.58         5455.10  
    0.044       343.33          1760.58        2219.50         3465.44         5500.00  
    0.050       299.95          1759.29        2224.65         3485.00         5500.00  
    0.056       293.74          1810.51        2246.54         3516.31         5500.00  
    0.062       311.58          1786.27        2277.20         3536.24         4999.72  
    0.069       276.25          1954.25        2259.54         3621.05         5054.92  
    0.075       300.69          2034.84        2382.33         3671.41         5347.19  
    0.081       317.62          2048.18        2382.31         3546.75         5237.69  
    0.088       314.00          2050.77        2262.63         3498.88         5494.11  
    0.094       240.63          2087.72        2215.28         3509.34         5500.00  
    0.100       243.50          2096.79        2736.17         3503.59         5500.00  
    0.106       243.15          2117.56        2672.93         3491.01         5500.00  
    0.113       252.99          2116.38        2938.72         3508.22         5500.00  
    0.119       253.46          2128.18        3139.71         3521.43         5500.00  
    0.125       246.97          2138.60        3221.00         3527.57         5415.96  
    0.131       238.88          2149.22        3200.39         3510.25         5286.56  
    0.138       224.13          2169.42        3034.34         3506.14         5260.12  
    0.144       223.79          2175.65        3041.45         3509.31         5244.91  
    0.150       229.37          2177.80        3143.48         3518.78         5247.35  
    0.156       221.95          2128.89        3207.04         3504.44         5211.25  
    0.163       218.76          2120.87        3233.26         3485.24         5188.87  
    0.169       215.76          2122.25        3230.85         3476.11         5179.41  
    0.175       226.34          2131.89        3408.64         3444.85         5175.73  
    0.181       225.84          2135.07        3381.34         3497.61         5163.64  
    0.188       215.89          2139.72        3417.18         3455.94         5168.19  
    0.194       210.77          2155.71        3387.81         3555.62         5139.25  
    0.200       202.00          2168.02        3360.95         3616.57         5132.86  
    0.206       193.64          2137.80        3347.21         3560.27         5164.09  
    0.213       4.30          47.49        2135.99         3334.69         3743.17  
    0.219       143.46          2056.09        3280.57         3650.84         5108.57  
    0.225       3.26          46.73        2132.99         3315.69         3768.91  
    0.231       0          0        2099.65         3303.92         3813.12  
    0.238       0          0        2099.07         3297.87         4063.95  
    0.244       166.05          2057.78        3272.19         3949.59         5079.07  
    0.250       238.74          2104.94        3301.90         3806.19         5153.07  
    0.256       233.79          2107.90        3317.20         3845.67         5150.17  
    0.263       243.64          2112.19        3315.79         3990.35         5110.49  
    0.269       255.84          2110.25        3291.19         4168.34         5069.10  
    0.275       256.29          2117.45        3294.31         4228.73         5068.83  
    0.281       265.46          2121.50        3309.95         4207.01         5087.19  
    0.288       273.29          2126.23        3319.62         4255.04         5090.81  
    0.294       279.84          2128.91        3326.51         4216.99         5026.82  
    0.300       287.49          2135.71        3339.46         4569.20         4987.66  
    0.306       291.14          2142.18        3328.48         4766.22         4951.51  
    0.312       290.55          2146.16        3319.64         4696.62         5024.50  
    0.319       287.52          2156.41        3325.27         5030.05         5117.91  
    0.325       281.80          2149.83        3320.28         4863.93         4973.07  
    0.331       274.04          2139.48        3341.81         4860.10         4975.09  
    0.338       278.46          2136.59        3347.01         4888.48         4919.07  
    0.344       271.35          2117.81        3343.97         4804.82         4953.23  
    0.350       279.46          2124.96        3345.13         4766.69         4976.91  
    0.356       286.29          2130.71        3338.99         4647.34         4981.48  
    0.363       284.57          2111.68        3353.86         4586.04         4984.64  
    0.369       283.92          2134.81        3352.22         4541.87         5029.58  
    0.375       247.34          2146.59        3357.57         4835.21         4910.50  
    0.381       199.58          2123.28        3384.81         4796.79         4943.02  
    0.388       84.85          2115.24        3394.16         4617.90         4996.23  
    0.394       1.83          47.00        2165.96         3437.79         4172.65  
    0.400       0          0        2129.53         3433.52         3933.71  
    0.406       148.94          2075.06        3420.57         4381.63         4973.48  
    0.413       210.67          2120.23        3464.92         5007.35         5184.87  
    0.419       145.99          2153.40        3480.09         4850.83         5493.09  
    0.425       191.40          2151.52        3486.12         4905.04         5500.00  
    0.431       166.85          2147.48        3497.36         5001.31         5500.00  
    0.438       3.69          133.29        2195.89         3544.53         5091.03  
    0.444       0          821.91        2213.01         3517.37         5078.88  
    0.450       0          536.87        2250.58         3518.52         4913.52  
    0.456       0          809.90        2263.33         3522.59         4839.89  
    0.463       0          651.40        2271.42         3509.04         4851.44  
    0.469       0          117.44        2281.49         3505.78         4926.00  
    0.475       0          171.33        2286.73         3615.23         4925.99  
    0.481       214.93          2196.44        3268.60         4848.58         5487.24  
    0.488       4.88          266.28        2315.05         3381.25         5076.77  
    