0.025       0          396.32        2153.27         2685.85         4715.93  
    0.031       0          377.78        2134.92         2749.77         4728.53  
    0.038       0          376.47        2068.39         2660.65         4485.11  
    0.044       0          370.03        2073.41         2620.95         4378.61  
    0.050       0          360.21        2079.69         2600.50         4404.55  
    0.056       0          359.33        2094.38         2589.13         4614.91  
    0.062       301.89          1820.21        2562.80         3751.05         5391.58  
    0.069       346.45          2026.82        2580.82         3604.31         5500.00  
    0.075       341.16          1928.42        2535.12         3452.27         4986.40  
    0.081       341.27          1920.88        2519.18         3438.83         4952.35  
    0.088       337.72          1925.75        2509.36         3445.87         4894.17  
    0.094       334.93          1922.54        2492.84         3454.93         4740.25  
    0.100       330.94          1903.48        2474.54         3459.32         4628.92  
    0.106       325.98          1914.16        2457.44         3464.70         4726.26  
    0.113       323.76          1910.36        2364.57         3434.55         4717.80  
    0.119       320.38          1909.68        2290.96         3411.85         4715.07  
    0.125       315.77          1920.79        2444.80         3456.71         5400.52  
    0.131       309.59          1906.53        2517.14         3540.67         5500.00  
    0.138       305.54          1884.95        2489.41         3546.49         5500.00  
    0.144       302.18          1861.02        2344.83         3416.06         4928.70  
    0.150       299.42          1874.45        2474.89         3381.63         5085.43  
    0.156       299.97          1886.04        2614.59         3876.66         5451.86  
    0.163       300.06          1897.18        2524.54         3869.26         5500.00  
    0.169       300.00          1918.91        2408.47         3614.95         5500.00  
    0.175       303.92          1931.87        2305.24         3530.98         5500.00  
    0.181       310.71          1956.56        2281.73         3525.66         5500.00  
    0.188       316.29          1994.11        2316.80         3568.61         5500.00  
    0.194       322.42          2019.49        2297.66         3549.04         5500.00  
    0.200       40.97          545.22        2074.15         2603.03         3789.99  
    0.206       0          334.11        2056.27         2554.35         3534.62  
    0.213       0          337.15        2082.17         2612.11         3537.57  
    0.219       0          337.06        2069.83         2647.72         3532.60  
    0.225       0          338.73        2089.35         2702.24         3524.74  
    0.231       0          340.26        2093.64         2764.61         3551.58  
    0.238       0          342.09        2156.78         2838.92         3595.75  
    0.244       0          341.72        2249.42         2870.33         3626.01  
    0.250       0          340.26        2259.29         2888.35         3628.63  
    0.256       296.37          1970.38        2830.44         3546.86         5262.77  
    0.263       342.14          2183.87        2974.58         3739.22         5500.00  
    0.269       342.58          2107.86        2984.56         3695.87         5500.00  
    0.275       341.28          2034.34        2990.02         3640.26         5205.53  
    0.281       342.05          2023.61        2995.51         3652.65         5457.26  
    0.288       343.00          2150.50        3013.38         3795.36         5500.00  
    0.294       341.17          2197.94        3034.95         3846.92         5500.00  
    0.300       339.08          2122.17        3065.62         3832.91         5500.00  
    0.306       335.45          2056.21        3086.76         3816.43         5500.00  
    0.312       333.79          2089.23        3102.48         3798.28         5500.00  
    0.319       334.36          2100.28        3053.12         3812.94         5500.00  
    0.325       335.64          2147.20        3078.20         3829.41         5500.00  
    0.331       338.10          2160.95        3124.44         3769.77         5500.00  
    0.338       339.29          2168.90        3114.33         3747.29         5500.00  
    0.344       339.24          2163.66        3126.46         3800.71         5118.30  
    0.350       339.06          2167.27        3146.10         3854.69         5066.35  
    0.356       342.46          2171.38        3139.46         3843.37         5114.85  
    0.363       346.57          2148.51        3108.78         3772.30         5452.06  
    0.369       349.37          2127.24        3083.96         3726.77         5358.27  
    0.375       351.30          2250.43        3114.94         3708.48         5479.43  
    0.381       350.54          2503.00        3226.94         3981.45         5500.00  
    0.388       350.75          2536.70        3230.81         4146.78         5500.00  
    0.394       351.92          2514.69        3173.57         3842.22         5500.00  
    0.400       353.46          2295.25        3068.16         3757.61         5251.51  
    0.406       354.62          2177.81        3034.80         3758.84         5123.47  
    0.413       356.22          2224.44        3054.92         3745.29         5115.08  
    0.419       356.33          2523.89        3277.83         4366.99         5451.30  
    0.425       45.17          636.23        2655.62         3415.28         4641.46  
    0.431       312.41          2380.49        3148.40         4280.00         5375.38  
    0.438       357.65          2729.50        3156.75         4059.95         5310.27  
    0.444       357.01          2730.03        3203.31         4106.51         5472.46  
    0.450       358.47          2773.78        3330.31         4528.47         5500.00  
    0.456       45.47          666.56        2837.86         3497.38         4440.64  
    0.463       0          361.49        2698.97         3341.76         4423.20  
    0.469       0          363.46        2588.49         3342.73         4512.65  
    0.475       0          366.37        2585.39         3303.80         4538.15  
    0.481       0          369.57        2618.91         3307.39         4546.73  
    0.488       0          371.47        2613.89         3355.18         4568.68  
    0.494       0          372.99        2634.76         3367.97         4561.87  
    0.500       0          374.57        2670.79         3364.91         4522.68  
    0.506       0          375.57        2685.27         3347.78         4509.68  
    0.513       0          376.08        2692.24         3374.78         4542.11  
    0.519       0          375.35        2710.22         3388.52         4615.73  
    0.525       0          376.31        2712.57         3389.22         4687.12  
    0.531       0          377.22        2597.02         3380.72         4518.91  
    0.537       0          379.00        2532.13         3332.08         4486.13  
    0.544       0          376.57        2526.96         3342.23         4564.71  
    0.550       0          369.79        2567.16         3382.29         4618.19  
    0.556       0          345.72        2589.13         3426.62         4575.02  
    0.562       0          300.40        2579.43         3418.82         4558.37  
    0.569       0          300.36        2575.51         3466.92         4564.35  
    0.575       0          298.16        2600.04         3391.68         4517.46  
    0.581       0          267.21        2587.37         3302.70         4502.65  
    