0.025       320.72          1810.44        2481.08         2583.64         4511.82  
    0.031       318.55          1811.66        2494.69         2633.58         4472.22  
    0.038       315.76          1817.54        2506.16         2674.28         4423.18  
    0.044       312.32          1828.25        2500.88         2668.78         4368.82  
    0.050       309.40          1835.70        2521.36         2714.62         4368.12  
    0.056       305.23          1834.07        2556.30         2770.67         4390.08  
    0.062       296.60          1865.79        2563.04         2839.22         4363.53  
    0.069       295.46          1892.20        2571.08         2994.47         4355.96  
    0.075       301.32          1887.44        2578.66         3035.87         4376.91  
    0.081       306.86          1894.31        2573.22         2994.76         4378.71  
    0.088       313.56          1910.99        2568.81         3095.48         4336.28  
    0.094       321.20          1924.48        2582.75         3228.63         4291.20  
    0.100       326.45          1931.55        2596.13         3361.39         4277.57  
    0.106       328.71          1945.67        2595.43         3353.50         4293.34  
    0.113       330.85          1961.83        2604.16         3167.87         4347.52  
    0.119       333.21          1980.55        2614.71         3144.76         4386.91  
    0.125       334.61          2012.32        2616.13         3125.10         4381.43  
    0.131       336.01          2046.35        2616.09         3063.82         4399.13  
    0.138       337.35          2081.38        2627.47         3064.12         4464.62  
    0.144       336.44          2109.68        2644.07         3128.92         4512.81  
    0.150       336.88          2134.79        2665.45         3321.53         4536.05  
    0.156       339.94          2162.35        2690.48         3454.06         4543.73  
    0.163       343.16          2198.70        2718.63         3472.94         4555.58  
    0.169       345.67          2228.84        2740.46         3460.10         4601.63  
    0.175       344.62          2244.91        2745.48         3516.14         4708.61  
    0.181       340.89          2263.37        2749.30         3591.15         4876.38  
    0.188       336.69          2284.41        2776.71         3636.84         4955.55  
    0.194       331.72          2296.02        2816.81         3667.87         4899.00  
    0.200       327.02          2304.09        2842.92         3725.43         4838.30  
    0.206       322.73          2312.99        2860.62         3832.00         4793.62  
    0.213       319.03          2316.89        2893.77         3887.93         4838.11  
    0.219       314.63          2322.45        2938.88         3989.82         4914.31  
    0.225       306.66          2331.59        2957.23         4039.45         4912.01  
    0.231       298.77          2334.51        2930.32         3904.38         4949.05  
    0.238       295.87          2334.23        2933.16         3836.04         4993.87  
    0.244       295.88          2338.69        2966.15         3865.97         4959.42  
    0.250       294.86          2348.29        2971.17         3900.20         4951.92  
    0.256       293.51          2353.41        2964.64         3860.31         4931.33  
    0.263       294.18          2354.42        2974.31         3861.13         4885.76  
    0.269       294.10          2350.38        2982.19         3959.86         4839.43  
    0.275       294.28          2349.47        2979.07         3999.04         4819.69  
    0.281       295.20          2356.43        2990.20         4061.65         4820.77  
    0.288       293.30          2366.47        2994.22         4189.63         4788.16  
    0.294       290.30          2369.63        2989.18         4090.81         4808.95  
    0.300       290.16          2363.46        2972.89         3905.80         4920.52  
    0.306       289.66          2360.72        2988.67         3858.03         4938.43  
    0.312       288.28          2365.89        3013.25         3928.77         4932.82  
    0.319       288.17          2375.34        3004.14         3925.23         5013.11  
    0.325       287.73          2381.57        3003.77         3870.72         5034.65  
    0.331       287.53          2387.04        3004.13         3876.35         4974.10  
    0.338       289.10          2393.88        2989.61         3903.14         4897.24  
    0.344       289.31          2398.05        2977.25         3936.11         4858.90  
    0.350       287.97          2397.45        2992.26         3991.89         4833.87  
    0.356       286.59          2396.57        3023.71         3999.22         4794.64  
    0.363       285.45          2392.77        3009.28         3857.42         4811.72  
    0.369       284.52          2393.64        2994.21         3925.36         4823.25  
    0.375       283.99          2392.73        3003.04         4107.09         4727.82  
    