0.025       245.35          1603.35        2180.06         3630.20         4905.32  
    0.031       255.87          1588.55        2196.70         3595.93         4937.05  
    0.038       268.45          1704.16        2221.71         3642.41         5038.51  
    0.044       290.64          1945.59        2153.15         3646.74         5025.60  
    0.050       312.11          1993.35        2237.31         3532.25         4955.90  
    0.056       320.19          1965.43        2309.57         3451.39         4995.01  
    0.062       312.26          1966.51        2293.68         3494.13         5088.39  
    0.069       307.71          1985.19        2309.05         3501.66         5128.73  
    0.075       307.31          2017.16        2351.87         3500.14         5371.49  
    0.081       303.76          2035.54        2396.86         3516.44         5500.00  
    0.088       301.31          2037.81        2433.40         3474.51         5500.00  
    0.094       299.86          2036.80        2457.53         3396.58         5265.90  
    0.100       298.85          2037.54        2482.67         3420.01         5374.01  
    0.106       294.91          2041.49        2521.99         3427.84         5257.48  
    0.113       291.65          2048.32        2558.44         3459.91         5202.29  
    0.119       291.74          2053.34        2600.21         3524.81         5410.02  
    0.125       294.36          2062.29        2631.95         3547.28         5500.00  
    0.131       297.32          2078.68        2599.63         3443.79         5183.07  
    0.138       297.97          2095.72        2602.84         3450.82         5273.64  
    0.144       296.59          2078.21        2652.13         3480.66         5135.37  
    0.150       294.40          2056.36        2701.51         3489.45         4978.69  
    0.156       295.56          2037.64        2722.77         3481.36         4965.17  
    0.163       297.47          2040.58        2727.98         3484.68         5048.40  
    0.169       298.23          2058.73        2674.06         3499.41         4999.79  
    0.175       297.69          2092.29        2648.13         3501.20         4947.39  
    0.181       295.00          2126.27        2638.84         3498.24         4967.61  
    0.188       291.68          2095.71        2706.75         3493.47         4974.05  
    0.194       292.17          2071.82        2763.39         3492.46         4966.69  
    0.200       293.68          2078.72        2736.54         3462.48         4946.95  
    0.206       296.57          2092.77        2655.53         3407.32         4950.90  
    0.213       298.40          2103.24        2705.75         3388.21         5016.97  
    0.219       297.26          2103.19        2872.94         3417.26         5342.10  
    0.225       296.74          2103.43        2940.58         3452.67         5500.00  
    0.231       296.24          2119.36        2929.91         3422.66         5294.77  
    0.238       296.16          2133.77        2853.22         3400.51         5032.67  
    0.244       297.31          2154.38        2814.79         3430.91         4971.01  
    0.250       297.50          2177.47        2816.08         3449.24         4972.77  
    0.256       297.12          2155.79        2807.82         3478.60         4918.28  
    0.263       295.54          2129.53        2786.85         3450.60         4852.57  
    0.269       292.13          2124.55        2841.68         3415.77         4836.37  
    0.275       290.67          2126.37        2918.00         3418.21         4856.92  
    0.281       289.75          2126.03        2881.79         3419.24         4856.44  
    0.288       289.03          2127.82        2827.83         3411.36         4867.48  
    0.294       290.00          2136.85        2833.26         3384.51         4848.78  
    0.300       290.72          2140.13        2837.03         3378.60         4772.53  
    0.306       289.28          2145.21        2816.12         3445.04         4698.78  
    0.312       287.79          2159.76        2827.72         3513.12         4668.47  
    0.319       287.80          2156.46        2833.43         3472.78         4716.75  
    0.325       288.12          2148.11        2792.21         3414.10         4765.85  
    0.331       289.00          2149.77        2776.67         3413.60         4754.79  
    0.338       289.02          2155.87        2793.37         3443.43         4706.92  
    0.344       289.75          2169.55        2810.48         3417.77         4682.67  
    0.350       292.36          2193.48        2812.70         3455.92         4657.90  
    0.356       294.14          2212.97        2779.24         3477.93         4662.44  
    0.363       293.57          2205.19        2757.97         3500.85         4765.95  
    0.369       294.17          2191.02        2761.15         3400.17         4807.58  
    0.375       295.66          2171.04        2781.00         3338.67         4776.33  
    0.381       298.26          2161.80        2768.94         3430.42         4758.35  
    0.388       300.61          2168.14        2785.36         3487.61         4776.70  
    0.394       301.04          2184.98        2867.42         3510.66         4705.97  
    0.400       301.89          2197.17        2898.79         3572.12         4676.01  
    0.406       304.24          2201.25        2913.92         3557.14         4694.45  
    0.413       306.77          2205.50        2901.12         3536.12         4644.16  
    0.419       310.26          2215.47        2903.42         3576.59         4644.04  
    0.425       312.55          2226.59        2927.63         3611.84         4637.92  
    0.431       311.95          2233.77        2927.79         3624.96         4641.57  
    0.438       311.12          2227.94        2885.73         3645.08         4662.94  
    0.444       311.08          2230.11        2855.13         3675.21         4696.34  
    0.450       310.33          2241.45        2859.44         3684.42         4701.22  
    0.456       309.43          2238.33        2869.65         3664.69         4688.40  
    0.463       309.69          2231.22        2853.66         3654.72         4719.75  
    0.469       311.88          2226.63        2844.70         3667.51         4708.05  
    0.475       316.02          2220.25        2870.71         3677.05         4644.28  
    0.481       318.54          2220.56        2901.01         3689.91         4558.99  
    0.488       317.56          2233.55        2910.41         3718.32         4534.16  
    0.494       316.47          2245.20        2894.88         3730.59         4591.69  
    0.500       314.73          2250.97        2905.67         3714.84         4660.75  
    0.506       312.33          2258.83        2906.90         3711.06         4639.37  
    0.513       310.25          2264.57        2914.20         3689.47         4534.30  
    0.519       310.97          2273.58        2941.82         3658.25         4474.30  
    0.525       309.39          2290.40        2948.58         3689.21         4492.01  
    0.531       302.37          2297.87        2965.76         3724.82         4524.85  
    0.537       301.97          2301.76        2984.36         3769.46         4570.00  
    0.544       305.02          2308.60        2981.39         3828.54         4654.18  
    0.550       309.13          2319.90        2987.87         3923.02         4653.05  
    0.556       310.33          2317.68        2999.66         4090.09         4461.39  
    0.562       308.05          2296.40        3062.44         4045.44         4459.77  
    0.569       311.91          2280.83        3111.12         3991.84         4476.45  
    0.575       322.43          2279.42        3084.52         3981.85         4463.06  
    0.581       328.53          2275.23        3051.25         3940.57         4481.29  
    0.588       329.48          2274.12        3061.74         4112.58         4341.72  
    0.594       332.08          2282.09        3065.36         4250.25         4412.10  
    0.600       335.24          2292.78        3079.00         4288.54         5147.63  
    0.606       336.30          2302.66        3134.38         4298.44         5500.00  
    0.613       331.40          2312.93        3192.07         4299.21         5042.14  
    0.619       320.07          2320.46        3213.36         4147.92         4474.44  
    0.625       309.54          2304.90        3130.60         4174.90         4275.28  
    0.631       302.32          2281.23        3051.68         4126.36         4261.37  
    0.638       290.83          2278.24        3080.82         4173.18         4275.06  
    0.644       274.76          2289.99        3095.51         4205.49         4645.57  
    0.650       268.41          2304.23        3037.33         4188.89         4879.60  
    0.656       288.52          2322.31        2992.17         4206.47         5290.19  
    0.663       316.63          2344.05        3004.61         4239.44         5500.00  
    0.669       320.61          2367.25        3076.39         4252.86         5191.15  
    0.675       300.65          2373.81        3123.07         4240.94         5117.88  
    0.681       281.44          2353.62        3077.57         4241.16         5383.80  
    0.688       275.15          2324.61        3008.59         4248.95         5500.00  
    0.694       291.59          2316.81        2949.49         4242.29         5500.00  
    0.700       315.95          2320.15        2974.43         4217.15         5500.00  
    0.706       303.72          2331.86        3014.50         4208.30         5500.00  
    0.713       275.60          2347.19        3000.01         4223.52         5500.00  
    0.719       266.05          2360.88        2980.30         4228.48         5500.00  
    0.725       276.42          2375.89        2872.01         4218.43         4732.40  
    0.731       293.92          2395.46        2815.24         4217.15         4272.86  
    0.738       300.11          2387.74        2843.12         4233.22         4567.18  
    0.744       299.13          2383.31        2944.75         4234.74         5233.74  
    0.750       293.30          2354.36        3008.53         4218.20         5106.06  
    0.756       291.81          2338.38        2946.64         4190.27         4625.17  
    0.763       298.59          2353.76        2886.69         4199.52         4348.88  
    0.769       292.66          2368.90        2871.08         4228.93         4260.96  
    0.775       289.19          2383.32        2777.94         4242.95         4470.81  
    0.781       292.14          2404.16        2718.87         4254.24         4496.23  
    