0.025       0          277.76        2755.09         3561.73         4095.94  
    0.031       124.15          858.07        3031.71         3614.50         4212.97  
    0.038       227.60          1324.82        3294.27         3660.42         4287.09  
    0.044       237.10          1315.57        3418.58         3795.92         4412.63  
    0.050       237.15          1284.55        3388.36         3914.91         4507.96  
    0.056       189.87          1223.37        3211.32         3844.41         4422.86  
    0.062       70.08          537.57        1917.53         3443.54         4034.43  
    0.069       0          289.84        2148.14         3431.58         3981.87  
    0.075       125.54          1734.07        3252.89         3718.70         4221.87  
    0.081       240.84          2777.63        3220.95         3826.30         4297.98  
    0.088       272.10          2765.26        3409.78         3876.32         4233.49  
    0.094       130.40          1394.28        3066.09         3794.08         4166.75  
    0.100       0          311.09        2545.32         3681.47         4174.67  
    0.106       173.72          1306.46        2536.11         3788.45         4245.02  
    0.113       318.71          1622.01        2582.38         3926.11         4366.74  
    0.119       322.16          1175.13        2645.79         3948.25         4421.31  
    0.125       323.86          1451.75        2660.54         3979.54         4404.10  
    0.131       324.21          2088.61        2575.45         3978.38         4416.12  
    0.138       146.03          1261.09        2442.67         3929.41         4409.81  
    0.144       0          322.44        2380.03         3943.00         4393.46  
    0.150       0          320.15        2418.34         4007.16         4421.79  
    0.156       0          319.42        2437.94         4023.84         4440.35  
    0.163       0          319.10        2455.98         3978.87         4342.36  
    0.169       0          319.89        2526.93         3924.43         4290.51  
    0.175       0          319.73        2554.87         3883.25         4292.74  
    0.181       0          315.89        2582.01         3866.89         4238.84  
    0.188       0          314.53        2626.96         3914.78         4193.73  
    0.194       0          314.68        2639.05         3917.22         4207.51  
    0.200       0          313.33        2669.85         3884.17         4212.94  
    0.206       0          313.75        2665.13         3912.44         4237.81  
    0.213       0          313.55        2658.84         4049.93         4434.16  
    0.219       0          312.51        2665.52         4107.25         4376.12  
    0.225       0          309.78        2695.48         4037.36         4353.85  
    0.231       166.17          1659.70        2795.46         4068.38         4282.94  
    0.238       136.27          1412.19        2768.67         3983.83         4134.60  
    0.244       0          297.13        2690.56         3871.94         4152.38  
    0.250       0          290.11        2680.97         3873.90         4186.38  
    0.256       155.18          1598.76        3372.55         4027.74         4254.81  
    0.263       282.98          2693.74        3866.39         4100.11         4205.19  
    0.269       279.61          2704.38        3854.84         3989.06         4168.49  
    0.275       269.70          2703.90        3883.17         4033.30         4213.59  
    0.281       261.53          2696.49        3879.31         4180.61         4438.87  
    0.288       256.42          2720.10        3892.80         4220.78         4698.29  
    0.294       255.30          2778.83        3892.12         4173.45         4883.42  
    0.300       256.52          2847.46        3881.92         4150.39         5265.24  
    0.306       255.59          2913.46        3886.47         4207.56         5500.00  
    0.312       256.73          2931.62        3903.01         4280.86         5500.00  
    0.319       256.12          2889.76        3944.56         4240.23         5012.63  
    0.325       240.50          2832.81        3954.55         4148.71         5100.33  
    0.331       183.52          2777.31        3908.86         4125.88         5500.00  
    0.338       65.81          1239.29        3244.00         3993.98         4741.05  
    0.344       0          0        2725.28         3874.16         4116.07  
    0.350       84.37          1525.37        3359.55         4012.24         4875.49  
    0.356       204.52          2777.98        3891.15         4126.11         5500.00  
    0.363       253.80          2799.34        3897.97         4123.68         5500.00  
    0.369       254.48          2840.43        3887.31         4136.14         5500.00  
    0.375       247.64          2868.74        3879.04         4170.65         5280.80  
    0.381       239.13          2839.47        3883.25         4158.37         5320.24  
    0.388       207.80          2764.21        3876.48         4098.56         5500.00  
    0.394       201.61          2683.50        3920.57         4039.94         4922.00  
    0.400       220.46          2607.83        3920.23         4113.59         4448.50  
    0.406       236.27          2589.20        3885.80         4191.82         4327.60  
    