0.025       0          265.04        1815.97         2847.38         3733.96  
    0.031       221.29          1458.89        2531.11         3538.21         5096.33  
    0.038       301.51          1798.07        2727.26         3734.15         4909.49  
    0.044       312.42          1805.60        2739.53         3681.65         4765.92  
    0.050       315.66          1859.05        2754.35         3672.24         4774.53  
    0.056       326.43          1896.82        2736.12         3717.63         4886.31  
    0.062       351.28          1936.98        2716.44         3738.22         4949.40  
    0.069       368.36          1954.68        2733.91         3743.50         4556.18  
    0.075       375.98          2017.23        2779.11         3765.06         4359.38  
    0.081       377.78          2147.20        2721.87         3825.00         4127.32  
    0.088       380.73          2196.72        2691.07         3812.09         4091.55  
    0.094       384.27          2170.69        2615.34         3805.07         3988.23  
    0.100       384.06          2128.18        2569.48         3817.52         3915.58  
    0.106       383.93          2149.91        2633.23         3826.49         3903.00  
    0.113       385.24          2175.05        2710.53         3886.32         3942.92  
    0.119       386.00          2194.62        2744.28         3840.90         4097.94  
    0.125       385.41          2210.65        2767.61         3761.41         4211.62  
    0.131       382.61          2216.68        2766.53         3732.52         4070.22  
    0.138       382.12          2222.76        2763.70         3736.56         3885.68  
    0.144       382.48          2230.51        2754.18         3661.47         3942.24  
    0.150       382.00          2242.67        2772.62         3655.98         3969.02  
    0.156       383.54          2250.71        2795.70         3642.85         3963.22  
    0.163       386.57          2256.07        2802.13         3603.45         3961.44  
    0.169       386.72          2261.03        2802.66         3594.75         3960.14  
    0.175       385.78          2272.80        2846.22         3683.03         3997.05  
    0.181       384.91          2277.29        2892.30         3744.03         4132.61  
    0.188       384.79          2282.01        2905.11         3774.93         4104.36  
    0.194       381.58          2290.15        2916.78         3803.43         3977.74  
    0.200       376.42          2283.26        2894.10         3738.01         3935.10  
    0.206       374.80          2274.88        2873.51         3663.14         3978.00  
    0.213       374.44          2273.07        2875.51         3641.38         3991.85  
    0.219       374.13          2272.91        2886.32         3666.57         3967.12  
    0.225       376.80          2272.64        2882.96         3673.47         3978.89  
    0.231       376.13          2271.25        2889.22         3686.07         3990.74  
    0.238       375.05          2278.45        2933.82         3778.22         4015.28  
    0.244       376.82          2274.77        2941.97         3793.15         4083.48  
    0.250       378.45          2271.07        2925.11         3774.64         4055.04  
    0.256       380.61          2269.90        2923.96         3758.70         4071.01  
    0.263       384.28          2265.99        2923.05         3751.13         4078.84  
    0.269       386.42          2259.67        2923.07         3737.50         4052.80  
    0.275       387.13          2247.01        2910.98         3708.49         4019.83  
    0.281       386.34          2241.32        2890.71         3647.82         3993.59  
    0.288       387.15          2239.70        2904.46         3667.37         3964.83  
    0.294       388.95          2245.84        2928.44         3703.37         4039.00  
    0.300       388.91          2257.81        2928.53         3709.15         4065.56  
    0.306       390.88          2284.83        2953.76         3766.51         4250.52  
    0.312       389.78          2292.66        2961.54         3776.60         4302.84  
    0.319       384.03          2283.09        2951.63         3742.19         4186.05  
    0.325       378.79          2261.82        2907.99         3671.21         4069.66  
    0.331       376.83          2253.28        2921.13         3725.91         4029.47  
    0.338       372.83          2260.53        2957.24         3782.94         4337.03  
    0.344       368.10          2262.98        2970.15         3801.56         5002.98  
    0.350       365.42          2258.66        2972.24         3816.49         4600.00  
    0.356       362.31          2279.88        3115.33         3797.27         4146.20  
    0.363       352.74          2297.10        3073.79         3749.22         3949.97  
    0.369       337.60          2277.58        3006.32         3733.01         4013.74  
    0.375       327.96          2277.51        2977.84         3720.19         4027.61  
    0.381       323.37          2307.24        3013.39         3718.30         4053.73  
    0.388       321.21          2330.14        3064.86         3743.37         4048.06  
    0.394       324.77          2405.47        3061.51         3781.56         4604.15  
    0.400       324.64          2466.74        3152.23         3843.68         5333.19  
    