0.025       0          327.10        2035.05         2567.03         3631.17  
    0.031       0          318.42        2028.88         2544.81         3636.96  
    0.038       227.15          1536.47        2352.70         2637.84         3645.76  
    0.044       314.20          2004.65        2440.58         2771.49         3681.32  
    0.050       314.89          1999.78        2443.73         2897.56         3675.93  
    0.056       317.91          2005.92        2472.41         3038.00         3656.24  
    0.062       317.50          2005.78        2488.68         3118.08         3666.80  
    0.069       312.12          1999.48        2490.90         3160.75         3683.38  
    0.075       303.34          2005.54        2491.01         3167.40         3701.71  
    0.081       294.66          2016.46        2497.67         3159.55         3689.40  
    0.088       292.34          2015.47        2501.19         3185.78         3692.19  
    0.094       293.87          2016.47        2503.57         3199.24         3713.05  
    0.100       294.11          2016.00        2501.80         3224.78         3722.61  
    0.106       294.34          2010.59        2502.92         3319.16         3742.15  
    0.113       294.75          1999.74        2509.00         3427.94         3785.11  
    0.119       295.10          2015.89        2541.83         3543.39         4050.92  
    0.125       293.09          2051.71        2605.86         3637.29         4353.49  
    0.131       290.12          2107.25        2686.47         3688.59         4583.06  
    0.138       289.46          2146.94        2698.80         3728.99         4269.41  
    0.144       289.50          2183.96        2699.64         3643.55         3926.93  
    0.150       291.20          2260.99        2731.34         3551.55         3879.25  
    0.156       293.17          2338.80        2787.45         3519.05         3896.18  
    0.163       294.49          2387.61        2844.27         3554.99         3925.37  
    0.169       295.87          2413.68        2883.94         3531.56         4031.15  
    0.175       297.16          2426.07        2918.05         3474.48         4157.97  
    0.181       298.26          2440.36        2945.25         3472.97         4229.34  
    0.188       299.62          2455.23        2953.39         3464.10         4198.23  
    0.194       301.05          2480.74        2985.49         3411.99         4149.49  
    0.200       301.48          2520.37        3052.28         3458.11         4159.10  
    0.206       301.76          2518.59        3064.19         3472.92         4256.22  
    0.213       301.46          2507.64        3081.95         3475.18         4236.45  
    0.219       301.50          2520.92        3141.54         3529.59         4130.13  
    0.225       302.09          2531.21        3173.72         3501.04         4072.85  
    0.231       301.55          2535.44        3161.52         3475.75         4041.47  
    0.238       299.30          2529.44        3139.40         3412.35         4001.43  
    0.244       298.23          2543.25        3136.92         3457.53         3987.45  
    0.250       297.21          2563.44        3147.45         3550.31         4033.36  
    0.256       295.39          2567.04        3162.49         3507.90         4085.01  
    0.263       294.42          2578.53        3174.94         3511.13         4091.76  
    0.269       293.23          2582.33        3178.36         3633.90         4133.97  
    0.275       290.92          2571.82        3179.64         3686.74         4142.98  
    0.281       288.28          2574.95        3169.09         3666.18         4084.65  
    0.288       287.13          2581.07        3153.83         3577.56         4217.46  
    0.294       283.62          2581.36        3164.74         3488.04         4211.94  
    0.300       279.48          2575.21        3160.20         3435.30         4130.43  
    0.306       275.30          2569.36        3153.68         3429.06         4121.86  
    0.312       273.92          2562.49        3157.61         3430.27         4185.69  
    0.319       272.85          2552.26        3184.31         3475.47         4152.59  
    0.325       270.17          2546.61        3194.46         3519.82         4058.91  
    