0.025       330.92          1848.94        2483.32         2706.42         3731.50  
    0.031       330.50          1865.32        2495.39         3062.72         4034.41  
    0.038       331.71          1870.19        2501.32         3055.65         4298.35  
    0.044       335.51          1863.86        2503.96         2919.34         4359.31  
    0.050       337.35          1876.17        2518.47         2963.32         4315.58  
    0.056       337.69          1881.21        2522.31         3139.65         4386.53  
    0.062       338.03          1881.63        2520.39         3110.08         4506.23  
    0.069       339.85          1892.34        2537.71         3210.48         4485.09  
    0.075       339.23          1896.90        2548.51         3202.67         4381.07  
    0.081       337.33          1912.82        2548.98         3135.74         4287.64  
    0.088       336.62          1935.56        2547.53         3034.27         4350.42  
    0.094       340.47          1958.88        2552.42         3131.15         4313.72  
    0.100       345.04          1983.93        2558.65         3233.66         4230.56  
    0.106       349.77          2006.89        2560.15         3272.35         4393.56  
    0.113       353.02          2041.40        2577.24         3396.80         4547.50  
    0.119       355.18          2067.97        2595.02         3509.73         4882.89  
    0.125       355.70          2088.14        2596.80         3528.81         5280.74  
    0.131       352.56          2107.33        2596.00         3517.39         5099.36  
    0.138       346.43          2137.70        2594.84         3514.03         4902.10  
    0.144       337.81          2173.33        2605.23         3496.09         4838.25  
    0.150       330.69          2204.54        2623.60         3540.72         4969.23  
    0.156       326.71          2240.05        2667.50         3631.08         4909.31  
    0.163       324.12          2266.32        2709.29         3680.47         4874.48  
    0.169       324.72          2285.17        2752.22         3665.55         4986.40  
    0.175       323.45          2298.61        2759.84         3657.92         4958.25  
    0.181       321.97          2313.21        2793.75         3649.49         4866.50  
    0.188       319.98          2329.06        2825.63         3681.55         4832.93  
    0.194       315.27          2352.83        2792.00         3653.69         4812.88  
    0.200       314.33          2371.72        2728.75         3647.45         4839.39  
    0.206       313.90          2381.21        2800.32         3636.89         4877.40  
    0.213       311.72          2387.20        2903.71         3637.21         4894.82  
    0.219       307.72          2391.90        2969.14         3680.40         4895.51  
    0.225       306.09          2395.86        3001.97         3673.84         4906.88  
    0.231       306.01          2399.03        2912.95         3642.25         4869.60  
    0.238       304.20          2395.10        2785.81         3629.74         4806.42  
    0.244       301.10          2400.99        2832.25         3617.90         4868.44  
    0.250       298.22          2402.53        2865.84         3616.25         4881.98  
    0.256       295.93          2402.75        2859.85         3612.16         4844.62  
    0.263       292.62          2412.57        2900.41         3598.46         4782.16  
    0.269       290.86          2419.61        2950.27         3609.86         4789.01  
    0.275       290.91          2450.19        3167.67         3601.67         4837.46  
    0.281       291.02          2459.34        3151.06         3609.35         4829.44  
    0.288       290.94          2490.06        3373.72         3486.00         4803.63  
    0.294       291.27          2492.04        3318.37         3621.14         4779.06  
    0.300       292.12          2450.23        3128.58         3650.67         4771.57  
    0.306       294.62          2433.23        3133.90         3651.66         4796.21  
    0.312       294.25          2440.51        3221.55         3751.66         4763.05  
    0.319       294.14          2445.86        3271.48         3645.97         4723.96  
    0.325       296.57          2454.31        3272.50         3892.56         4734.97  
    0.331       296.78          2459.67        3232.64         3821.31         4810.34  
    0.338       295.58          2464.05        3201.30         3973.59         4873.45  
    0.344       294.65          2467.94        3223.57         4036.32         4817.75  
    0.350       293.95          2465.50        3227.72         3917.20         4766.03  
    0.356       292.87          2459.90        3201.73         3687.78         4838.13  
    0.363       293.97          2468.60        3274.91         3564.93         4917.18  
    0.369       293.88          2476.69        3230.37         3750.17         4839.54  
    0.375       293.30          2462.18        3157.06         3924.39         4775.19  
    0.381       292.78          2459.99        3091.55         3854.00         4688.34  
    0.388       291.09          2466.11        2921.31         3824.67         4612.11  
    