0.025       396.50          1919.20        2581.82         3699.06         4064.46  
    0.031       397.69          1986.65        2584.44         3700.01         4051.15  
    0.038       398.72          2071.93        2556.32         3699.08         4036.79  
    0.044       400.71          2096.10        2511.37         3685.24         4016.51  
    0.050       402.05          2070.15        2466.20         3681.41         4009.33  
    0.056       402.10          2072.95        2475.35         3673.22         3994.43  
    0.062       403.22          2105.76        2520.94         3650.41         3984.24  
    0.069       404.63          2132.69        2558.81         3623.64         3956.85  
    0.075       405.75          2160.98        2596.95         3610.53         3981.96  
    0.081       407.49          2181.98        2629.39         3592.55         3977.29  
    0.088       410.59          2193.79        2654.38         3554.58         3908.70  
    0.094       414.99          2207.46        2677.89         3551.37         3914.90  
    0.100       416.14          2225.08        2705.64         3573.64         3947.09  
    0.106       418.93          2233.41        2715.18         3561.93         3941.55  
    0.113       423.13          2241.22        2734.97         3553.30         3945.25  
    0.119       423.92          2250.08        2759.36         3565.44         3953.48  
    0.125       423.53          2254.80        2766.50         3570.45         3939.81  
    0.131       422.43          2254.91        2770.04         3577.65         3913.14  
    0.138       421.31          2255.29        2781.12         3588.09         3936.69  
    0.144       419.14          2264.44        2791.22         3594.04         3955.36  
    0.150       414.93          2267.04        2792.23         3594.65         3940.53  
    0.156       413.21          2263.82        2807.35         3604.66         3955.92  
    0.163       412.64          2264.45        2829.62         3614.59         3983.61  
    0.169       409.98          2264.46        2845.81         3622.32         3971.55  
    0.175       410.52          2264.08        2852.42         3630.15         3962.18  
    0.181       411.55          2262.75        2848.85         3635.54         3981.28  
    0.188       408.11          2260.22        2847.47         3635.74         3964.70  
    0.194       405.85          2255.80        2848.24         3647.25         3960.07  
    0.200       407.74          2252.38        2848.63         3656.24         3970.39  
    0.206       409.37          2253.70        2856.47         3650.59         3978.90  
    0.213       412.81          2250.82        2858.74         3636.52         3976.86  
    0.219       417.02          2244.74        2854.78         3615.42         3972.98  
    0.225       420.03          2236.84        2855.80         3599.54         3961.93  
    0.231       421.77          2233.54        2863.46         3591.15         3966.03  
    0.238       422.45          2232.23        2862.12         3568.73         3951.00  
    0.244       420.55          2229.77        2866.63         3557.73         3928.09  
    0.250       417.78          2233.19        2870.81         3562.95         3946.31  
    0.256       417.71          2247.62        2865.07         3562.07         3940.93  
    0.263       417.76          2264.19        2858.12         3565.38         3921.28  
    0.269       413.98          2266.63        2851.37         3582.63         3926.65  
    0.275       409.24          2255.30        2843.36         3583.68         3963.27  
    0.281       406.11          2243.48        2841.59         3562.50         3967.10  
    0.288       402.96          2243.22        2854.95         3552.11         3907.11  
    0.294       397.29          2248.62        2885.59         3584.59         3862.84  
    0.300       392.29          2236.37        2849.16         3639.21         3922.82  
    0.306       387.63          2208.01        2766.31         3649.31         4009.40  
    0.312       380.53          2221.98        2794.79         3641.35         4002.67  
    0.319       368.96          2244.76        2897.20         3657.77         4003.72  
    0.325       356.30          2243.43        2940.69         3669.12         4008.63  
    