0.025       0          314.22        2005.04         3048.97         3905.42  
    0.031       0          300.72        2145.55         3121.73         3851.98  
    0.038       0          285.24        2093.97         3227.65         3808.00  
    0.044       172.53          1221.10        2748.98         3587.17         4799.47  
    0.050       289.94          1868.17        3274.58         3773.05         5500.00  
    0.056       280.32          1872.75        3274.44         3781.41         5500.00  
    0.062       280.52          1962.33        3260.35         3819.62         5500.00  
    0.069       291.21          2098.01        3241.54         3819.85         5143.77  
    0.075       299.48          2137.90        3212.37         3828.02         4679.35  
    0.081       307.41          2141.51        3149.71         3878.86         4354.91  
    0.088       315.50          2155.67        2943.53         3929.79         4132.65  
    0.094       318.54          2127.17        2770.27         3963.92         4179.75  
    0.100       317.83          2149.87        2724.78         3989.53         4335.37  
    0.106       316.09          2205.36        2713.12         3974.36         4426.11  
    0.113       314.49          2231.22        2714.71         3967.84         4426.19  
    0.119       312.56          2286.92        2737.30         3988.36         4383.13  
    0.125       310.10          2367.12        2762.46         3968.80         4362.50  
    0.131       308.11          2387.83        2773.21         3921.94         4438.42  
    0.138       306.28          2392.49        2773.20         3921.78         4518.62  
    0.144       304.35          2410.55        2778.19         3999.80         4540.95  
    0.150       302.69          2414.04        2799.32         4046.00         4559.18  
    0.156       301.74          2436.86        2791.39         4041.57         4542.58  
    0.163       301.02          2505.07        2801.76         4052.45         4924.09  
    0.169       299.92          2440.85        2830.03         4053.20         5071.51  
    0.175       299.49          2218.61        2830.25         4016.84         4816.07  
    0.181       298.80          2171.23        2836.29         3998.26         4721.28  
    0.188       297.10          2287.23        2848.08         4026.83         4786.16  
    0.194       295.49          2274.54        2834.00         4055.25         4859.19  
    0.200       295.54          2249.13        2821.25         4045.17         4872.14  
    0.206       296.18          2178.46        2801.11         4046.64         4737.37  
    0.213       295.96          2146.14        2760.41         4044.17         4812.45  
    0.219       295.07          2176.28        2727.97         4010.74         4948.99  
    0.225       295.52          2251.17        2740.31         4033.42         4825.05  
    0.231       296.48          2280.14        2785.02         3995.26         4649.33  
    0.238       295.87          2186.03        2797.84         3917.65         4655.96  
    0.244       295.68          2198.35        2816.55         3933.90         4661.19  
    0.250       295.29          2322.61        2842.67         3991.38         4834.33  
    0.256       295.75          2261.83        2819.38         3949.24         4912.00  
    0.263       296.32          2155.77        2803.51         3924.50         4879.81  
    0.269       297.69          2181.22        2800.11         3966.64         4993.41  
    0.275       299.52          2341.01        2773.19         3986.27         5241.16  
    0.281       300.19          2450.13        2866.44         4026.23         5443.60  
    0.288       301.59          2312.89        2935.22         4053.57         5195.71  
    0.294       304.35          2236.32        2923.39         4045.09         5149.87  
    0.300       308.18          2235.40        2888.57         4018.61         5154.69  
    0.306       310.86          2153.59        2899.64         3996.57         4951.52  
    0.312       313.18          2170.51        3000.54         4011.56         5011.78  
    0.319       315.93          2223.82        3079.76         4013.36         4981.64  
    0.325       317.27          2247.15        3112.21         4000.93         4786.05  
    0.331       312.95          2281.06        3145.28         3977.30         4757.75  
    0.338       298.99          2428.75        2992.48         3967.83         4844.13  
    0.344       120.32          1208.01        2802.50         3935.20         4749.55  
    0.350       158.99          1176.90        2776.18         3949.66         4749.86  
    0.356       269.19          2006.07        2812.90         3971.73         4934.74  
    0.363       269.21          2246.78        2870.28         3928.77         5300.97  
    0.369       111.51          1116.41        2557.91         3842.45         4801.13  
    0.375       0          269.79        2329.01         3807.88         4267.77  
    0.381       0          264.05        2317.60         3827.54         4390.21  
    0.388       0          264.18        2269.32         3838.94         4571.59  
    0.394       0          250.34        2258.35         3819.86         4645.71  
    