0.025       345.56          1725.16        2949.20         3459.72         4613.15  
    0.031       352.44          1710.57        3058.44         3685.21         4501.07  
    0.038       365.54          1701.49        3108.99         3859.48         4636.72  
    0.044       372.82          1725.80        3040.51         3761.86         4702.71  
    0.050       375.12          1762.85        2953.54         3719.19         4520.54  
    0.056       377.19          1775.39        2873.41         3817.21         4510.98  
    0.062       372.43          1776.63        2851.10         3798.31         4630.91  
    0.069       372.22          1788.88        2842.13         3769.38         4787.20  
    0.075       375.58          1812.03        2821.32         3758.64         5225.82  
    0.081       378.13          1842.38        2819.29         3751.89         5500.00  
    0.088       377.52          1868.96        2836.98         3787.35         5500.00  
    0.094       162.88          1030.63        2323.47         3266.68         4529.68  
    0.100       0          385.53        1942.62         2855.43         3746.12  
    0.106       0          389.57        1968.27         2867.87         3702.22  
    0.113       0          390.84        1984.78         2884.15         3708.03  
    0.119       220.98          1298.41        2494.13         3360.50         4728.20  
    0.125       391.02          1993.69        2894.62         3762.54         5340.14  
    0.131       394.54          1982.06        2851.01         3802.21         5051.29  
    0.138       396.83          1961.75        2824.61         3808.69         4865.14  
    0.144       395.37          1984.13        2861.91         3953.95         4714.53  
    0.150       394.38          1993.28        2809.20         3877.88         4716.63  
    0.156       392.63          1976.51        2813.27         3712.69         4777.50  
    0.163       388.87          1962.74        2852.64         3688.12         4736.61  
    0.169       387.59          1972.65        2876.98         3701.58         4779.23  
    0.175       388.71          2017.94        2952.87         3518.64         4884.36  
    0.181       388.39          2067.74        3029.51         3374.01         4798.70  
    0.188       384.64          2071.09        3063.13         3458.93         4588.10  
    0.194       384.78          2053.57        2976.58         3272.24         4573.88  
    0.200       386.05          2043.33        2978.89         3188.07         4669.81  
    0.206       167.16          1102.12        2453.98         3096.20         4292.85  
    0.213       217.98          1309.55        2572.74         3733.92         4841.65  
    0.219       383.87          2039.38        3039.45         3985.79         5500.00  
    0.225       384.25          2079.04        2881.43         3406.47         5500.00  
    0.231       166.96          1126.80        2365.45         2954.60         4240.95  
    0.238       0          385.62        2082.06         2856.13         3380.65  
    0.244       0          388.18        2083.98         2916.41         3524.62  
    0.250       0          389.65        2077.27         2928.59         3566.68  
    0.256       0          385.83        2067.07         2940.57         3529.72  
    0.263       0          382.30        2057.18         2953.66         3491.65  
    0.269       0          381.84        2065.40         2955.07         3442.39  
    0.275       0          383.29        2079.70         2963.26         3510.71  
    0.281       218.45          1343.75        2607.50         3113.81         3659.18  
    0.288       389.45          2073.28        3002.17         3202.34         3728.79  
    0.294       392.86          2068.22        2981.97         3470.31         3821.51  
    0.300       397.53          2063.77        2978.41         3537.73         3806.42  
    0.306       406.38          2060.51        2991.00         3366.75         3774.68  
    0.312       415.41          2059.54        2998.33         3455.22         3788.42  
    0.319       420.37          2055.77        2985.74         3628.91         3773.44  
    0.325       427.27          2045.99        2965.93         3715.02         3830.95  
    0.331       431.50          2036.61        2961.28         3727.05         4028.34  
    0.338       428.08          2037.24        2975.86         3570.08         3934.04  
    0.344       184.54          1124.89        2436.87         3181.70         3788.88  
    0.350       0          419.80        2015.70         2986.69         3827.16  
    0.356       0          406.30        2069.90         3070.26         3828.39  
    0.363       0          390.11        2095.79         3144.59         3804.92  
    0.369       0          384.49        2092.14         3137.88         3887.11  
    0.375       0          379.12        2066.87         3090.21         3879.29  
    0.381       0          383.19        2020.41         3052.32         3809.75  
    0.388       0          395.14        2010.71         3051.61         3798.35  
    0.394       0          382.30        1998.64         2992.91         3675.43  
    0.400       0          373.14        1997.59         2946.89         3589.39  
    0.406       0          379.73        1974.29         2929.02         3566.74  
    0.413       0          381.97        1959.53         2931.90         3582.17  
    0.419       0          389.89        1954.84         2965.64         3625.14  
    0.425       213.73          1270.84        2084.39         3155.69         3917.82  
    0.431       382.15          1831.39        2087.70         3264.21         3951.31  
    0.438       382.29          1807.31        2010.16         3190.58         4012.43  
    0.444       392.85          1931.98        2598.70         3315.80         4921.50  
    0.450       174.74          1097.03        2452.60         3172.74         4430.82  
    